2: [18, 35, 52]
4: [11, 21, 32, 42, 52]
6: [8, 16, 23, 30, 37, 45, 52]
8: [7, 12, 18, 24, 29, 35, 41, 46, 52]
12: [5, 9, 13, 17, 21, 25, 28, 32, 36, 40, 44, 48, 52]
16: [4, 7, 10, 13, 16, 19, 22, 25, 28, 31, 34, 37, 40, 43, 46, 49, 52]
26: [3, 5, 7, 9, 10, 12, 14, 16, 18, 20, 22, 24, 26, 27, 29, 31, 33, 35, 37, 39, 41, 43, 44, 46, 48, 50, 52]
36: [2, 4, 5, 7, 8, 9, 11, 12, 13, 15, 16, 18, 19, 20, 22, 23, 24, 26, 27, 29, 30, 31, 33, 34, 35, 37, 38, 40, 41, 42, 44, 45, 46, 48, 49, 51, 52]
52: [2, 3, 4, 5, 6, 7, 8, 9, 10, 11, 12, 13, 14, 15, 16, 17, 18, 19, 20, 21, 22, 23, 24, 25, 26, 27, 28, 29, 30, 31, 32, 33, 34, 35, 36, 37, 38, 39, 40, 41, 42, 43, 44, 45, 46, 47, 48, 49, 50, 51, 52]

2: [21, 42]
4: [11, 21, 42, 52]
8: [5, 11, 16, 21, 32, 37, 42, 52]
16: [5, 8, 11, 13, 16, 19, 21, 26, 29, 32, 35, 37, 40, 42, 47, 52]
32: [2, 4, 5, 7, 8, 10, 11, 13, 14, 16, 17, 19, 20, 21, 23, 24, 26, 28, 29, 31, 32, 34, 35, 37, 39, 40, 42, 44, 47, 49, 50, 52]


8_v2: [9, 13, 15, 18, 28, 33, 48, 44]
which is highest, lowest per season (Winter Jan-Mar, ...)