scenario,year,week,hour,node,dual_value
mean,2025,11,0,ES1 0,0.0
mean,2025,11,1,ES1 0,0.0
mean,2025,11,2,ES1 0,0.0
mean,2025,11,3,ES1 0,0.0
mean,2025,11,4,ES1 0,0.0
mean,2025,11,5,ES1 0,0.0
mean,2025,11,6,ES1 0,0.0
mean,2025,11,7,ES1 0,0.0
mean,2025,11,8,ES1 0,0.0
mean,2025,11,9,ES1 0,0.0
mean,2025,11,10,ES1 0,0.0
mean,2025,11,11,ES1 0,0.0
mean,2025,11,12,ES1 0,0.0
mean,2025,11,13,ES1 0,0.0
mean,2025,11,14,ES1 0,0.0
mean,2025,11,15,ES1 0,0.0
mean,2025,11,16,ES1 0,0.0
mean,2025,11,17,ES1 0,0.0
mean,2025,11,18,ES1 0,0.0
mean,2025,11,19,ES1 0,0.0
mean,2025,11,20,ES1 0,0.0
mean,2025,11,21,ES1 0,0.0
mean,2025,11,22,ES1 0,0.0
mean,2025,11,23,ES1 0,0.0
mean,2025,11,24,ES1 0,0.0
mean,2025,11,25,ES1 0,0.0
mean,2025,11,26,ES1 0,0.0
mean,2025,11,27,ES1 0,0.0
mean,2025,11,28,ES1 0,0.0
mean,2025,11,29,ES1 0,0.0
mean,2025,11,30,ES1 0,0.0
mean,2025,11,31,ES1 0,0.0
mean,2025,11,32,ES1 0,0.0
mean,2025,11,33,ES1 0,0.0
mean,2025,11,34,ES1 0,0.0
mean,2025,11,35,ES1 0,0.0
mean,2025,11,36,ES1 0,0.0
mean,2025,11,37,ES1 0,0.0
mean,2025,11,38,ES1 0,0.0
mean,2025,11,39,ES1 0,0.0
mean,2025,11,40,ES1 0,0.0
mean,2025,11,41,ES1 0,0.0
mean,2025,11,42,ES1 0,0.0
mean,2025,11,43,ES1 0,0.0
mean,2025,11,44,ES1 0,0.0
mean,2025,11,45,ES1 0,0.0
mean,2025,11,46,ES1 0,0.0
mean,2025,11,47,ES1 0,0.0
mean,2025,11,48,ES1 0,0.0
mean,2025,11,49,ES1 0,0.0
mean,2025,11,50,ES1 0,0.0
mean,2025,11,51,ES1 0,0.0
mean,2025,11,52,ES1 0,0.0
mean,2025,11,53,ES1 0,0.0
mean,2025,11,54,ES1 0,0.0
mean,2025,11,55,ES1 0,0.0
mean,2025,11,56,ES1 0,0.0
mean,2025,11,57,ES1 0,0.0
mean,2025,11,58,ES1 0,0.0
mean,2025,11,59,ES1 0,0.0
mean,2025,11,60,ES1 0,0.0
mean,2025,11,61,ES1 0,0.0
mean,2025,11,62,ES1 0,0.0
mean,2025,11,63,ES1 0,0.0
mean,2025,11,64,ES1 0,0.0
mean,2025,11,65,ES1 0,0.0
mean,2025,11,66,ES1 0,0.0
mean,2025,11,67,ES1 0,0.0
mean,2025,11,68,ES1 0,0.0
mean,2025,11,69,ES1 0,0.0
mean,2025,11,70,ES1 0,0.0
mean,2025,11,71,ES1 0,0.0
mean,2025,11,72,ES1 0,0.0
mean,2025,11,73,ES1 0,0.0
mean,2025,11,74,ES1 0,0.0
mean,2025,11,75,ES1 0,0.0
mean,2025,11,76,ES1 0,0.0
mean,2025,11,77,ES1 0,0.0
mean,2025,11,78,ES1 0,0.0
mean,2025,11,79,ES1 0,0.0
mean,2025,11,80,ES1 0,0.0
mean,2025,11,81,ES1 0,0.0
mean,2025,11,82,ES1 0,0.0
mean,2025,11,83,ES1 0,0.0
mean,2025,11,84,ES1 0,0.0
mean,2025,11,85,ES1 0,0.0
mean,2025,11,86,ES1 0,0.0
mean,2025,11,87,ES1 0,0.0
mean,2025,11,88,ES1 0,0.0
mean,2025,11,89,ES1 0,0.0
mean,2025,11,90,ES1 0,0.0
mean,2025,11,91,ES1 0,0.0
mean,2025,11,92,ES1 0,0.0
mean,2025,11,93,ES1 0,0.0
mean,2025,11,94,ES1 0,0.0
mean,2025,11,95,ES1 0,0.0
mean,2025,11,96,ES1 0,0.0
mean,2025,11,97,ES1 0,0.0
mean,2025,11,98,ES1 0,0.0
mean,2025,11,99,ES1 0,0.0
mean,2025,11,100,ES1 0,0.0
mean,2025,11,101,ES1 0,0.0
mean,2025,11,102,ES1 0,0.0
mean,2025,11,103,ES1 0,0.0
mean,2025,11,104,ES1 0,0.0
mean,2025,11,105,ES1 0,0.0
mean,2025,11,106,ES1 0,0.0
mean,2025,11,107,ES1 0,0.0
mean,2025,11,108,ES1 0,0.0
mean,2025,11,109,ES1 0,0.0
mean,2025,11,110,ES1 0,0.0
mean,2025,11,111,ES1 0,0.0
mean,2025,11,112,ES1 0,0.0
mean,2025,11,113,ES1 0,0.0
mean,2025,11,114,ES1 0,0.0
mean,2025,11,115,ES1 0,0.0
mean,2025,11,116,ES1 0,0.0
mean,2025,11,117,ES1 0,0.0
mean,2025,11,118,ES1 0,0.0
mean,2025,11,119,ES1 0,0.0
mean,2025,11,120,ES1 0,0.0
mean,2025,11,121,ES1 0,0.0
mean,2025,11,122,ES1 0,0.0
mean,2025,11,123,ES1 0,0.0
mean,2025,11,124,ES1 0,0.0
mean,2025,11,125,ES1 0,0.0
mean,2025,11,126,ES1 0,0.0
mean,2025,11,127,ES1 0,0.0
mean,2025,11,128,ES1 0,0.0
mean,2025,11,129,ES1 0,0.0
mean,2025,11,130,ES1 0,0.0
mean,2025,11,131,ES1 0,0.0
mean,2025,11,132,ES1 0,0.0
mean,2025,11,133,ES1 0,0.0
mean,2025,11,134,ES1 0,0.0
mean,2025,11,135,ES1 0,0.0
mean,2025,11,136,ES1 0,0.0
mean,2025,11,137,ES1 0,0.0
mean,2025,11,138,ES1 0,0.0
mean,2025,11,139,ES1 0,0.0
mean,2025,11,140,ES1 0,0.0
mean,2025,11,141,ES1 0,0.0
mean,2025,11,142,ES1 0,0.0
mean,2025,11,143,ES1 0,0.0
mean,2025,11,144,ES1 0,0.0
mean,2025,11,145,ES1 0,0.0
mean,2025,11,146,ES1 0,0.0
mean,2025,11,147,ES1 0,0.0
mean,2025,11,148,ES1 0,0.0
mean,2025,11,149,ES1 0,0.0
mean,2025,11,150,ES1 0,0.0
mean,2025,11,151,ES1 0,0.0
mean,2025,11,152,ES1 0,0.0
mean,2025,11,153,ES1 0,0.0
mean,2025,11,154,ES1 0,0.0
mean,2025,11,155,ES1 0,0.0
mean,2025,11,156,ES1 0,0.0
mean,2025,11,157,ES1 0,0.0
mean,2025,11,158,ES1 0,0.0
mean,2025,11,159,ES1 0,0.0
mean,2025,11,160,ES1 0,0.0
mean,2025,11,161,ES1 0,0.0
mean,2025,11,162,ES1 0,0.0
mean,2025,11,163,ES1 0,0.0
mean,2025,11,164,ES1 0,0.0
mean,2025,11,165,ES1 0,0.0
mean,2025,11,166,ES1 0,0.0
mean,2025,11,167,ES1 0,0.0
mean,2025,21,0,ES1 0,0.0
mean,2025,21,1,ES1 0,0.0
mean,2025,21,2,ES1 0,0.0
mean,2025,21,3,ES1 0,0.0
mean,2025,21,4,ES1 0,0.0
mean,2025,21,5,ES1 0,0.0
mean,2025,21,6,ES1 0,0.0
mean,2025,21,7,ES1 0,0.0
mean,2025,21,8,ES1 0,0.0
mean,2025,21,9,ES1 0,0.0
mean,2025,21,10,ES1 0,0.0
mean,2025,21,11,ES1 0,0.0
mean,2025,21,12,ES1 0,0.0
mean,2025,21,13,ES1 0,0.0
mean,2025,21,14,ES1 0,0.0
mean,2025,21,15,ES1 0,0.0
mean,2025,21,16,ES1 0,0.0
mean,2025,21,17,ES1 0,0.0
mean,2025,21,18,ES1 0,0.0
mean,2025,21,19,ES1 0,0.0
mean,2025,21,20,ES1 0,0.0
mean,2025,21,21,ES1 0,0.0
mean,2025,21,22,ES1 0,0.0
mean,2025,21,23,ES1 0,0.0
mean,2025,21,24,ES1 0,0.0
mean,2025,21,25,ES1 0,0.0
mean,2025,21,26,ES1 0,0.0
mean,2025,21,27,ES1 0,0.0
mean,2025,21,28,ES1 0,0.0
mean,2025,21,29,ES1 0,0.0
mean,2025,21,30,ES1 0,0.0
mean,2025,21,31,ES1 0,0.0
mean,2025,21,32,ES1 0,0.0
mean,2025,21,33,ES1 0,0.0
mean,2025,21,34,ES1 0,0.0
mean,2025,21,35,ES1 0,0.0
mean,2025,21,36,ES1 0,0.0
mean,2025,21,37,ES1 0,0.0
mean,2025,21,38,ES1 0,0.0
mean,2025,21,39,ES1 0,0.0
mean,2025,21,40,ES1 0,0.0
mean,2025,21,41,ES1 0,0.0
mean,2025,21,42,ES1 0,0.0
mean,2025,21,43,ES1 0,0.0
mean,2025,21,44,ES1 0,0.0
mean,2025,21,45,ES1 0,0.0
mean,2025,21,46,ES1 0,0.0
mean,2025,21,47,ES1 0,0.0
mean,2025,21,48,ES1 0,0.0
mean,2025,21,49,ES1 0,0.0
mean,2025,21,50,ES1 0,0.0
mean,2025,21,51,ES1 0,0.0
mean,2025,21,52,ES1 0,0.0
mean,2025,21,53,ES1 0,0.0
mean,2025,21,54,ES1 0,0.0
mean,2025,21,55,ES1 0,0.0
mean,2025,21,56,ES1 0,0.0
mean,2025,21,57,ES1 0,0.0
mean,2025,21,58,ES1 0,0.0
mean,2025,21,59,ES1 0,0.0
mean,2025,21,60,ES1 0,0.0
mean,2025,21,61,ES1 0,0.0
mean,2025,21,62,ES1 0,0.0
mean,2025,21,63,ES1 0,0.0
mean,2025,21,64,ES1 0,0.0
mean,2025,21,65,ES1 0,0.0
mean,2025,21,66,ES1 0,0.0
mean,2025,21,67,ES1 0,0.0
mean,2025,21,68,ES1 0,0.0
mean,2025,21,69,ES1 0,0.0
mean,2025,21,70,ES1 0,0.0
mean,2025,21,71,ES1 0,0.0
mean,2025,21,72,ES1 0,0.0
mean,2025,21,73,ES1 0,0.0
mean,2025,21,74,ES1 0,0.0
mean,2025,21,75,ES1 0,0.0
mean,2025,21,76,ES1 0,0.0
mean,2025,21,77,ES1 0,0.0
mean,2025,21,78,ES1 0,0.0
mean,2025,21,79,ES1 0,0.0
mean,2025,21,80,ES1 0,0.0
mean,2025,21,81,ES1 0,0.0
mean,2025,21,82,ES1 0,0.0
mean,2025,21,83,ES1 0,0.0
mean,2025,21,84,ES1 0,0.0
mean,2025,21,85,ES1 0,0.0
mean,2025,21,86,ES1 0,0.0
mean,2025,21,87,ES1 0,0.0
mean,2025,21,88,ES1 0,0.0
mean,2025,21,89,ES1 0,0.0
mean,2025,21,90,ES1 0,0.0
mean,2025,21,91,ES1 0,0.0
mean,2025,21,92,ES1 0,0.0
mean,2025,21,93,ES1 0,0.0
mean,2025,21,94,ES1 0,0.0
mean,2025,21,95,ES1 0,0.0
mean,2025,21,96,ES1 0,0.0
mean,2025,21,97,ES1 0,0.0
mean,2025,21,98,ES1 0,0.0
mean,2025,21,99,ES1 0,0.0
mean,2025,21,100,ES1 0,0.0
mean,2025,21,101,ES1 0,0.0
mean,2025,21,102,ES1 0,0.0
mean,2025,21,103,ES1 0,0.0
mean,2025,21,104,ES1 0,0.0
mean,2025,21,105,ES1 0,0.0
mean,2025,21,106,ES1 0,0.0
mean,2025,21,107,ES1 0,0.0
mean,2025,21,108,ES1 0,0.0
mean,2025,21,109,ES1 0,0.0
mean,2025,21,110,ES1 0,0.0
mean,2025,21,111,ES1 0,0.0
mean,2025,21,112,ES1 0,0.0
mean,2025,21,113,ES1 0,0.0
mean,2025,21,114,ES1 0,0.0
mean,2025,21,115,ES1 0,0.0
mean,2025,21,116,ES1 0,0.0
mean,2025,21,117,ES1 0,0.0
mean,2025,21,118,ES1 0,0.0
mean,2025,21,119,ES1 0,0.0
mean,2025,21,120,ES1 0,0.0
mean,2025,21,121,ES1 0,0.0
mean,2025,21,122,ES1 0,0.0
mean,2025,21,123,ES1 0,0.0
mean,2025,21,124,ES1 0,0.0
mean,2025,21,125,ES1 0,0.0
mean,2025,21,126,ES1 0,0.0
mean,2025,21,127,ES1 0,0.0
mean,2025,21,128,ES1 0,0.0
mean,2025,21,129,ES1 0,0.0
mean,2025,21,130,ES1 0,0.0
mean,2025,21,131,ES1 0,0.0
mean,2025,21,132,ES1 0,0.0
mean,2025,21,133,ES1 0,0.0
mean,2025,21,134,ES1 0,0.0
mean,2025,21,135,ES1 0,0.0
mean,2025,21,136,ES1 0,0.0
mean,2025,21,137,ES1 0,0.0
mean,2025,21,138,ES1 0,0.0
mean,2025,21,139,ES1 0,0.0
mean,2025,21,140,ES1 0,0.0
mean,2025,21,141,ES1 0,0.0
mean,2025,21,142,ES1 0,0.0
mean,2025,21,143,ES1 0,0.0
mean,2025,21,144,ES1 0,0.0
mean,2025,21,145,ES1 0,0.0
mean,2025,21,146,ES1 0,0.0
mean,2025,21,147,ES1 0,0.0
mean,2025,21,148,ES1 0,0.0
mean,2025,21,149,ES1 0,0.0
mean,2025,21,150,ES1 0,0.0
mean,2025,21,151,ES1 0,0.0
mean,2025,21,152,ES1 0,0.0
mean,2025,21,153,ES1 0,0.0
mean,2025,21,154,ES1 0,0.0
mean,2025,21,155,ES1 0,0.0
mean,2025,21,156,ES1 0,0.0
mean,2025,21,157,ES1 0,0.0
mean,2025,21,158,ES1 0,0.0
mean,2025,21,159,ES1 0,0.0
mean,2025,21,160,ES1 0,0.0
mean,2025,21,161,ES1 0,0.0
mean,2025,21,162,ES1 0,0.0
mean,2025,21,163,ES1 0,0.0
mean,2025,21,164,ES1 0,0.0
mean,2025,21,165,ES1 0,0.0
mean,2025,21,166,ES1 0,0.0
mean,2025,21,167,ES1 0,0.0
mean,2025,42,0,ES1 0,0.0
mean,2025,42,1,ES1 0,0.0
mean,2025,42,2,ES1 0,0.0
mean,2025,42,3,ES1 0,0.0
mean,2025,42,4,ES1 0,0.0
mean,2025,42,5,ES1 0,0.0
mean,2025,42,6,ES1 0,0.0
mean,2025,42,7,ES1 0,0.0
mean,2025,42,8,ES1 0,0.0
mean,2025,42,9,ES1 0,0.0
mean,2025,42,10,ES1 0,0.0
mean,2025,42,11,ES1 0,0.0
mean,2025,42,12,ES1 0,0.0
mean,2025,42,13,ES1 0,0.0
mean,2025,42,14,ES1 0,0.0
mean,2025,42,15,ES1 0,0.0
mean,2025,42,16,ES1 0,0.0
mean,2025,42,17,ES1 0,0.0
mean,2025,42,18,ES1 0,0.0
mean,2025,42,19,ES1 0,0.0
mean,2025,42,20,ES1 0,0.0
mean,2025,42,21,ES1 0,0.0
mean,2025,42,22,ES1 0,0.0
mean,2025,42,23,ES1 0,0.0
mean,2025,42,24,ES1 0,0.0
mean,2025,42,25,ES1 0,0.0
mean,2025,42,26,ES1 0,0.0
mean,2025,42,27,ES1 0,0.0
mean,2025,42,28,ES1 0,0.0
mean,2025,42,29,ES1 0,0.0
mean,2025,42,30,ES1 0,0.0
mean,2025,42,31,ES1 0,0.0
mean,2025,42,32,ES1 0,0.0
mean,2025,42,33,ES1 0,0.0
mean,2025,42,34,ES1 0,0.0
mean,2025,42,35,ES1 0,0.0
mean,2025,42,36,ES1 0,0.0
mean,2025,42,37,ES1 0,0.0
mean,2025,42,38,ES1 0,0.0
mean,2025,42,39,ES1 0,0.0
mean,2025,42,40,ES1 0,0.0
mean,2025,42,41,ES1 0,0.0
mean,2025,42,42,ES1 0,0.0
mean,2025,42,43,ES1 0,0.0
mean,2025,42,44,ES1 0,0.0
mean,2025,42,45,ES1 0,0.0
mean,2025,42,46,ES1 0,0.0
mean,2025,42,47,ES1 0,0.0
mean,2025,42,48,ES1 0,0.0
mean,2025,42,49,ES1 0,0.0
mean,2025,42,50,ES1 0,0.0
mean,2025,42,51,ES1 0,0.0
mean,2025,42,52,ES1 0,0.0
mean,2025,42,53,ES1 0,0.0
mean,2025,42,54,ES1 0,0.0
mean,2025,42,55,ES1 0,0.0
mean,2025,42,56,ES1 0,0.0
mean,2025,42,57,ES1 0,0.0
mean,2025,42,58,ES1 0,0.0
mean,2025,42,59,ES1 0,0.0
mean,2025,42,60,ES1 0,0.0
mean,2025,42,61,ES1 0,0.0
mean,2025,42,62,ES1 0,0.0
mean,2025,42,63,ES1 0,0.0
mean,2025,42,64,ES1 0,0.0
mean,2025,42,65,ES1 0,0.0
mean,2025,42,66,ES1 0,0.0
mean,2025,42,67,ES1 0,0.0
mean,2025,42,68,ES1 0,0.0
mean,2025,42,69,ES1 0,0.0
mean,2025,42,70,ES1 0,0.0
mean,2025,42,71,ES1 0,0.0
mean,2025,42,72,ES1 0,0.0
mean,2025,42,73,ES1 0,0.0
mean,2025,42,74,ES1 0,0.0
mean,2025,42,75,ES1 0,0.0
mean,2025,42,76,ES1 0,0.0
mean,2025,42,77,ES1 0,0.0
mean,2025,42,78,ES1 0,0.0
mean,2025,42,79,ES1 0,0.0
mean,2025,42,80,ES1 0,0.0
mean,2025,42,81,ES1 0,0.0
mean,2025,42,82,ES1 0,0.0
mean,2025,42,83,ES1 0,0.0
mean,2025,42,84,ES1 0,0.0
mean,2025,42,85,ES1 0,0.0
mean,2025,42,86,ES1 0,0.0
mean,2025,42,87,ES1 0,0.0
mean,2025,42,88,ES1 0,0.0
mean,2025,42,89,ES1 0,0.0
mean,2025,42,90,ES1 0,0.0
mean,2025,42,91,ES1 0,0.0
mean,2025,42,92,ES1 0,0.0
mean,2025,42,93,ES1 0,0.0
mean,2025,42,94,ES1 0,0.0
mean,2025,42,95,ES1 0,0.0
mean,2025,42,96,ES1 0,0.0
mean,2025,42,97,ES1 0,0.0
mean,2025,42,98,ES1 0,0.0
mean,2025,42,99,ES1 0,0.0
mean,2025,42,100,ES1 0,0.0
mean,2025,42,101,ES1 0,0.0
mean,2025,42,102,ES1 0,0.0
mean,2025,42,103,ES1 0,0.0
mean,2025,42,104,ES1 0,0.0
mean,2025,42,105,ES1 0,0.0
mean,2025,42,106,ES1 0,0.0
mean,2025,42,107,ES1 0,0.0
mean,2025,42,108,ES1 0,0.0
mean,2025,42,109,ES1 0,0.0
mean,2025,42,110,ES1 0,0.0
mean,2025,42,111,ES1 0,0.0
mean,2025,42,112,ES1 0,0.0
mean,2025,42,113,ES1 0,0.0
mean,2025,42,114,ES1 0,0.0
mean,2025,42,115,ES1 0,0.0
mean,2025,42,116,ES1 0,0.0
mean,2025,42,117,ES1 0,0.0
mean,2025,42,118,ES1 0,0.0
mean,2025,42,119,ES1 0,0.0
mean,2025,42,120,ES1 0,0.0
mean,2025,42,121,ES1 0,0.0
mean,2025,42,122,ES1 0,0.0
mean,2025,42,123,ES1 0,0.0
mean,2025,42,124,ES1 0,0.0
mean,2025,42,125,ES1 0,0.0
mean,2025,42,126,ES1 0,0.0
mean,2025,42,127,ES1 0,0.0
mean,2025,42,128,ES1 0,0.0
mean,2025,42,129,ES1 0,0.0
mean,2025,42,130,ES1 0,0.0
mean,2025,42,131,ES1 0,0.0
mean,2025,42,132,ES1 0,0.0
mean,2025,42,133,ES1 0,0.0
mean,2025,42,134,ES1 0,0.0
mean,2025,42,135,ES1 0,0.0
mean,2025,42,136,ES1 0,0.0
mean,2025,42,137,ES1 0,0.0
mean,2025,42,138,ES1 0,0.0
mean,2025,42,139,ES1 0,0.0
mean,2025,42,140,ES1 0,0.0
mean,2025,42,141,ES1 0,0.0
mean,2025,42,142,ES1 0,0.0
mean,2025,42,143,ES1 0,0.0
mean,2025,42,144,ES1 0,0.0
mean,2025,42,145,ES1 0,0.0
mean,2025,42,146,ES1 0,0.0
mean,2025,42,147,ES1 0,0.0
mean,2025,42,148,ES1 0,0.0
mean,2025,42,149,ES1 0,0.0
mean,2025,42,150,ES1 0,0.0
mean,2025,42,151,ES1 0,0.0
mean,2025,42,152,ES1 0,0.0
mean,2025,42,153,ES1 0,0.0
mean,2025,42,154,ES1 0,0.0
mean,2025,42,155,ES1 0,0.0
mean,2025,42,156,ES1 0,0.0
mean,2025,42,157,ES1 0,0.0
mean,2025,42,158,ES1 0,0.0
mean,2025,42,159,ES1 0,0.0
mean,2025,42,160,ES1 0,0.0
mean,2025,42,161,ES1 0,0.0
mean,2025,42,162,ES1 0,0.0
mean,2025,42,163,ES1 0,0.0
mean,2025,42,164,ES1 0,0.0
mean,2025,42,165,ES1 0,0.0
mean,2025,42,166,ES1 0,0.0
mean,2025,42,167,ES1 0,0.0
mean,2025,52,0,ES1 0,0.0
mean,2025,52,1,ES1 0,0.0
mean,2025,52,2,ES1 0,0.0
mean,2025,52,3,ES1 0,0.0
mean,2025,52,4,ES1 0,0.0
mean,2025,52,5,ES1 0,0.0
mean,2025,52,6,ES1 0,0.0
mean,2025,52,7,ES1 0,0.0
mean,2025,52,8,ES1 0,0.0
mean,2025,52,9,ES1 0,0.0
mean,2025,52,10,ES1 0,0.0
mean,2025,52,11,ES1 0,0.0
mean,2025,52,12,ES1 0,0.0
mean,2025,52,13,ES1 0,0.0
mean,2025,52,14,ES1 0,0.0
mean,2025,52,15,ES1 0,0.0
mean,2025,52,16,ES1 0,0.0
mean,2025,52,17,ES1 0,0.0
mean,2025,52,18,ES1 0,0.0
mean,2025,52,19,ES1 0,0.0
mean,2025,52,20,ES1 0,0.0
mean,2025,52,21,ES1 0,0.0
mean,2025,52,22,ES1 0,0.0
mean,2025,52,23,ES1 0,0.0
mean,2025,52,24,ES1 0,0.0
mean,2025,52,25,ES1 0,0.0
mean,2025,52,26,ES1 0,0.0
mean,2025,52,27,ES1 0,0.0
mean,2025,52,28,ES1 0,0.0
mean,2025,52,29,ES1 0,0.0
mean,2025,52,30,ES1 0,0.0
mean,2025,52,31,ES1 0,0.0
mean,2025,52,32,ES1 0,0.0
mean,2025,52,33,ES1 0,0.0
mean,2025,52,34,ES1 0,0.0
mean,2025,52,35,ES1 0,0.0
mean,2025,52,36,ES1 0,0.0
mean,2025,52,37,ES1 0,0.0
mean,2025,52,38,ES1 0,0.0
mean,2025,52,39,ES1 0,0.0
mean,2025,52,40,ES1 0,0.0
mean,2025,52,41,ES1 0,0.0
mean,2025,52,42,ES1 0,0.0
mean,2025,52,43,ES1 0,0.0
mean,2025,52,44,ES1 0,0.0
mean,2025,52,45,ES1 0,0.0
mean,2025,52,46,ES1 0,0.0
mean,2025,52,47,ES1 0,0.0
mean,2025,52,48,ES1 0,0.0
mean,2025,52,49,ES1 0,0.0
mean,2025,52,50,ES1 0,0.0
mean,2025,52,51,ES1 0,0.0
mean,2025,52,52,ES1 0,0.0
mean,2025,52,53,ES1 0,0.0
mean,2025,52,54,ES1 0,0.0
mean,2025,52,55,ES1 0,0.0
mean,2025,52,56,ES1 0,0.0
mean,2025,52,57,ES1 0,0.0
mean,2025,52,58,ES1 0,0.0
mean,2025,52,59,ES1 0,0.0
mean,2025,52,60,ES1 0,0.0
mean,2025,52,61,ES1 0,0.0
mean,2025,52,62,ES1 0,0.0
mean,2025,52,63,ES1 0,0.0
mean,2025,52,64,ES1 0,0.0
mean,2025,52,65,ES1 0,0.0
mean,2025,52,66,ES1 0,0.0
mean,2025,52,67,ES1 0,0.0
mean,2025,52,68,ES1 0,0.0
mean,2025,52,69,ES1 0,0.0
mean,2025,52,70,ES1 0,0.0
mean,2025,52,71,ES1 0,0.0
mean,2025,52,72,ES1 0,0.0
mean,2025,52,73,ES1 0,0.0
mean,2025,52,74,ES1 0,0.0
mean,2025,52,75,ES1 0,0.0
mean,2025,52,76,ES1 0,0.0
mean,2025,52,77,ES1 0,0.0
mean,2025,52,78,ES1 0,0.0
mean,2025,52,79,ES1 0,0.0
mean,2025,52,80,ES1 0,0.0
mean,2025,52,81,ES1 0,0.0
mean,2025,52,82,ES1 0,0.0
mean,2025,52,83,ES1 0,0.0
mean,2025,52,84,ES1 0,0.0
mean,2025,52,85,ES1 0,0.0
mean,2025,52,86,ES1 0,0.0
mean,2025,52,87,ES1 0,0.0
mean,2025,52,88,ES1 0,0.0
mean,2025,52,89,ES1 0,0.0
mean,2025,52,90,ES1 0,0.0
mean,2025,52,91,ES1 0,0.0
mean,2025,52,92,ES1 0,0.0
mean,2025,52,93,ES1 0,0.0
mean,2025,52,94,ES1 0,0.0
mean,2025,52,95,ES1 0,0.0
mean,2025,52,96,ES1 0,0.0
mean,2025,52,97,ES1 0,0.0
mean,2025,52,98,ES1 0,0.0
mean,2025,52,99,ES1 0,0.0
mean,2025,52,100,ES1 0,0.0
mean,2025,52,101,ES1 0,0.0
mean,2025,52,102,ES1 0,0.0
mean,2025,52,103,ES1 0,0.0
mean,2025,52,104,ES1 0,0.0
mean,2025,52,105,ES1 0,0.0
mean,2025,52,106,ES1 0,0.0
mean,2025,52,107,ES1 0,0.0
mean,2025,52,108,ES1 0,0.0
mean,2025,52,109,ES1 0,0.0
mean,2025,52,110,ES1 0,0.0
mean,2025,52,111,ES1 0,0.0
mean,2025,52,112,ES1 0,0.0
mean,2025,52,113,ES1 0,0.0
mean,2025,52,114,ES1 0,0.0
mean,2025,52,115,ES1 0,0.0
mean,2025,52,116,ES1 0,0.0
mean,2025,52,117,ES1 0,0.0
mean,2025,52,118,ES1 0,0.0
mean,2025,52,119,ES1 0,0.0
mean,2025,52,120,ES1 0,0.0
mean,2025,52,121,ES1 0,0.0
mean,2025,52,122,ES1 0,0.0
mean,2025,52,123,ES1 0,0.0
mean,2025,52,124,ES1 0,0.0
mean,2025,52,125,ES1 0,0.0
mean,2025,52,126,ES1 0,0.0
mean,2025,52,127,ES1 0,0.0
mean,2025,52,128,ES1 0,0.0
mean,2025,52,129,ES1 0,0.0
mean,2025,52,130,ES1 0,0.0
mean,2025,52,131,ES1 0,0.0
mean,2025,52,132,ES1 0,0.0
mean,2025,52,133,ES1 0,0.0
mean,2025,52,134,ES1 0,0.0
mean,2025,52,135,ES1 0,0.0
mean,2025,52,136,ES1 0,0.0
mean,2025,52,137,ES1 0,0.0
mean,2025,52,138,ES1 0,0.0
mean,2025,52,139,ES1 0,0.0
mean,2025,52,140,ES1 0,0.0
mean,2025,52,141,ES1 0,0.0
mean,2025,52,142,ES1 0,0.0
mean,2025,52,143,ES1 0,0.0
mean,2025,52,144,ES1 0,0.0
mean,2025,52,145,ES1 0,0.0
mean,2025,52,146,ES1 0,0.0
mean,2025,52,147,ES1 0,0.0
mean,2025,52,148,ES1 0,0.0
mean,2025,52,149,ES1 0,0.0
mean,2025,52,150,ES1 0,0.0
mean,2025,52,151,ES1 0,0.0
mean,2025,52,152,ES1 0,0.0
mean,2025,52,153,ES1 0,0.0
mean,2025,52,154,ES1 0,0.0
mean,2025,52,155,ES1 0,0.0
mean,2025,52,156,ES1 0,0.0
mean,2025,52,157,ES1 0,0.0
mean,2025,52,158,ES1 0,0.0
mean,2025,52,159,ES1 0,0.0
mean,2025,52,160,ES1 0,0.0
mean,2025,52,161,ES1 0,0.0
mean,2025,52,162,ES1 0,0.0
mean,2025,52,163,ES1 0,0.0
mean,2025,52,164,ES1 0,0.0
mean,2025,52,165,ES1 0,0.0
mean,2025,52,166,ES1 0,0.0
mean,2025,52,167,ES1 0,0.0
mean,2030,11,0,ES1 0,0.0
mean,2030,11,1,ES1 0,0.0
mean,2030,11,2,ES1 0,0.0
mean,2030,11,3,ES1 0,0.0
mean,2030,11,4,ES1 0,0.0
mean,2030,11,5,ES1 0,0.0
mean,2030,11,6,ES1 0,0.0
mean,2030,11,7,ES1 0,0.0
mean,2030,11,8,ES1 0,0.0
mean,2030,11,9,ES1 0,0.0
mean,2030,11,10,ES1 0,0.0
mean,2030,11,11,ES1 0,0.0
mean,2030,11,12,ES1 0,0.0
mean,2030,11,13,ES1 0,0.0
mean,2030,11,14,ES1 0,0.0
mean,2030,11,15,ES1 0,0.0
mean,2030,11,16,ES1 0,0.0
mean,2030,11,17,ES1 0,0.0
mean,2030,11,18,ES1 0,0.0
mean,2030,11,19,ES1 0,0.0
mean,2030,11,20,ES1 0,0.0
mean,2030,11,21,ES1 0,0.0
mean,2030,11,22,ES1 0,0.0
mean,2030,11,23,ES1 0,0.0
mean,2030,11,24,ES1 0,0.0
mean,2030,11,25,ES1 0,0.0
mean,2030,11,26,ES1 0,0.0
mean,2030,11,27,ES1 0,0.0
mean,2030,11,28,ES1 0,0.0
mean,2030,11,29,ES1 0,0.0
mean,2030,11,30,ES1 0,0.0
mean,2030,11,31,ES1 0,0.0
mean,2030,11,32,ES1 0,0.0
mean,2030,11,33,ES1 0,0.0
mean,2030,11,34,ES1 0,0.0
mean,2030,11,35,ES1 0,0.0
mean,2030,11,36,ES1 0,0.0
mean,2030,11,37,ES1 0,0.0
mean,2030,11,38,ES1 0,0.0
mean,2030,11,39,ES1 0,0.0
mean,2030,11,40,ES1 0,0.0
mean,2030,11,41,ES1 0,0.0
mean,2030,11,42,ES1 0,0.0
mean,2030,11,43,ES1 0,0.0
mean,2030,11,44,ES1 0,0.0
mean,2030,11,45,ES1 0,0.0
mean,2030,11,46,ES1 0,0.0
mean,2030,11,47,ES1 0,0.0
mean,2030,11,48,ES1 0,0.0
mean,2030,11,49,ES1 0,0.0
mean,2030,11,50,ES1 0,0.0
mean,2030,11,51,ES1 0,0.0
mean,2030,11,52,ES1 0,0.0
mean,2030,11,53,ES1 0,0.0
mean,2030,11,54,ES1 0,0.0
mean,2030,11,55,ES1 0,0.0
mean,2030,11,56,ES1 0,0.0
mean,2030,11,57,ES1 0,0.0
mean,2030,11,58,ES1 0,0.0
mean,2030,11,59,ES1 0,0.0
mean,2030,11,60,ES1 0,0.0
mean,2030,11,61,ES1 0,0.0
mean,2030,11,62,ES1 0,0.0
mean,2030,11,63,ES1 0,0.0
mean,2030,11,64,ES1 0,0.0
mean,2030,11,65,ES1 0,0.0
mean,2030,11,66,ES1 0,0.0
mean,2030,11,67,ES1 0,0.0
mean,2030,11,68,ES1 0,0.0
mean,2030,11,69,ES1 0,0.0
mean,2030,11,70,ES1 0,0.0
mean,2030,11,71,ES1 0,0.0
mean,2030,11,72,ES1 0,0.0
mean,2030,11,73,ES1 0,0.0
mean,2030,11,74,ES1 0,0.0
mean,2030,11,75,ES1 0,0.0
mean,2030,11,76,ES1 0,0.0
mean,2030,11,77,ES1 0,0.0
mean,2030,11,78,ES1 0,0.0
mean,2030,11,79,ES1 0,0.0
mean,2030,11,80,ES1 0,0.0
mean,2030,11,81,ES1 0,0.0
mean,2030,11,82,ES1 0,0.0
mean,2030,11,83,ES1 0,0.0
mean,2030,11,84,ES1 0,0.0
mean,2030,11,85,ES1 0,0.0
mean,2030,11,86,ES1 0,0.0
mean,2030,11,87,ES1 0,0.0
mean,2030,11,88,ES1 0,0.0
mean,2030,11,89,ES1 0,0.0
mean,2030,11,90,ES1 0,0.0
mean,2030,11,91,ES1 0,0.0
mean,2030,11,92,ES1 0,0.0
mean,2030,11,93,ES1 0,0.0
mean,2030,11,94,ES1 0,0.0
mean,2030,11,95,ES1 0,0.0
mean,2030,11,96,ES1 0,0.0
mean,2030,11,97,ES1 0,0.0
mean,2030,11,98,ES1 0,0.0
mean,2030,11,99,ES1 0,0.0
mean,2030,11,100,ES1 0,0.0
mean,2030,11,101,ES1 0,0.0
mean,2030,11,102,ES1 0,0.0
mean,2030,11,103,ES1 0,0.0
mean,2030,11,104,ES1 0,0.0
mean,2030,11,105,ES1 0,0.0
mean,2030,11,106,ES1 0,0.0
mean,2030,11,107,ES1 0,0.0
mean,2030,11,108,ES1 0,0.0
mean,2030,11,109,ES1 0,0.0
mean,2030,11,110,ES1 0,0.0
mean,2030,11,111,ES1 0,0.0
mean,2030,11,112,ES1 0,0.0
mean,2030,11,113,ES1 0,0.0
mean,2030,11,114,ES1 0,0.0
mean,2030,11,115,ES1 0,0.0
mean,2030,11,116,ES1 0,0.0
mean,2030,11,117,ES1 0,0.0
mean,2030,11,118,ES1 0,0.0
mean,2030,11,119,ES1 0,0.0
mean,2030,11,120,ES1 0,0.0
mean,2030,11,121,ES1 0,0.0
mean,2030,11,122,ES1 0,0.0
mean,2030,11,123,ES1 0,0.0
mean,2030,11,124,ES1 0,0.0
mean,2030,11,125,ES1 0,0.0
mean,2030,11,126,ES1 0,0.0
mean,2030,11,127,ES1 0,0.0
mean,2030,11,128,ES1 0,0.0
mean,2030,11,129,ES1 0,0.0
mean,2030,11,130,ES1 0,0.0
mean,2030,11,131,ES1 0,0.0
mean,2030,11,132,ES1 0,0.0
mean,2030,11,133,ES1 0,0.0
mean,2030,11,134,ES1 0,0.0
mean,2030,11,135,ES1 0,0.0
mean,2030,11,136,ES1 0,0.0
mean,2030,11,137,ES1 0,0.0
mean,2030,11,138,ES1 0,0.0
mean,2030,11,139,ES1 0,0.0
mean,2030,11,140,ES1 0,0.0
mean,2030,11,141,ES1 0,0.0
mean,2030,11,142,ES1 0,0.0
mean,2030,11,143,ES1 0,0.0
mean,2030,11,144,ES1 0,0.0
mean,2030,11,145,ES1 0,0.0
mean,2030,11,146,ES1 0,0.0
mean,2030,11,147,ES1 0,0.0
mean,2030,11,148,ES1 0,0.0
mean,2030,11,149,ES1 0,0.0
mean,2030,11,150,ES1 0,0.0
mean,2030,11,151,ES1 0,0.0
mean,2030,11,152,ES1 0,0.0
mean,2030,11,153,ES1 0,0.0
mean,2030,11,154,ES1 0,0.0
mean,2030,11,155,ES1 0,0.0
mean,2030,11,156,ES1 0,0.0
mean,2030,11,157,ES1 0,0.0
mean,2030,11,158,ES1 0,0.0
mean,2030,11,159,ES1 0,0.0
mean,2030,11,160,ES1 0,0.0
mean,2030,11,161,ES1 0,0.0
mean,2030,11,162,ES1 0,0.0
mean,2030,11,163,ES1 0,0.0
mean,2030,11,164,ES1 0,0.0
mean,2030,11,165,ES1 0,0.0
mean,2030,11,166,ES1 0,0.0
mean,2030,11,167,ES1 0,0.0
mean,2030,21,0,ES1 0,0.0
mean,2030,21,1,ES1 0,0.0
mean,2030,21,2,ES1 0,0.0
mean,2030,21,3,ES1 0,0.0
mean,2030,21,4,ES1 0,0.0
mean,2030,21,5,ES1 0,0.0
mean,2030,21,6,ES1 0,0.0
mean,2030,21,7,ES1 0,0.0
mean,2030,21,8,ES1 0,0.0
mean,2030,21,9,ES1 0,0.0
mean,2030,21,10,ES1 0,0.0
mean,2030,21,11,ES1 0,0.0
mean,2030,21,12,ES1 0,0.0
mean,2030,21,13,ES1 0,0.0
mean,2030,21,14,ES1 0,0.0
mean,2030,21,15,ES1 0,0.0
mean,2030,21,16,ES1 0,0.0
mean,2030,21,17,ES1 0,0.0
mean,2030,21,18,ES1 0,0.0
mean,2030,21,19,ES1 0,0.0
mean,2030,21,20,ES1 0,0.0
mean,2030,21,21,ES1 0,0.0
mean,2030,21,22,ES1 0,0.0
mean,2030,21,23,ES1 0,0.0
mean,2030,21,24,ES1 0,0.0
mean,2030,21,25,ES1 0,0.0
mean,2030,21,26,ES1 0,0.0
mean,2030,21,27,ES1 0,0.0
mean,2030,21,28,ES1 0,0.0
mean,2030,21,29,ES1 0,0.0
mean,2030,21,30,ES1 0,0.0
mean,2030,21,31,ES1 0,0.0
mean,2030,21,32,ES1 0,0.0
mean,2030,21,33,ES1 0,0.0
mean,2030,21,34,ES1 0,0.0
mean,2030,21,35,ES1 0,0.0
mean,2030,21,36,ES1 0,0.0
mean,2030,21,37,ES1 0,0.0
mean,2030,21,38,ES1 0,0.0
mean,2030,21,39,ES1 0,0.0
mean,2030,21,40,ES1 0,0.0
mean,2030,21,41,ES1 0,0.0
mean,2030,21,42,ES1 0,0.0
mean,2030,21,43,ES1 0,0.0
mean,2030,21,44,ES1 0,0.0
mean,2030,21,45,ES1 0,0.0
mean,2030,21,46,ES1 0,0.0
mean,2030,21,47,ES1 0,0.0
mean,2030,21,48,ES1 0,0.0
mean,2030,21,49,ES1 0,0.0
mean,2030,21,50,ES1 0,0.0
mean,2030,21,51,ES1 0,0.0
mean,2030,21,52,ES1 0,0.0
mean,2030,21,53,ES1 0,0.0
mean,2030,21,54,ES1 0,0.0
mean,2030,21,55,ES1 0,0.0
mean,2030,21,56,ES1 0,0.0
mean,2030,21,57,ES1 0,0.0
mean,2030,21,58,ES1 0,0.0
mean,2030,21,59,ES1 0,0.0
mean,2030,21,60,ES1 0,0.0
mean,2030,21,61,ES1 0,0.0
mean,2030,21,62,ES1 0,0.0
mean,2030,21,63,ES1 0,0.0
mean,2030,21,64,ES1 0,0.0
mean,2030,21,65,ES1 0,0.0
mean,2030,21,66,ES1 0,0.0
mean,2030,21,67,ES1 0,0.0
mean,2030,21,68,ES1 0,0.0
mean,2030,21,69,ES1 0,0.0
mean,2030,21,70,ES1 0,0.0
mean,2030,21,71,ES1 0,0.0
mean,2030,21,72,ES1 0,0.0
mean,2030,21,73,ES1 0,0.0
mean,2030,21,74,ES1 0,0.0
mean,2030,21,75,ES1 0,0.0
mean,2030,21,76,ES1 0,0.0
mean,2030,21,77,ES1 0,0.0
mean,2030,21,78,ES1 0,0.0
mean,2030,21,79,ES1 0,0.0
mean,2030,21,80,ES1 0,0.0
mean,2030,21,81,ES1 0,0.0
mean,2030,21,82,ES1 0,0.0
mean,2030,21,83,ES1 0,0.0
mean,2030,21,84,ES1 0,0.0
mean,2030,21,85,ES1 0,0.0
mean,2030,21,86,ES1 0,0.0
mean,2030,21,87,ES1 0,0.0
mean,2030,21,88,ES1 0,0.0
mean,2030,21,89,ES1 0,0.0
mean,2030,21,90,ES1 0,0.0
mean,2030,21,91,ES1 0,0.0
mean,2030,21,92,ES1 0,0.0
mean,2030,21,93,ES1 0,0.0
mean,2030,21,94,ES1 0,0.0
mean,2030,21,95,ES1 0,0.0
mean,2030,21,96,ES1 0,0.0
mean,2030,21,97,ES1 0,0.0
mean,2030,21,98,ES1 0,0.0
mean,2030,21,99,ES1 0,0.0
mean,2030,21,100,ES1 0,0.0
mean,2030,21,101,ES1 0,0.0
mean,2030,21,102,ES1 0,0.0
mean,2030,21,103,ES1 0,0.0
mean,2030,21,104,ES1 0,0.0
mean,2030,21,105,ES1 0,0.0
mean,2030,21,106,ES1 0,0.0
mean,2030,21,107,ES1 0,0.0
mean,2030,21,108,ES1 0,0.0
mean,2030,21,109,ES1 0,0.0
mean,2030,21,110,ES1 0,0.0
mean,2030,21,111,ES1 0,0.0
mean,2030,21,112,ES1 0,0.0
mean,2030,21,113,ES1 0,0.0
mean,2030,21,114,ES1 0,0.0
mean,2030,21,115,ES1 0,0.0
mean,2030,21,116,ES1 0,0.0
mean,2030,21,117,ES1 0,0.0
mean,2030,21,118,ES1 0,0.0
mean,2030,21,119,ES1 0,0.0
mean,2030,21,120,ES1 0,0.0
mean,2030,21,121,ES1 0,0.0
mean,2030,21,122,ES1 0,0.0
mean,2030,21,123,ES1 0,0.0
mean,2030,21,124,ES1 0,0.0
mean,2030,21,125,ES1 0,0.0
mean,2030,21,126,ES1 0,0.0
mean,2030,21,127,ES1 0,0.0
mean,2030,21,128,ES1 0,0.0
mean,2030,21,129,ES1 0,0.0
mean,2030,21,130,ES1 0,0.0
mean,2030,21,131,ES1 0,0.0
mean,2030,21,132,ES1 0,0.0
mean,2030,21,133,ES1 0,0.0
mean,2030,21,134,ES1 0,0.0
mean,2030,21,135,ES1 0,0.0
mean,2030,21,136,ES1 0,0.0
mean,2030,21,137,ES1 0,0.0
mean,2030,21,138,ES1 0,0.0
mean,2030,21,139,ES1 0,0.0
mean,2030,21,140,ES1 0,0.0
mean,2030,21,141,ES1 0,0.0
mean,2030,21,142,ES1 0,0.0
mean,2030,21,143,ES1 0,0.0
mean,2030,21,144,ES1 0,0.0
mean,2030,21,145,ES1 0,0.0
mean,2030,21,146,ES1 0,0.0
mean,2030,21,147,ES1 0,0.0
mean,2030,21,148,ES1 0,0.0
mean,2030,21,149,ES1 0,0.0
mean,2030,21,150,ES1 0,0.0
mean,2030,21,151,ES1 0,0.0
mean,2030,21,152,ES1 0,0.0
mean,2030,21,153,ES1 0,0.0
mean,2030,21,154,ES1 0,0.0
mean,2030,21,155,ES1 0,0.0
mean,2030,21,156,ES1 0,0.0
mean,2030,21,157,ES1 0,0.0
mean,2030,21,158,ES1 0,0.0
mean,2030,21,159,ES1 0,0.0
mean,2030,21,160,ES1 0,0.0
mean,2030,21,161,ES1 0,0.0
mean,2030,21,162,ES1 0,0.0
mean,2030,21,163,ES1 0,0.0
mean,2030,21,164,ES1 0,0.0
mean,2030,21,165,ES1 0,0.0
mean,2030,21,166,ES1 0,0.0
mean,2030,21,167,ES1 0,0.0
mean,2030,42,0,ES1 0,0.0
mean,2030,42,1,ES1 0,0.0
mean,2030,42,2,ES1 0,0.0
mean,2030,42,3,ES1 0,0.0
mean,2030,42,4,ES1 0,0.0
mean,2030,42,5,ES1 0,0.0
mean,2030,42,6,ES1 0,0.0
mean,2030,42,7,ES1 0,0.0
mean,2030,42,8,ES1 0,0.0
mean,2030,42,9,ES1 0,0.0
mean,2030,42,10,ES1 0,0.0
mean,2030,42,11,ES1 0,0.0
mean,2030,42,12,ES1 0,0.0
mean,2030,42,13,ES1 0,0.0
mean,2030,42,14,ES1 0,0.0
mean,2030,42,15,ES1 0,0.0
mean,2030,42,16,ES1 0,0.0
mean,2030,42,17,ES1 0,0.0
mean,2030,42,18,ES1 0,0.0
mean,2030,42,19,ES1 0,0.0
mean,2030,42,20,ES1 0,0.0
mean,2030,42,21,ES1 0,0.0
mean,2030,42,22,ES1 0,0.0
mean,2030,42,23,ES1 0,0.0
mean,2030,42,24,ES1 0,0.0
mean,2030,42,25,ES1 0,0.0
mean,2030,42,26,ES1 0,0.0
mean,2030,42,27,ES1 0,0.0
mean,2030,42,28,ES1 0,0.0
mean,2030,42,29,ES1 0,0.0
mean,2030,42,30,ES1 0,0.0
mean,2030,42,31,ES1 0,0.0
mean,2030,42,32,ES1 0,0.0
mean,2030,42,33,ES1 0,0.0
mean,2030,42,34,ES1 0,0.0
mean,2030,42,35,ES1 0,0.0
mean,2030,42,36,ES1 0,0.0
mean,2030,42,37,ES1 0,0.0
mean,2030,42,38,ES1 0,0.0
mean,2030,42,39,ES1 0,0.0
mean,2030,42,40,ES1 0,0.0
mean,2030,42,41,ES1 0,0.0
mean,2030,42,42,ES1 0,0.0
mean,2030,42,43,ES1 0,0.0
mean,2030,42,44,ES1 0,0.0
mean,2030,42,45,ES1 0,0.0
mean,2030,42,46,ES1 0,0.0
mean,2030,42,47,ES1 0,0.0
mean,2030,42,48,ES1 0,0.0
mean,2030,42,49,ES1 0,0.0
mean,2030,42,50,ES1 0,0.0
mean,2030,42,51,ES1 0,0.0
mean,2030,42,52,ES1 0,0.0
mean,2030,42,53,ES1 0,0.0
mean,2030,42,54,ES1 0,0.0
mean,2030,42,55,ES1 0,0.0
mean,2030,42,56,ES1 0,0.0
mean,2030,42,57,ES1 0,0.0
mean,2030,42,58,ES1 0,0.0
mean,2030,42,59,ES1 0,0.0
mean,2030,42,60,ES1 0,0.0
mean,2030,42,61,ES1 0,0.0
mean,2030,42,62,ES1 0,0.0
mean,2030,42,63,ES1 0,0.0
mean,2030,42,64,ES1 0,0.0
mean,2030,42,65,ES1 0,0.0
mean,2030,42,66,ES1 0,0.0
mean,2030,42,67,ES1 0,0.0
mean,2030,42,68,ES1 0,0.0
mean,2030,42,69,ES1 0,0.0
mean,2030,42,70,ES1 0,0.0
mean,2030,42,71,ES1 0,0.0
mean,2030,42,72,ES1 0,0.0
mean,2030,42,73,ES1 0,0.0
mean,2030,42,74,ES1 0,0.0
mean,2030,42,75,ES1 0,0.0
mean,2030,42,76,ES1 0,0.0
mean,2030,42,77,ES1 0,0.0
mean,2030,42,78,ES1 0,0.0
mean,2030,42,79,ES1 0,0.0
mean,2030,42,80,ES1 0,0.0
mean,2030,42,81,ES1 0,0.0
mean,2030,42,82,ES1 0,0.0
mean,2030,42,83,ES1 0,0.0
mean,2030,42,84,ES1 0,0.0
mean,2030,42,85,ES1 0,0.0
mean,2030,42,86,ES1 0,0.0
mean,2030,42,87,ES1 0,0.0
mean,2030,42,88,ES1 0,0.0
mean,2030,42,89,ES1 0,0.0
mean,2030,42,90,ES1 0,0.0
mean,2030,42,91,ES1 0,0.0
mean,2030,42,92,ES1 0,0.0
mean,2030,42,93,ES1 0,0.0
mean,2030,42,94,ES1 0,0.0
mean,2030,42,95,ES1 0,0.0
mean,2030,42,96,ES1 0,0.0
mean,2030,42,97,ES1 0,0.0
mean,2030,42,98,ES1 0,0.0
mean,2030,42,99,ES1 0,0.0
mean,2030,42,100,ES1 0,0.0
mean,2030,42,101,ES1 0,0.0
mean,2030,42,102,ES1 0,0.0
mean,2030,42,103,ES1 0,0.0
mean,2030,42,104,ES1 0,0.0
mean,2030,42,105,ES1 0,0.0
mean,2030,42,106,ES1 0,0.0
mean,2030,42,107,ES1 0,0.0
mean,2030,42,108,ES1 0,0.0
mean,2030,42,109,ES1 0,0.0
mean,2030,42,110,ES1 0,0.0
mean,2030,42,111,ES1 0,0.0
mean,2030,42,112,ES1 0,0.0
mean,2030,42,113,ES1 0,0.0
mean,2030,42,114,ES1 0,0.0
mean,2030,42,115,ES1 0,0.0
mean,2030,42,116,ES1 0,0.0
mean,2030,42,117,ES1 0,0.0
mean,2030,42,118,ES1 0,0.0
mean,2030,42,119,ES1 0,0.0
mean,2030,42,120,ES1 0,0.0
mean,2030,42,121,ES1 0,0.0
mean,2030,42,122,ES1 0,0.0
mean,2030,42,123,ES1 0,0.0
mean,2030,42,124,ES1 0,0.0
mean,2030,42,125,ES1 0,0.0
mean,2030,42,126,ES1 0,0.0
mean,2030,42,127,ES1 0,0.0
mean,2030,42,128,ES1 0,0.0
mean,2030,42,129,ES1 0,0.0
mean,2030,42,130,ES1 0,0.0
mean,2030,42,131,ES1 0,0.0
mean,2030,42,132,ES1 0,0.0
mean,2030,42,133,ES1 0,0.0
mean,2030,42,134,ES1 0,0.0
mean,2030,42,135,ES1 0,0.0
mean,2030,42,136,ES1 0,0.0
mean,2030,42,137,ES1 0,0.0
mean,2030,42,138,ES1 0,0.0
mean,2030,42,139,ES1 0,0.0
mean,2030,42,140,ES1 0,0.0
mean,2030,42,141,ES1 0,0.0
mean,2030,42,142,ES1 0,0.0
mean,2030,42,143,ES1 0,0.0
mean,2030,42,144,ES1 0,0.0
mean,2030,42,145,ES1 0,0.0
mean,2030,42,146,ES1 0,0.0
mean,2030,42,147,ES1 0,0.0
mean,2030,42,148,ES1 0,0.0
mean,2030,42,149,ES1 0,0.0
mean,2030,42,150,ES1 0,0.0
mean,2030,42,151,ES1 0,0.0
mean,2030,42,152,ES1 0,0.0
mean,2030,42,153,ES1 0,0.0
mean,2030,42,154,ES1 0,0.0
mean,2030,42,155,ES1 0,0.0
mean,2030,42,156,ES1 0,0.0
mean,2030,42,157,ES1 0,0.0
mean,2030,42,158,ES1 0,0.0
mean,2030,42,159,ES1 0,0.0
mean,2030,42,160,ES1 0,0.0
mean,2030,42,161,ES1 0,0.0
mean,2030,42,162,ES1 0,0.0
mean,2030,42,163,ES1 0,0.0
mean,2030,42,164,ES1 0,0.0
mean,2030,42,165,ES1 0,0.0
mean,2030,42,166,ES1 0,0.0
mean,2030,42,167,ES1 0,0.0
mean,2030,52,0,ES1 0,0.0
mean,2030,52,1,ES1 0,0.0
mean,2030,52,2,ES1 0,0.0
mean,2030,52,3,ES1 0,0.0
mean,2030,52,4,ES1 0,0.0
mean,2030,52,5,ES1 0,0.0
mean,2030,52,6,ES1 0,0.0
mean,2030,52,7,ES1 0,0.0
mean,2030,52,8,ES1 0,0.0
mean,2030,52,9,ES1 0,0.0
mean,2030,52,10,ES1 0,0.0
mean,2030,52,11,ES1 0,0.0
mean,2030,52,12,ES1 0,0.0
mean,2030,52,13,ES1 0,0.0
mean,2030,52,14,ES1 0,0.0
mean,2030,52,15,ES1 0,0.0
mean,2030,52,16,ES1 0,0.0
mean,2030,52,17,ES1 0,0.0
mean,2030,52,18,ES1 0,0.0
mean,2030,52,19,ES1 0,0.0
mean,2030,52,20,ES1 0,0.0
mean,2030,52,21,ES1 0,0.0
mean,2030,52,22,ES1 0,0.0
mean,2030,52,23,ES1 0,0.0
mean,2030,52,24,ES1 0,0.0
mean,2030,52,25,ES1 0,0.0
mean,2030,52,26,ES1 0,0.0
mean,2030,52,27,ES1 0,0.0
mean,2030,52,28,ES1 0,0.0
mean,2030,52,29,ES1 0,0.0
mean,2030,52,30,ES1 0,0.0
mean,2030,52,31,ES1 0,0.0
mean,2030,52,32,ES1 0,0.0
mean,2030,52,33,ES1 0,0.0
mean,2030,52,34,ES1 0,0.0
mean,2030,52,35,ES1 0,0.0
mean,2030,52,36,ES1 0,0.0
mean,2030,52,37,ES1 0,0.0
mean,2030,52,38,ES1 0,0.0
mean,2030,52,39,ES1 0,0.0
mean,2030,52,40,ES1 0,0.0
mean,2030,52,41,ES1 0,0.0
mean,2030,52,42,ES1 0,0.0
mean,2030,52,43,ES1 0,0.0
mean,2030,52,44,ES1 0,0.0
mean,2030,52,45,ES1 0,0.0
mean,2030,52,46,ES1 0,0.0
mean,2030,52,47,ES1 0,0.0
mean,2030,52,48,ES1 0,0.0
mean,2030,52,49,ES1 0,0.0
mean,2030,52,50,ES1 0,0.0
mean,2030,52,51,ES1 0,0.0
mean,2030,52,52,ES1 0,0.0
mean,2030,52,53,ES1 0,0.0
mean,2030,52,54,ES1 0,0.0
mean,2030,52,55,ES1 0,0.0
mean,2030,52,56,ES1 0,0.0
mean,2030,52,57,ES1 0,0.0
mean,2030,52,58,ES1 0,0.0
mean,2030,52,59,ES1 0,0.0
mean,2030,52,60,ES1 0,0.0
mean,2030,52,61,ES1 0,0.0
mean,2030,52,62,ES1 0,0.0
mean,2030,52,63,ES1 0,0.0
mean,2030,52,64,ES1 0,0.0
mean,2030,52,65,ES1 0,0.0
mean,2030,52,66,ES1 0,0.0
mean,2030,52,67,ES1 0,0.0
mean,2030,52,68,ES1 0,0.0
mean,2030,52,69,ES1 0,0.0
mean,2030,52,70,ES1 0,0.0
mean,2030,52,71,ES1 0,0.0
mean,2030,52,72,ES1 0,0.0
mean,2030,52,73,ES1 0,0.0
mean,2030,52,74,ES1 0,0.0
mean,2030,52,75,ES1 0,0.0
mean,2030,52,76,ES1 0,0.0
mean,2030,52,77,ES1 0,0.0
mean,2030,52,78,ES1 0,0.0
mean,2030,52,79,ES1 0,0.0
mean,2030,52,80,ES1 0,0.0
mean,2030,52,81,ES1 0,0.0
mean,2030,52,82,ES1 0,0.0
mean,2030,52,83,ES1 0,0.0
mean,2030,52,84,ES1 0,0.0
mean,2030,52,85,ES1 0,0.0
mean,2030,52,86,ES1 0,0.0
mean,2030,52,87,ES1 0,0.0
mean,2030,52,88,ES1 0,0.0
mean,2030,52,89,ES1 0,0.0
mean,2030,52,90,ES1 0,0.0
mean,2030,52,91,ES1 0,0.0
mean,2030,52,92,ES1 0,0.0
mean,2030,52,93,ES1 0,0.0
mean,2030,52,94,ES1 0,0.0
mean,2030,52,95,ES1 0,0.0
mean,2030,52,96,ES1 0,0.0
mean,2030,52,97,ES1 0,0.0
mean,2030,52,98,ES1 0,0.0
mean,2030,52,99,ES1 0,0.0
mean,2030,52,100,ES1 0,0.0
mean,2030,52,101,ES1 0,0.0
mean,2030,52,102,ES1 0,0.0
mean,2030,52,103,ES1 0,0.0
mean,2030,52,104,ES1 0,0.0
mean,2030,52,105,ES1 0,0.0
mean,2030,52,106,ES1 0,0.0
mean,2030,52,107,ES1 0,0.0
mean,2030,52,108,ES1 0,0.0
mean,2030,52,109,ES1 0,0.0
mean,2030,52,110,ES1 0,0.0
mean,2030,52,111,ES1 0,0.0
mean,2030,52,112,ES1 0,0.0
mean,2030,52,113,ES1 0,0.0
mean,2030,52,114,ES1 0,0.0
mean,2030,52,115,ES1 0,0.0
mean,2030,52,116,ES1 0,0.0
mean,2030,52,117,ES1 0,0.0
mean,2030,52,118,ES1 0,0.0
mean,2030,52,119,ES1 0,0.0
mean,2030,52,120,ES1 0,0.0
mean,2030,52,121,ES1 0,0.0
mean,2030,52,122,ES1 0,0.0
mean,2030,52,123,ES1 0,0.0
mean,2030,52,124,ES1 0,0.0
mean,2030,52,125,ES1 0,0.0
mean,2030,52,126,ES1 0,0.0
mean,2030,52,127,ES1 0,0.0
mean,2030,52,128,ES1 0,0.0
mean,2030,52,129,ES1 0,0.0
mean,2030,52,130,ES1 0,0.0
mean,2030,52,131,ES1 0,0.0
mean,2030,52,132,ES1 0,0.0
mean,2030,52,133,ES1 0,0.0
mean,2030,52,134,ES1 0,0.0
mean,2030,52,135,ES1 0,0.0
mean,2030,52,136,ES1 0,0.0
mean,2030,52,137,ES1 0,0.0
mean,2030,52,138,ES1 0,0.0
mean,2030,52,139,ES1 0,0.0
mean,2030,52,140,ES1 0,0.0
mean,2030,52,141,ES1 0,0.0
mean,2030,52,142,ES1 0,0.0
mean,2030,52,143,ES1 0,0.0
mean,2030,52,144,ES1 0,0.0
mean,2030,52,145,ES1 0,0.0
mean,2030,52,146,ES1 0,0.0
mean,2030,52,147,ES1 0,0.0
mean,2030,52,148,ES1 0,0.0
mean,2030,52,149,ES1 0,0.0
mean,2030,52,150,ES1 0,0.0
mean,2030,52,151,ES1 0,0.0
mean,2030,52,152,ES1 0,0.0
mean,2030,52,153,ES1 0,0.0
mean,2030,52,154,ES1 0,0.0
mean,2030,52,155,ES1 0,0.0
mean,2030,52,156,ES1 0,0.0
mean,2030,52,157,ES1 0,0.0
mean,2030,52,158,ES1 0,0.0
mean,2030,52,159,ES1 0,0.0
mean,2030,52,160,ES1 0,0.0
mean,2030,52,161,ES1 0,0.0
mean,2030,52,162,ES1 0,0.0
mean,2030,52,163,ES1 0,0.0
mean,2030,52,164,ES1 0,0.0
mean,2030,52,165,ES1 0,0.0
mean,2030,52,166,ES1 0,0.0
mean,2030,52,167,ES1 0,0.0
mean,2040,11,0,ES1 0,0.0
mean,2040,11,1,ES1 0,0.0
mean,2040,11,2,ES1 0,0.0
mean,2040,11,3,ES1 0,0.0
mean,2040,11,4,ES1 0,0.0
mean,2040,11,5,ES1 0,0.0
mean,2040,11,6,ES1 0,0.0
mean,2040,11,7,ES1 0,0.0
mean,2040,11,8,ES1 0,0.0
mean,2040,11,9,ES1 0,0.0
mean,2040,11,10,ES1 0,0.0
mean,2040,11,11,ES1 0,0.0
mean,2040,11,12,ES1 0,0.0
mean,2040,11,13,ES1 0,0.0
mean,2040,11,14,ES1 0,0.0
mean,2040,11,15,ES1 0,0.0
mean,2040,11,16,ES1 0,0.0
mean,2040,11,17,ES1 0,0.0
mean,2040,11,18,ES1 0,0.0
mean,2040,11,19,ES1 0,0.0
mean,2040,11,20,ES1 0,0.0
mean,2040,11,21,ES1 0,0.0
mean,2040,11,22,ES1 0,0.0
mean,2040,11,23,ES1 0,0.0
mean,2040,11,24,ES1 0,0.0
mean,2040,11,25,ES1 0,0.0
mean,2040,11,26,ES1 0,0.0
mean,2040,11,27,ES1 0,0.0
mean,2040,11,28,ES1 0,0.0
mean,2040,11,29,ES1 0,0.0
mean,2040,11,30,ES1 0,0.0
mean,2040,11,31,ES1 0,0.0
mean,2040,11,32,ES1 0,0.0
mean,2040,11,33,ES1 0,0.0
mean,2040,11,34,ES1 0,0.0
mean,2040,11,35,ES1 0,0.0
mean,2040,11,36,ES1 0,0.0
mean,2040,11,37,ES1 0,0.0
mean,2040,11,38,ES1 0,0.0
mean,2040,11,39,ES1 0,0.0
mean,2040,11,40,ES1 0,0.0
mean,2040,11,41,ES1 0,0.0
mean,2040,11,42,ES1 0,0.0
mean,2040,11,43,ES1 0,0.0
mean,2040,11,44,ES1 0,0.0
mean,2040,11,45,ES1 0,0.0
mean,2040,11,46,ES1 0,0.0
mean,2040,11,47,ES1 0,0.0
mean,2040,11,48,ES1 0,0.0
mean,2040,11,49,ES1 0,0.0
mean,2040,11,50,ES1 0,0.0
mean,2040,11,51,ES1 0,0.0
mean,2040,11,52,ES1 0,0.0
mean,2040,11,53,ES1 0,0.0
mean,2040,11,54,ES1 0,0.0
mean,2040,11,55,ES1 0,0.0
mean,2040,11,56,ES1 0,0.0
mean,2040,11,57,ES1 0,0.0
mean,2040,11,58,ES1 0,0.0
mean,2040,11,59,ES1 0,0.0
mean,2040,11,60,ES1 0,0.0
mean,2040,11,61,ES1 0,0.0
mean,2040,11,62,ES1 0,0.0
mean,2040,11,63,ES1 0,0.0
mean,2040,11,64,ES1 0,0.0
mean,2040,11,65,ES1 0,0.0
mean,2040,11,66,ES1 0,0.0
mean,2040,11,67,ES1 0,0.0
mean,2040,11,68,ES1 0,0.0
mean,2040,11,69,ES1 0,0.0
mean,2040,11,70,ES1 0,0.0
mean,2040,11,71,ES1 0,0.0
mean,2040,11,72,ES1 0,0.0
mean,2040,11,73,ES1 0,0.0
mean,2040,11,74,ES1 0,0.0
mean,2040,11,75,ES1 0,0.0
mean,2040,11,76,ES1 0,0.0
mean,2040,11,77,ES1 0,0.0
mean,2040,11,78,ES1 0,0.0
mean,2040,11,79,ES1 0,0.0
mean,2040,11,80,ES1 0,0.0
mean,2040,11,81,ES1 0,0.0
mean,2040,11,82,ES1 0,0.0
mean,2040,11,83,ES1 0,0.0
mean,2040,11,84,ES1 0,0.0
mean,2040,11,85,ES1 0,0.0
mean,2040,11,86,ES1 0,0.0
mean,2040,11,87,ES1 0,0.0
mean,2040,11,88,ES1 0,0.0
mean,2040,11,89,ES1 0,0.0
mean,2040,11,90,ES1 0,0.0
mean,2040,11,91,ES1 0,0.0
mean,2040,11,92,ES1 0,0.0
mean,2040,11,93,ES1 0,0.0
mean,2040,11,94,ES1 0,0.0
mean,2040,11,95,ES1 0,0.0
mean,2040,11,96,ES1 0,0.0
mean,2040,11,97,ES1 0,0.0
mean,2040,11,98,ES1 0,0.0
mean,2040,11,99,ES1 0,0.0
mean,2040,11,100,ES1 0,0.0
mean,2040,11,101,ES1 0,0.0
mean,2040,11,102,ES1 0,0.0
mean,2040,11,103,ES1 0,0.0
mean,2040,11,104,ES1 0,0.0
mean,2040,11,105,ES1 0,0.0
mean,2040,11,106,ES1 0,0.0
mean,2040,11,107,ES1 0,0.0
mean,2040,11,108,ES1 0,0.0
mean,2040,11,109,ES1 0,0.0
mean,2040,11,110,ES1 0,0.0
mean,2040,11,111,ES1 0,0.0
mean,2040,11,112,ES1 0,0.0
mean,2040,11,113,ES1 0,0.0
mean,2040,11,114,ES1 0,0.0
mean,2040,11,115,ES1 0,0.0
mean,2040,11,116,ES1 0,0.0
mean,2040,11,117,ES1 0,0.0
mean,2040,11,118,ES1 0,0.0
mean,2040,11,119,ES1 0,0.0
mean,2040,11,120,ES1 0,0.0
mean,2040,11,121,ES1 0,0.0
mean,2040,11,122,ES1 0,0.0
mean,2040,11,123,ES1 0,0.0
mean,2040,11,124,ES1 0,0.0
mean,2040,11,125,ES1 0,0.0
mean,2040,11,126,ES1 0,0.0
mean,2040,11,127,ES1 0,0.0
mean,2040,11,128,ES1 0,0.0
mean,2040,11,129,ES1 0,0.0
mean,2040,11,130,ES1 0,0.0
mean,2040,11,131,ES1 0,0.0
mean,2040,11,132,ES1 0,0.0
mean,2040,11,133,ES1 0,0.0
mean,2040,11,134,ES1 0,0.0
mean,2040,11,135,ES1 0,0.0
mean,2040,11,136,ES1 0,0.0
mean,2040,11,137,ES1 0,0.0
mean,2040,11,138,ES1 0,0.0
mean,2040,11,139,ES1 0,0.0
mean,2040,11,140,ES1 0,0.0
mean,2040,11,141,ES1 0,0.0
mean,2040,11,142,ES1 0,0.0
mean,2040,11,143,ES1 0,0.0
mean,2040,11,144,ES1 0,0.0
mean,2040,11,145,ES1 0,0.0
mean,2040,11,146,ES1 0,0.0
mean,2040,11,147,ES1 0,0.0
mean,2040,11,148,ES1 0,0.0
mean,2040,11,149,ES1 0,0.0
mean,2040,11,150,ES1 0,0.0
mean,2040,11,151,ES1 0,0.0
mean,2040,11,152,ES1 0,0.0
mean,2040,11,153,ES1 0,0.0
mean,2040,11,154,ES1 0,0.0
mean,2040,11,155,ES1 0,0.0
mean,2040,11,156,ES1 0,0.0
mean,2040,11,157,ES1 0,0.0
mean,2040,11,158,ES1 0,0.0
mean,2040,11,159,ES1 0,0.0
mean,2040,11,160,ES1 0,0.0
mean,2040,11,161,ES1 0,0.0
mean,2040,11,162,ES1 0,0.0
mean,2040,11,163,ES1 0,0.0
mean,2040,11,164,ES1 0,0.0
mean,2040,11,165,ES1 0,0.0
mean,2040,11,166,ES1 0,0.0
mean,2040,11,167,ES1 0,0.0
mean,2040,21,0,ES1 0,0.0
mean,2040,21,1,ES1 0,0.0
mean,2040,21,2,ES1 0,0.0
mean,2040,21,3,ES1 0,0.0
mean,2040,21,4,ES1 0,0.0
mean,2040,21,5,ES1 0,0.0
mean,2040,21,6,ES1 0,0.0
mean,2040,21,7,ES1 0,0.0
mean,2040,21,8,ES1 0,0.0
mean,2040,21,9,ES1 0,0.0
mean,2040,21,10,ES1 0,0.0
mean,2040,21,11,ES1 0,0.0
mean,2040,21,12,ES1 0,0.0
mean,2040,21,13,ES1 0,0.0
mean,2040,21,14,ES1 0,0.0
mean,2040,21,15,ES1 0,0.0
mean,2040,21,16,ES1 0,0.0
mean,2040,21,17,ES1 0,0.0
mean,2040,21,18,ES1 0,0.0
mean,2040,21,19,ES1 0,0.0
mean,2040,21,20,ES1 0,0.0
mean,2040,21,21,ES1 0,0.0
mean,2040,21,22,ES1 0,0.0
mean,2040,21,23,ES1 0,0.0
mean,2040,21,24,ES1 0,0.0
mean,2040,21,25,ES1 0,0.0
mean,2040,21,26,ES1 0,0.0
mean,2040,21,27,ES1 0,0.0
mean,2040,21,28,ES1 0,0.0
mean,2040,21,29,ES1 0,0.0
mean,2040,21,30,ES1 0,0.0
mean,2040,21,31,ES1 0,0.0
mean,2040,21,32,ES1 0,0.0
mean,2040,21,33,ES1 0,0.0
mean,2040,21,34,ES1 0,0.0
mean,2040,21,35,ES1 0,0.0
mean,2040,21,36,ES1 0,0.0
mean,2040,21,37,ES1 0,0.0
mean,2040,21,38,ES1 0,0.0
mean,2040,21,39,ES1 0,0.0
mean,2040,21,40,ES1 0,0.0
mean,2040,21,41,ES1 0,0.0
mean,2040,21,42,ES1 0,0.0
mean,2040,21,43,ES1 0,0.0
mean,2040,21,44,ES1 0,0.0
mean,2040,21,45,ES1 0,0.0
mean,2040,21,46,ES1 0,0.0
mean,2040,21,47,ES1 0,0.0
mean,2040,21,48,ES1 0,0.0
mean,2040,21,49,ES1 0,0.0
mean,2040,21,50,ES1 0,0.0
mean,2040,21,51,ES1 0,0.0
mean,2040,21,52,ES1 0,0.0
mean,2040,21,53,ES1 0,0.0
mean,2040,21,54,ES1 0,0.0
mean,2040,21,55,ES1 0,0.0
mean,2040,21,56,ES1 0,0.0
mean,2040,21,57,ES1 0,0.0
mean,2040,21,58,ES1 0,0.0
mean,2040,21,59,ES1 0,0.0
mean,2040,21,60,ES1 0,0.0
mean,2040,21,61,ES1 0,0.0
mean,2040,21,62,ES1 0,0.0
mean,2040,21,63,ES1 0,0.0
mean,2040,21,64,ES1 0,0.0
mean,2040,21,65,ES1 0,0.0
mean,2040,21,66,ES1 0,0.0
mean,2040,21,67,ES1 0,0.0
mean,2040,21,68,ES1 0,0.0
mean,2040,21,69,ES1 0,0.0
mean,2040,21,70,ES1 0,0.0
mean,2040,21,71,ES1 0,0.0
mean,2040,21,72,ES1 0,0.0
mean,2040,21,73,ES1 0,0.0
mean,2040,21,74,ES1 0,0.0
mean,2040,21,75,ES1 0,0.0
mean,2040,21,76,ES1 0,0.0
mean,2040,21,77,ES1 0,0.0
mean,2040,21,78,ES1 0,0.0
mean,2040,21,79,ES1 0,0.0
mean,2040,21,80,ES1 0,0.0
mean,2040,21,81,ES1 0,0.0
mean,2040,21,82,ES1 0,0.0
mean,2040,21,83,ES1 0,0.0
mean,2040,21,84,ES1 0,0.0
mean,2040,21,85,ES1 0,0.0
mean,2040,21,86,ES1 0,0.0
mean,2040,21,87,ES1 0,0.0
mean,2040,21,88,ES1 0,0.0
mean,2040,21,89,ES1 0,0.0
mean,2040,21,90,ES1 0,0.0
mean,2040,21,91,ES1 0,0.0
mean,2040,21,92,ES1 0,0.0
mean,2040,21,93,ES1 0,0.0
mean,2040,21,94,ES1 0,0.0
mean,2040,21,95,ES1 0,0.0
mean,2040,21,96,ES1 0,0.0
mean,2040,21,97,ES1 0,0.0
mean,2040,21,98,ES1 0,0.0
mean,2040,21,99,ES1 0,0.0
mean,2040,21,100,ES1 0,0.0
mean,2040,21,101,ES1 0,0.0
mean,2040,21,102,ES1 0,0.0
mean,2040,21,103,ES1 0,0.0
mean,2040,21,104,ES1 0,0.0
mean,2040,21,105,ES1 0,0.0
mean,2040,21,106,ES1 0,0.0
mean,2040,21,107,ES1 0,0.0
mean,2040,21,108,ES1 0,0.0
mean,2040,21,109,ES1 0,0.0
mean,2040,21,110,ES1 0,0.0
mean,2040,21,111,ES1 0,0.0
mean,2040,21,112,ES1 0,0.0
mean,2040,21,113,ES1 0,0.0
mean,2040,21,114,ES1 0,0.0
mean,2040,21,115,ES1 0,0.0
mean,2040,21,116,ES1 0,0.0
mean,2040,21,117,ES1 0,0.0
mean,2040,21,118,ES1 0,0.0
mean,2040,21,119,ES1 0,0.0
mean,2040,21,120,ES1 0,0.0
mean,2040,21,121,ES1 0,0.0
mean,2040,21,122,ES1 0,0.0
mean,2040,21,123,ES1 0,0.0
mean,2040,21,124,ES1 0,0.0
mean,2040,21,125,ES1 0,0.0
mean,2040,21,126,ES1 0,0.0
mean,2040,21,127,ES1 0,0.0
mean,2040,21,128,ES1 0,0.0
mean,2040,21,129,ES1 0,0.0
mean,2040,21,130,ES1 0,0.0
mean,2040,21,131,ES1 0,0.0
mean,2040,21,132,ES1 0,0.0
mean,2040,21,133,ES1 0,0.0
mean,2040,21,134,ES1 0,0.0
mean,2040,21,135,ES1 0,0.0
mean,2040,21,136,ES1 0,0.0
mean,2040,21,137,ES1 0,0.0
mean,2040,21,138,ES1 0,0.0
mean,2040,21,139,ES1 0,0.0
mean,2040,21,140,ES1 0,0.0
mean,2040,21,141,ES1 0,0.0
mean,2040,21,142,ES1 0,0.0
mean,2040,21,143,ES1 0,0.0
mean,2040,21,144,ES1 0,0.0
mean,2040,21,145,ES1 0,0.0
mean,2040,21,146,ES1 0,0.0
mean,2040,21,147,ES1 0,0.0
mean,2040,21,148,ES1 0,0.0
mean,2040,21,149,ES1 0,0.0
mean,2040,21,150,ES1 0,0.0
mean,2040,21,151,ES1 0,0.0
mean,2040,21,152,ES1 0,0.0
mean,2040,21,153,ES1 0,0.0
mean,2040,21,154,ES1 0,0.0
mean,2040,21,155,ES1 0,0.0
mean,2040,21,156,ES1 0,0.0
mean,2040,21,157,ES1 0,0.0
mean,2040,21,158,ES1 0,0.0
mean,2040,21,159,ES1 0,0.0
mean,2040,21,160,ES1 0,0.0
mean,2040,21,161,ES1 0,0.0
mean,2040,21,162,ES1 0,0.0
mean,2040,21,163,ES1 0,0.0
mean,2040,21,164,ES1 0,0.0
mean,2040,21,165,ES1 0,0.0
mean,2040,21,166,ES1 0,0.0
mean,2040,21,167,ES1 0,0.0
mean,2040,42,0,ES1 0,0.0
mean,2040,42,1,ES1 0,0.0
mean,2040,42,2,ES1 0,0.0
mean,2040,42,3,ES1 0,0.0
mean,2040,42,4,ES1 0,0.0
mean,2040,42,5,ES1 0,0.0
mean,2040,42,6,ES1 0,0.0
mean,2040,42,7,ES1 0,0.0
mean,2040,42,8,ES1 0,0.0
mean,2040,42,9,ES1 0,0.0
mean,2040,42,10,ES1 0,0.0
mean,2040,42,11,ES1 0,0.0
mean,2040,42,12,ES1 0,0.0
mean,2040,42,13,ES1 0,0.0
mean,2040,42,14,ES1 0,0.0
mean,2040,42,15,ES1 0,0.0
mean,2040,42,16,ES1 0,0.0
mean,2040,42,17,ES1 0,0.0
mean,2040,42,18,ES1 0,0.0
mean,2040,42,19,ES1 0,0.0
mean,2040,42,20,ES1 0,0.0
mean,2040,42,21,ES1 0,0.0
mean,2040,42,22,ES1 0,0.0
mean,2040,42,23,ES1 0,0.0
mean,2040,42,24,ES1 0,0.0
mean,2040,42,25,ES1 0,0.0
mean,2040,42,26,ES1 0,0.0
mean,2040,42,27,ES1 0,0.0
mean,2040,42,28,ES1 0,0.0
mean,2040,42,29,ES1 0,0.0
mean,2040,42,30,ES1 0,0.0
mean,2040,42,31,ES1 0,0.0
mean,2040,42,32,ES1 0,0.0
mean,2040,42,33,ES1 0,0.0
mean,2040,42,34,ES1 0,0.0
mean,2040,42,35,ES1 0,0.0
mean,2040,42,36,ES1 0,0.0
mean,2040,42,37,ES1 0,0.0
mean,2040,42,38,ES1 0,0.0
mean,2040,42,39,ES1 0,0.0
mean,2040,42,40,ES1 0,0.0
mean,2040,42,41,ES1 0,0.0
mean,2040,42,42,ES1 0,0.0
mean,2040,42,43,ES1 0,0.0
mean,2040,42,44,ES1 0,0.0
mean,2040,42,45,ES1 0,0.0
mean,2040,42,46,ES1 0,0.0
mean,2040,42,47,ES1 0,0.0
mean,2040,42,48,ES1 0,0.0
mean,2040,42,49,ES1 0,0.0
mean,2040,42,50,ES1 0,0.0
mean,2040,42,51,ES1 0,0.0
mean,2040,42,52,ES1 0,0.0
mean,2040,42,53,ES1 0,0.0
mean,2040,42,54,ES1 0,0.0
mean,2040,42,55,ES1 0,0.0
mean,2040,42,56,ES1 0,0.0
mean,2040,42,57,ES1 0,0.0
mean,2040,42,58,ES1 0,0.0
mean,2040,42,59,ES1 0,0.0
mean,2040,42,60,ES1 0,0.0
mean,2040,42,61,ES1 0,0.0
mean,2040,42,62,ES1 0,0.0
mean,2040,42,63,ES1 0,0.0
mean,2040,42,64,ES1 0,0.0
mean,2040,42,65,ES1 0,0.0
mean,2040,42,66,ES1 0,0.0
mean,2040,42,67,ES1 0,0.0
mean,2040,42,68,ES1 0,0.0
mean,2040,42,69,ES1 0,0.0
mean,2040,42,70,ES1 0,0.0
mean,2040,42,71,ES1 0,0.0
mean,2040,42,72,ES1 0,0.0
mean,2040,42,73,ES1 0,0.0
mean,2040,42,74,ES1 0,0.0
mean,2040,42,75,ES1 0,0.0
mean,2040,42,76,ES1 0,0.0
mean,2040,42,77,ES1 0,0.0
mean,2040,42,78,ES1 0,0.0
mean,2040,42,79,ES1 0,0.0
mean,2040,42,80,ES1 0,0.0
mean,2040,42,81,ES1 0,0.0
mean,2040,42,82,ES1 0,0.0
mean,2040,42,83,ES1 0,0.0
mean,2040,42,84,ES1 0,0.0
mean,2040,42,85,ES1 0,0.0
mean,2040,42,86,ES1 0,0.0
mean,2040,42,87,ES1 0,0.0
mean,2040,42,88,ES1 0,0.0
mean,2040,42,89,ES1 0,0.0
mean,2040,42,90,ES1 0,0.0
mean,2040,42,91,ES1 0,0.0
mean,2040,42,92,ES1 0,0.0
mean,2040,42,93,ES1 0,0.0
mean,2040,42,94,ES1 0,0.0
mean,2040,42,95,ES1 0,0.0
mean,2040,42,96,ES1 0,0.0
mean,2040,42,97,ES1 0,0.0
mean,2040,42,98,ES1 0,0.0
mean,2040,42,99,ES1 0,0.0
mean,2040,42,100,ES1 0,0.0
mean,2040,42,101,ES1 0,0.0
mean,2040,42,102,ES1 0,0.0
mean,2040,42,103,ES1 0,0.0
mean,2040,42,104,ES1 0,0.0
mean,2040,42,105,ES1 0,0.0
mean,2040,42,106,ES1 0,0.0
mean,2040,42,107,ES1 0,0.0
mean,2040,42,108,ES1 0,0.0
mean,2040,42,109,ES1 0,0.0
mean,2040,42,110,ES1 0,0.0
mean,2040,42,111,ES1 0,0.0
mean,2040,42,112,ES1 0,0.0
mean,2040,42,113,ES1 0,0.0
mean,2040,42,114,ES1 0,0.0
mean,2040,42,115,ES1 0,0.0
mean,2040,42,116,ES1 0,0.0
mean,2040,42,117,ES1 0,0.0
mean,2040,42,118,ES1 0,0.0
mean,2040,42,119,ES1 0,0.0
mean,2040,42,120,ES1 0,0.0
mean,2040,42,121,ES1 0,0.0
mean,2040,42,122,ES1 0,0.0
mean,2040,42,123,ES1 0,0.0
mean,2040,42,124,ES1 0,0.0
mean,2040,42,125,ES1 0,0.0
mean,2040,42,126,ES1 0,0.0
mean,2040,42,127,ES1 0,0.0
mean,2040,42,128,ES1 0,0.0
mean,2040,42,129,ES1 0,0.0
mean,2040,42,130,ES1 0,0.0
mean,2040,42,131,ES1 0,0.0
mean,2040,42,132,ES1 0,0.0
mean,2040,42,133,ES1 0,0.0
mean,2040,42,134,ES1 0,0.0
mean,2040,42,135,ES1 0,0.0
mean,2040,42,136,ES1 0,0.0
mean,2040,42,137,ES1 0,0.0
mean,2040,42,138,ES1 0,0.0
mean,2040,42,139,ES1 0,0.0
mean,2040,42,140,ES1 0,0.0
mean,2040,42,141,ES1 0,0.0
mean,2040,42,142,ES1 0,0.0
mean,2040,42,143,ES1 0,0.0
mean,2040,42,144,ES1 0,0.0
mean,2040,42,145,ES1 0,0.0
mean,2040,42,146,ES1 0,0.0
mean,2040,42,147,ES1 0,0.0
mean,2040,42,148,ES1 0,0.0
mean,2040,42,149,ES1 0,0.0
mean,2040,42,150,ES1 0,0.0
mean,2040,42,151,ES1 0,0.0
mean,2040,42,152,ES1 0,0.0
mean,2040,42,153,ES1 0,0.0
mean,2040,42,154,ES1 0,0.0
mean,2040,42,155,ES1 0,0.0
mean,2040,42,156,ES1 0,0.0
mean,2040,42,157,ES1 0,0.0
mean,2040,42,158,ES1 0,0.0
mean,2040,42,159,ES1 0,0.0
mean,2040,42,160,ES1 0,0.0
mean,2040,42,161,ES1 0,0.0
mean,2040,42,162,ES1 0,0.0
mean,2040,42,163,ES1 0,0.0
mean,2040,42,164,ES1 0,0.0
mean,2040,42,165,ES1 0,0.0
mean,2040,42,166,ES1 0,0.0
mean,2040,42,167,ES1 0,0.0
mean,2040,52,0,ES1 0,0.0
mean,2040,52,1,ES1 0,0.0
mean,2040,52,2,ES1 0,0.0
mean,2040,52,3,ES1 0,0.0
mean,2040,52,4,ES1 0,0.0
mean,2040,52,5,ES1 0,0.0
mean,2040,52,6,ES1 0,0.0
mean,2040,52,7,ES1 0,0.0
mean,2040,52,8,ES1 0,0.0
mean,2040,52,9,ES1 0,0.0
mean,2040,52,10,ES1 0,0.0
mean,2040,52,11,ES1 0,0.0
mean,2040,52,12,ES1 0,0.0
mean,2040,52,13,ES1 0,0.0
mean,2040,52,14,ES1 0,0.0
mean,2040,52,15,ES1 0,0.0
mean,2040,52,16,ES1 0,0.0
mean,2040,52,17,ES1 0,0.0
mean,2040,52,18,ES1 0,0.0
mean,2040,52,19,ES1 0,0.0
mean,2040,52,20,ES1 0,0.0
mean,2040,52,21,ES1 0,0.0
mean,2040,52,22,ES1 0,0.0
mean,2040,52,23,ES1 0,0.0
mean,2040,52,24,ES1 0,0.0
mean,2040,52,25,ES1 0,0.0
mean,2040,52,26,ES1 0,0.0
mean,2040,52,27,ES1 0,0.0
mean,2040,52,28,ES1 0,0.0
mean,2040,52,29,ES1 0,0.0
mean,2040,52,30,ES1 0,0.0
mean,2040,52,31,ES1 0,0.0
mean,2040,52,32,ES1 0,0.0
mean,2040,52,33,ES1 0,0.0
mean,2040,52,34,ES1 0,0.0
mean,2040,52,35,ES1 0,0.0
mean,2040,52,36,ES1 0,0.0
mean,2040,52,37,ES1 0,0.0
mean,2040,52,38,ES1 0,0.0
mean,2040,52,39,ES1 0,0.0
mean,2040,52,40,ES1 0,0.0
mean,2040,52,41,ES1 0,0.0
mean,2040,52,42,ES1 0,0.0
mean,2040,52,43,ES1 0,0.0
mean,2040,52,44,ES1 0,0.0
mean,2040,52,45,ES1 0,0.0
mean,2040,52,46,ES1 0,0.0
mean,2040,52,47,ES1 0,0.0
mean,2040,52,48,ES1 0,0.0
mean,2040,52,49,ES1 0,0.0
mean,2040,52,50,ES1 0,0.0
mean,2040,52,51,ES1 0,0.0
mean,2040,52,52,ES1 0,0.0
mean,2040,52,53,ES1 0,0.0
mean,2040,52,54,ES1 0,0.0
mean,2040,52,55,ES1 0,0.0
mean,2040,52,56,ES1 0,0.0
mean,2040,52,57,ES1 0,0.0
mean,2040,52,58,ES1 0,0.0
mean,2040,52,59,ES1 0,0.0
mean,2040,52,60,ES1 0,0.0
mean,2040,52,61,ES1 0,0.0
mean,2040,52,62,ES1 0,0.0
mean,2040,52,63,ES1 0,0.0
mean,2040,52,64,ES1 0,0.0
mean,2040,52,65,ES1 0,0.0
mean,2040,52,66,ES1 0,0.0
mean,2040,52,67,ES1 0,0.0
mean,2040,52,68,ES1 0,0.0
mean,2040,52,69,ES1 0,0.0
mean,2040,52,70,ES1 0,0.0
mean,2040,52,71,ES1 0,0.0
mean,2040,52,72,ES1 0,0.0
mean,2040,52,73,ES1 0,0.0
mean,2040,52,74,ES1 0,0.0
mean,2040,52,75,ES1 0,0.0
mean,2040,52,76,ES1 0,0.0
mean,2040,52,77,ES1 0,0.0
mean,2040,52,78,ES1 0,0.0
mean,2040,52,79,ES1 0,0.0
mean,2040,52,80,ES1 0,0.0
mean,2040,52,81,ES1 0,0.0
mean,2040,52,82,ES1 0,0.0
mean,2040,52,83,ES1 0,0.0
mean,2040,52,84,ES1 0,0.0
mean,2040,52,85,ES1 0,0.0
mean,2040,52,86,ES1 0,0.0
mean,2040,52,87,ES1 0,0.0
mean,2040,52,88,ES1 0,0.0
mean,2040,52,89,ES1 0,0.0
mean,2040,52,90,ES1 0,0.0
mean,2040,52,91,ES1 0,0.0
mean,2040,52,92,ES1 0,0.0
mean,2040,52,93,ES1 0,0.0
mean,2040,52,94,ES1 0,0.0
mean,2040,52,95,ES1 0,0.0
mean,2040,52,96,ES1 0,0.0
mean,2040,52,97,ES1 0,0.0
mean,2040,52,98,ES1 0,0.0
mean,2040,52,99,ES1 0,0.0
mean,2040,52,100,ES1 0,0.0
mean,2040,52,101,ES1 0,0.0
mean,2040,52,102,ES1 0,0.0
mean,2040,52,103,ES1 0,0.0
mean,2040,52,104,ES1 0,0.0
mean,2040,52,105,ES1 0,0.0
mean,2040,52,106,ES1 0,0.0
mean,2040,52,107,ES1 0,0.0
mean,2040,52,108,ES1 0,0.0
mean,2040,52,109,ES1 0,0.0
mean,2040,52,110,ES1 0,0.0
mean,2040,52,111,ES1 0,0.0
mean,2040,52,112,ES1 0,0.0
mean,2040,52,113,ES1 0,0.0
mean,2040,52,114,ES1 0,0.0
mean,2040,52,115,ES1 0,0.0
mean,2040,52,116,ES1 0,0.0
mean,2040,52,117,ES1 0,0.0
mean,2040,52,118,ES1 0,0.0
mean,2040,52,119,ES1 0,0.0
mean,2040,52,120,ES1 0,0.0
mean,2040,52,121,ES1 0,0.0
mean,2040,52,122,ES1 0,0.0
mean,2040,52,123,ES1 0,0.0
mean,2040,52,124,ES1 0,0.0
mean,2040,52,125,ES1 0,0.0
mean,2040,52,126,ES1 0,0.0
mean,2040,52,127,ES1 0,0.0
mean,2040,52,128,ES1 0,0.0
mean,2040,52,129,ES1 0,0.0
mean,2040,52,130,ES1 0,0.0
mean,2040,52,131,ES1 0,0.0
mean,2040,52,132,ES1 0,0.0
mean,2040,52,133,ES1 0,0.0
mean,2040,52,134,ES1 0,0.0
mean,2040,52,135,ES1 0,0.0
mean,2040,52,136,ES1 0,0.0
mean,2040,52,137,ES1 0,0.0
mean,2040,52,138,ES1 0,0.0
mean,2040,52,139,ES1 0,0.0
mean,2040,52,140,ES1 0,0.0
mean,2040,52,141,ES1 0,0.0
mean,2040,52,142,ES1 0,0.0
mean,2040,52,143,ES1 0,0.0
mean,2040,52,144,ES1 0,0.0
mean,2040,52,145,ES1 0,0.0
mean,2040,52,146,ES1 0,0.0
mean,2040,52,147,ES1 0,0.0
mean,2040,52,148,ES1 0,0.0
mean,2040,52,149,ES1 0,0.0
mean,2040,52,150,ES1 0,0.0
mean,2040,52,151,ES1 0,0.0
mean,2040,52,152,ES1 0,0.0
mean,2040,52,153,ES1 0,0.0
mean,2040,52,154,ES1 0,0.0
mean,2040,52,155,ES1 0,0.0
mean,2040,52,156,ES1 0,0.0
mean,2040,52,157,ES1 0,0.0
mean,2040,52,158,ES1 0,0.0
mean,2040,52,159,ES1 0,0.0
mean,2040,52,160,ES1 0,0.0
mean,2040,52,161,ES1 0,0.0
mean,2040,52,162,ES1 0,0.0
mean,2040,52,163,ES1 0,0.0
mean,2040,52,164,ES1 0,0.0
mean,2040,52,165,ES1 0,0.0
mean,2040,52,166,ES1 0,0.0
mean,2040,52,167,ES1 0,0.0
mean,2050,11,0,ES1 0,0.0
mean,2050,11,1,ES1 0,0.0
mean,2050,11,2,ES1 0,0.0
mean,2050,11,3,ES1 0,0.0
mean,2050,11,4,ES1 0,0.0
mean,2050,11,5,ES1 0,0.0
mean,2050,11,6,ES1 0,0.0
mean,2050,11,7,ES1 0,0.0
mean,2050,11,8,ES1 0,0.0
mean,2050,11,9,ES1 0,0.0
mean,2050,11,10,ES1 0,0.0
mean,2050,11,11,ES1 0,0.0
mean,2050,11,12,ES1 0,0.0
mean,2050,11,13,ES1 0,0.0
mean,2050,11,14,ES1 0,0.0
mean,2050,11,15,ES1 0,0.0
mean,2050,11,16,ES1 0,0.0
mean,2050,11,17,ES1 0,0.0
mean,2050,11,18,ES1 0,0.0
mean,2050,11,19,ES1 0,0.0
mean,2050,11,20,ES1 0,0.0
mean,2050,11,21,ES1 0,0.0
mean,2050,11,22,ES1 0,0.0
mean,2050,11,23,ES1 0,0.0
mean,2050,11,24,ES1 0,0.0
mean,2050,11,25,ES1 0,0.0
mean,2050,11,26,ES1 0,0.0
mean,2050,11,27,ES1 0,0.0
mean,2050,11,28,ES1 0,0.0
mean,2050,11,29,ES1 0,0.0
mean,2050,11,30,ES1 0,0.0
mean,2050,11,31,ES1 0,0.0
mean,2050,11,32,ES1 0,0.0
mean,2050,11,33,ES1 0,0.0
mean,2050,11,34,ES1 0,0.0
mean,2050,11,35,ES1 0,0.0
mean,2050,11,36,ES1 0,0.0
mean,2050,11,37,ES1 0,0.0
mean,2050,11,38,ES1 0,0.0
mean,2050,11,39,ES1 0,0.0
mean,2050,11,40,ES1 0,0.0
mean,2050,11,41,ES1 0,0.0
mean,2050,11,42,ES1 0,0.0
mean,2050,11,43,ES1 0,0.0
mean,2050,11,44,ES1 0,0.0
mean,2050,11,45,ES1 0,0.0
mean,2050,11,46,ES1 0,0.0
mean,2050,11,47,ES1 0,0.0
mean,2050,11,48,ES1 0,0.0
mean,2050,11,49,ES1 0,0.0
mean,2050,11,50,ES1 0,0.0
mean,2050,11,51,ES1 0,0.0
mean,2050,11,52,ES1 0,0.0
mean,2050,11,53,ES1 0,0.0
mean,2050,11,54,ES1 0,0.0
mean,2050,11,55,ES1 0,0.0
mean,2050,11,56,ES1 0,0.0
mean,2050,11,57,ES1 0,0.0
mean,2050,11,58,ES1 0,0.0
mean,2050,11,59,ES1 0,0.0
mean,2050,11,60,ES1 0,0.0
mean,2050,11,61,ES1 0,0.0
mean,2050,11,62,ES1 0,0.0
mean,2050,11,63,ES1 0,0.0
mean,2050,11,64,ES1 0,0.0
mean,2050,11,65,ES1 0,0.0
mean,2050,11,66,ES1 0,0.0
mean,2050,11,67,ES1 0,0.0
mean,2050,11,68,ES1 0,0.0
mean,2050,11,69,ES1 0,0.0
mean,2050,11,70,ES1 0,0.0
mean,2050,11,71,ES1 0,0.0
mean,2050,11,72,ES1 0,0.0
mean,2050,11,73,ES1 0,0.0
mean,2050,11,74,ES1 0,0.0
mean,2050,11,75,ES1 0,0.0
mean,2050,11,76,ES1 0,0.0
mean,2050,11,77,ES1 0,0.0
mean,2050,11,78,ES1 0,0.0
mean,2050,11,79,ES1 0,0.0
mean,2050,11,80,ES1 0,0.0
mean,2050,11,81,ES1 0,0.0
mean,2050,11,82,ES1 0,0.0
mean,2050,11,83,ES1 0,0.0
mean,2050,11,84,ES1 0,0.0
mean,2050,11,85,ES1 0,0.0
mean,2050,11,86,ES1 0,0.0
mean,2050,11,87,ES1 0,0.0
mean,2050,11,88,ES1 0,0.0
mean,2050,11,89,ES1 0,0.0
mean,2050,11,90,ES1 0,0.0
mean,2050,11,91,ES1 0,0.0
mean,2050,11,92,ES1 0,0.0
mean,2050,11,93,ES1 0,0.0
mean,2050,11,94,ES1 0,0.0
mean,2050,11,95,ES1 0,0.0
mean,2050,11,96,ES1 0,0.0
mean,2050,11,97,ES1 0,0.0
mean,2050,11,98,ES1 0,0.0
mean,2050,11,99,ES1 0,0.0
mean,2050,11,100,ES1 0,0.0
mean,2050,11,101,ES1 0,0.0
mean,2050,11,102,ES1 0,0.0
mean,2050,11,103,ES1 0,0.0
mean,2050,11,104,ES1 0,0.0
mean,2050,11,105,ES1 0,0.0
mean,2050,11,106,ES1 0,0.0
mean,2050,11,107,ES1 0,0.0
mean,2050,11,108,ES1 0,0.0
mean,2050,11,109,ES1 0,0.0
mean,2050,11,110,ES1 0,0.0
mean,2050,11,111,ES1 0,0.0
mean,2050,11,112,ES1 0,0.0
mean,2050,11,113,ES1 0,0.0
mean,2050,11,114,ES1 0,0.0
mean,2050,11,115,ES1 0,0.0
mean,2050,11,116,ES1 0,0.0
mean,2050,11,117,ES1 0,0.0
mean,2050,11,118,ES1 0,0.0
mean,2050,11,119,ES1 0,0.0
mean,2050,11,120,ES1 0,0.0
mean,2050,11,121,ES1 0,0.0
mean,2050,11,122,ES1 0,0.0
mean,2050,11,123,ES1 0,0.0
mean,2050,11,124,ES1 0,0.0
mean,2050,11,125,ES1 0,0.0
mean,2050,11,126,ES1 0,0.0
mean,2050,11,127,ES1 0,0.0
mean,2050,11,128,ES1 0,0.0
mean,2050,11,129,ES1 0,0.0
mean,2050,11,130,ES1 0,0.0
mean,2050,11,131,ES1 0,0.0
mean,2050,11,132,ES1 0,0.0
mean,2050,11,133,ES1 0,0.0
mean,2050,11,134,ES1 0,0.0
mean,2050,11,135,ES1 0,0.0
mean,2050,11,136,ES1 0,0.0
mean,2050,11,137,ES1 0,0.0
mean,2050,11,138,ES1 0,0.0
mean,2050,11,139,ES1 0,0.0
mean,2050,11,140,ES1 0,0.0
mean,2050,11,141,ES1 0,0.0
mean,2050,11,142,ES1 0,0.0
mean,2050,11,143,ES1 0,0.0
mean,2050,11,144,ES1 0,0.0
mean,2050,11,145,ES1 0,0.0
mean,2050,11,146,ES1 0,0.0
mean,2050,11,147,ES1 0,0.0
mean,2050,11,148,ES1 0,0.0
mean,2050,11,149,ES1 0,0.0
mean,2050,11,150,ES1 0,0.0
mean,2050,11,151,ES1 0,0.0
mean,2050,11,152,ES1 0,0.0
mean,2050,11,153,ES1 0,0.0
mean,2050,11,154,ES1 0,0.0
mean,2050,11,155,ES1 0,0.0
mean,2050,11,156,ES1 0,0.0
mean,2050,11,157,ES1 0,0.0
mean,2050,11,158,ES1 0,0.0
mean,2050,11,159,ES1 0,0.0
mean,2050,11,160,ES1 0,0.0
mean,2050,11,161,ES1 0,0.0
mean,2050,11,162,ES1 0,0.0
mean,2050,11,163,ES1 0,0.0
mean,2050,11,164,ES1 0,0.0
mean,2050,11,165,ES1 0,0.0
mean,2050,11,166,ES1 0,0.0
mean,2050,11,167,ES1 0,0.0
mean,2050,21,0,ES1 0,0.0
mean,2050,21,1,ES1 0,0.0
mean,2050,21,2,ES1 0,0.0
mean,2050,21,3,ES1 0,0.0
mean,2050,21,4,ES1 0,0.0
mean,2050,21,5,ES1 0,0.0
mean,2050,21,6,ES1 0,0.0
mean,2050,21,7,ES1 0,0.0
mean,2050,21,8,ES1 0,0.0
mean,2050,21,9,ES1 0,0.0
mean,2050,21,10,ES1 0,0.0
mean,2050,21,11,ES1 0,0.0
mean,2050,21,12,ES1 0,0.0
mean,2050,21,13,ES1 0,0.0
mean,2050,21,14,ES1 0,0.0
mean,2050,21,15,ES1 0,0.0
mean,2050,21,16,ES1 0,0.0
mean,2050,21,17,ES1 0,0.0
mean,2050,21,18,ES1 0,0.0
mean,2050,21,19,ES1 0,0.0
mean,2050,21,20,ES1 0,0.0
mean,2050,21,21,ES1 0,0.0
mean,2050,21,22,ES1 0,0.0
mean,2050,21,23,ES1 0,0.0
mean,2050,21,24,ES1 0,0.0
mean,2050,21,25,ES1 0,0.0
mean,2050,21,26,ES1 0,0.0
mean,2050,21,27,ES1 0,0.0
mean,2050,21,28,ES1 0,0.0
mean,2050,21,29,ES1 0,0.0
mean,2050,21,30,ES1 0,0.0
mean,2050,21,31,ES1 0,0.0
mean,2050,21,32,ES1 0,0.0
mean,2050,21,33,ES1 0,0.0
mean,2050,21,34,ES1 0,0.0
mean,2050,21,35,ES1 0,0.0
mean,2050,21,36,ES1 0,0.0
mean,2050,21,37,ES1 0,0.0
mean,2050,21,38,ES1 0,0.0
mean,2050,21,39,ES1 0,0.0
mean,2050,21,40,ES1 0,0.0
mean,2050,21,41,ES1 0,0.0
mean,2050,21,42,ES1 0,0.0
mean,2050,21,43,ES1 0,0.0
mean,2050,21,44,ES1 0,0.0
mean,2050,21,45,ES1 0,0.0
mean,2050,21,46,ES1 0,0.0
mean,2050,21,47,ES1 0,0.0
mean,2050,21,48,ES1 0,0.0
mean,2050,21,49,ES1 0,0.0
mean,2050,21,50,ES1 0,0.0
mean,2050,21,51,ES1 0,0.0
mean,2050,21,52,ES1 0,0.0
mean,2050,21,53,ES1 0,0.0
mean,2050,21,54,ES1 0,0.0
mean,2050,21,55,ES1 0,0.0
mean,2050,21,56,ES1 0,0.0
mean,2050,21,57,ES1 0,0.0
mean,2050,21,58,ES1 0,0.0
mean,2050,21,59,ES1 0,0.0
mean,2050,21,60,ES1 0,0.0
mean,2050,21,61,ES1 0,0.0
mean,2050,21,62,ES1 0,0.0
mean,2050,21,63,ES1 0,0.0
mean,2050,21,64,ES1 0,0.0
mean,2050,21,65,ES1 0,0.0
mean,2050,21,66,ES1 0,0.0
mean,2050,21,67,ES1 0,0.0
mean,2050,21,68,ES1 0,0.0
mean,2050,21,69,ES1 0,0.0
mean,2050,21,70,ES1 0,0.0
mean,2050,21,71,ES1 0,0.0
mean,2050,21,72,ES1 0,0.0
mean,2050,21,73,ES1 0,0.0
mean,2050,21,74,ES1 0,0.0
mean,2050,21,75,ES1 0,0.0
mean,2050,21,76,ES1 0,0.0
mean,2050,21,77,ES1 0,0.0
mean,2050,21,78,ES1 0,0.0
mean,2050,21,79,ES1 0,0.0
mean,2050,21,80,ES1 0,0.0
mean,2050,21,81,ES1 0,0.0
mean,2050,21,82,ES1 0,0.0
mean,2050,21,83,ES1 0,0.0
mean,2050,21,84,ES1 0,0.0
mean,2050,21,85,ES1 0,0.0
mean,2050,21,86,ES1 0,0.0
mean,2050,21,87,ES1 0,0.0
mean,2050,21,88,ES1 0,0.0
mean,2050,21,89,ES1 0,0.0
mean,2050,21,90,ES1 0,0.0
mean,2050,21,91,ES1 0,0.0
mean,2050,21,92,ES1 0,0.0
mean,2050,21,93,ES1 0,0.0
mean,2050,21,94,ES1 0,0.0
mean,2050,21,95,ES1 0,0.0
mean,2050,21,96,ES1 0,0.0
mean,2050,21,97,ES1 0,0.0
mean,2050,21,98,ES1 0,0.0
mean,2050,21,99,ES1 0,0.0
mean,2050,21,100,ES1 0,0.0
mean,2050,21,101,ES1 0,0.0
mean,2050,21,102,ES1 0,0.0
mean,2050,21,103,ES1 0,0.0
mean,2050,21,104,ES1 0,0.0
mean,2050,21,105,ES1 0,0.0
mean,2050,21,106,ES1 0,0.0
mean,2050,21,107,ES1 0,0.0
mean,2050,21,108,ES1 0,0.0
mean,2050,21,109,ES1 0,0.0
mean,2050,21,110,ES1 0,0.0
mean,2050,21,111,ES1 0,0.0
mean,2050,21,112,ES1 0,0.0
mean,2050,21,113,ES1 0,0.0
mean,2050,21,114,ES1 0,0.0
mean,2050,21,115,ES1 0,0.0
mean,2050,21,116,ES1 0,0.0
mean,2050,21,117,ES1 0,0.0
mean,2050,21,118,ES1 0,0.0
mean,2050,21,119,ES1 0,0.0
mean,2050,21,120,ES1 0,0.0
mean,2050,21,121,ES1 0,0.0
mean,2050,21,122,ES1 0,0.0
mean,2050,21,123,ES1 0,0.0
mean,2050,21,124,ES1 0,0.0
mean,2050,21,125,ES1 0,0.0
mean,2050,21,126,ES1 0,0.0
mean,2050,21,127,ES1 0,0.0
mean,2050,21,128,ES1 0,0.0
mean,2050,21,129,ES1 0,0.0
mean,2050,21,130,ES1 0,0.0
mean,2050,21,131,ES1 0,0.0
mean,2050,21,132,ES1 0,0.0
mean,2050,21,133,ES1 0,0.0
mean,2050,21,134,ES1 0,0.0
mean,2050,21,135,ES1 0,0.0
mean,2050,21,136,ES1 0,0.0
mean,2050,21,137,ES1 0,0.0
mean,2050,21,138,ES1 0,0.0
mean,2050,21,139,ES1 0,0.0
mean,2050,21,140,ES1 0,0.0
mean,2050,21,141,ES1 0,0.0
mean,2050,21,142,ES1 0,0.0
mean,2050,21,143,ES1 0,0.0
mean,2050,21,144,ES1 0,0.0
mean,2050,21,145,ES1 0,0.0
mean,2050,21,146,ES1 0,0.0
mean,2050,21,147,ES1 0,0.0
mean,2050,21,148,ES1 0,0.0
mean,2050,21,149,ES1 0,0.0
mean,2050,21,150,ES1 0,0.0
mean,2050,21,151,ES1 0,0.0
mean,2050,21,152,ES1 0,0.0
mean,2050,21,153,ES1 0,0.0
mean,2050,21,154,ES1 0,0.0
mean,2050,21,155,ES1 0,0.0
mean,2050,21,156,ES1 0,0.0
mean,2050,21,157,ES1 0,0.0
mean,2050,21,158,ES1 0,0.0
mean,2050,21,159,ES1 0,0.0
mean,2050,21,160,ES1 0,0.0
mean,2050,21,161,ES1 0,0.0
mean,2050,21,162,ES1 0,0.0
mean,2050,21,163,ES1 0,0.0
mean,2050,21,164,ES1 0,0.0
mean,2050,21,165,ES1 0,0.0
mean,2050,21,166,ES1 0,0.0
mean,2050,21,167,ES1 0,0.0
mean,2050,42,0,ES1 0,0.0
mean,2050,42,1,ES1 0,0.0
mean,2050,42,2,ES1 0,0.0
mean,2050,42,3,ES1 0,0.0
mean,2050,42,4,ES1 0,0.0
mean,2050,42,5,ES1 0,0.0
mean,2050,42,6,ES1 0,0.0
mean,2050,42,7,ES1 0,0.0
mean,2050,42,8,ES1 0,0.0
mean,2050,42,9,ES1 0,0.0
mean,2050,42,10,ES1 0,0.0
mean,2050,42,11,ES1 0,0.0
mean,2050,42,12,ES1 0,0.0
mean,2050,42,13,ES1 0,0.0
mean,2050,42,14,ES1 0,0.0
mean,2050,42,15,ES1 0,0.0
mean,2050,42,16,ES1 0,0.0
mean,2050,42,17,ES1 0,0.0
mean,2050,42,18,ES1 0,0.0
mean,2050,42,19,ES1 0,0.0
mean,2050,42,20,ES1 0,0.0
mean,2050,42,21,ES1 0,0.0
mean,2050,42,22,ES1 0,0.0
mean,2050,42,23,ES1 0,0.0
mean,2050,42,24,ES1 0,0.0
mean,2050,42,25,ES1 0,0.0
mean,2050,42,26,ES1 0,0.0
mean,2050,42,27,ES1 0,0.0
mean,2050,42,28,ES1 0,0.0
mean,2050,42,29,ES1 0,0.0
mean,2050,42,30,ES1 0,0.0
mean,2050,42,31,ES1 0,0.0
mean,2050,42,32,ES1 0,0.0
mean,2050,42,33,ES1 0,0.0
mean,2050,42,34,ES1 0,0.0
mean,2050,42,35,ES1 0,0.0
mean,2050,42,36,ES1 0,0.0
mean,2050,42,37,ES1 0,0.0
mean,2050,42,38,ES1 0,0.0
mean,2050,42,39,ES1 0,0.0
mean,2050,42,40,ES1 0,0.0
mean,2050,42,41,ES1 0,0.0
mean,2050,42,42,ES1 0,0.0
mean,2050,42,43,ES1 0,0.0
mean,2050,42,44,ES1 0,0.0
mean,2050,42,45,ES1 0,0.0
mean,2050,42,46,ES1 0,0.0
mean,2050,42,47,ES1 0,0.0
mean,2050,42,48,ES1 0,0.0
mean,2050,42,49,ES1 0,0.0
mean,2050,42,50,ES1 0,0.0
mean,2050,42,51,ES1 0,0.0
mean,2050,42,52,ES1 0,0.0
mean,2050,42,53,ES1 0,0.0
mean,2050,42,54,ES1 0,0.0
mean,2050,42,55,ES1 0,0.0
mean,2050,42,56,ES1 0,0.0
mean,2050,42,57,ES1 0,0.0
mean,2050,42,58,ES1 0,0.0
mean,2050,42,59,ES1 0,0.0
mean,2050,42,60,ES1 0,0.0
mean,2050,42,61,ES1 0,0.0
mean,2050,42,62,ES1 0,0.0
mean,2050,42,63,ES1 0,0.0
mean,2050,42,64,ES1 0,0.0
mean,2050,42,65,ES1 0,0.0
mean,2050,42,66,ES1 0,0.0
mean,2050,42,67,ES1 0,0.0
mean,2050,42,68,ES1 0,0.0
mean,2050,42,69,ES1 0,0.0
mean,2050,42,70,ES1 0,0.0
mean,2050,42,71,ES1 0,0.0
mean,2050,42,72,ES1 0,0.0
mean,2050,42,73,ES1 0,0.0
mean,2050,42,74,ES1 0,0.0
mean,2050,42,75,ES1 0,0.0
mean,2050,42,76,ES1 0,0.0
mean,2050,42,77,ES1 0,0.0
mean,2050,42,78,ES1 0,0.0
mean,2050,42,79,ES1 0,0.0
mean,2050,42,80,ES1 0,0.0
mean,2050,42,81,ES1 0,0.0
mean,2050,42,82,ES1 0,0.0
mean,2050,42,83,ES1 0,0.0
mean,2050,42,84,ES1 0,0.0
mean,2050,42,85,ES1 0,0.0
mean,2050,42,86,ES1 0,0.0
mean,2050,42,87,ES1 0,0.0
mean,2050,42,88,ES1 0,0.0
mean,2050,42,89,ES1 0,0.0
mean,2050,42,90,ES1 0,0.0
mean,2050,42,91,ES1 0,0.0
mean,2050,42,92,ES1 0,0.0
mean,2050,42,93,ES1 0,0.0
mean,2050,42,94,ES1 0,0.0
mean,2050,42,95,ES1 0,0.0
mean,2050,42,96,ES1 0,0.0
mean,2050,42,97,ES1 0,0.0
mean,2050,42,98,ES1 0,0.0
mean,2050,42,99,ES1 0,0.0
mean,2050,42,100,ES1 0,0.0
mean,2050,42,101,ES1 0,0.0
mean,2050,42,102,ES1 0,0.0
mean,2050,42,103,ES1 0,0.0
mean,2050,42,104,ES1 0,0.0
mean,2050,42,105,ES1 0,0.0
mean,2050,42,106,ES1 0,0.0
mean,2050,42,107,ES1 0,0.0
mean,2050,42,108,ES1 0,0.0
mean,2050,42,109,ES1 0,0.0
mean,2050,42,110,ES1 0,0.0
mean,2050,42,111,ES1 0,0.0
mean,2050,42,112,ES1 0,0.0
mean,2050,42,113,ES1 0,0.0
mean,2050,42,114,ES1 0,0.0
mean,2050,42,115,ES1 0,0.0
mean,2050,42,116,ES1 0,0.0
mean,2050,42,117,ES1 0,0.0
mean,2050,42,118,ES1 0,0.0
mean,2050,42,119,ES1 0,0.0
mean,2050,42,120,ES1 0,0.0
mean,2050,42,121,ES1 0,0.0
mean,2050,42,122,ES1 0,0.0
mean,2050,42,123,ES1 0,0.0
mean,2050,42,124,ES1 0,0.0
mean,2050,42,125,ES1 0,0.0
mean,2050,42,126,ES1 0,0.0
mean,2050,42,127,ES1 0,0.0
mean,2050,42,128,ES1 0,0.0
mean,2050,42,129,ES1 0,0.0
mean,2050,42,130,ES1 0,0.0
mean,2050,42,131,ES1 0,0.0
mean,2050,42,132,ES1 0,0.0
mean,2050,42,133,ES1 0,0.0
mean,2050,42,134,ES1 0,0.0
mean,2050,42,135,ES1 0,0.0
mean,2050,42,136,ES1 0,0.0
mean,2050,42,137,ES1 0,0.0
mean,2050,42,138,ES1 0,0.0
mean,2050,42,139,ES1 0,0.0
mean,2050,42,140,ES1 0,0.0
mean,2050,42,141,ES1 0,0.0
mean,2050,42,142,ES1 0,0.0
mean,2050,42,143,ES1 0,0.0
mean,2050,42,144,ES1 0,0.0
mean,2050,42,145,ES1 0,0.0
mean,2050,42,146,ES1 0,0.0
mean,2050,42,147,ES1 0,0.0
mean,2050,42,148,ES1 0,0.0
mean,2050,42,149,ES1 0,0.0
mean,2050,42,150,ES1 0,0.0
mean,2050,42,151,ES1 0,0.0
mean,2050,42,152,ES1 0,0.0
mean,2050,42,153,ES1 0,0.0
mean,2050,42,154,ES1 0,0.0
mean,2050,42,155,ES1 0,0.0
mean,2050,42,156,ES1 0,0.0
mean,2050,42,157,ES1 0,0.0
mean,2050,42,158,ES1 0,0.0
mean,2050,42,159,ES1 0,0.0
mean,2050,42,160,ES1 0,0.0
mean,2050,42,161,ES1 0,0.0
mean,2050,42,162,ES1 0,0.0
mean,2050,42,163,ES1 0,0.0
mean,2050,42,164,ES1 0,0.0
mean,2050,42,165,ES1 0,0.0
mean,2050,42,166,ES1 0,0.0
mean,2050,42,167,ES1 0,0.0
mean,2050,52,0,ES1 0,0.0
mean,2050,52,1,ES1 0,0.0
mean,2050,52,2,ES1 0,0.0
mean,2050,52,3,ES1 0,0.0
mean,2050,52,4,ES1 0,0.0
mean,2050,52,5,ES1 0,0.0
mean,2050,52,6,ES1 0,0.0
mean,2050,52,7,ES1 0,0.0
mean,2050,52,8,ES1 0,0.0
mean,2050,52,9,ES1 0,0.0
mean,2050,52,10,ES1 0,0.0
mean,2050,52,11,ES1 0,0.0
mean,2050,52,12,ES1 0,0.0
mean,2050,52,13,ES1 0,0.0
mean,2050,52,14,ES1 0,0.0
mean,2050,52,15,ES1 0,0.0
mean,2050,52,16,ES1 0,0.0
mean,2050,52,17,ES1 0,0.0
mean,2050,52,18,ES1 0,0.0
mean,2050,52,19,ES1 0,0.0
mean,2050,52,20,ES1 0,0.0
mean,2050,52,21,ES1 0,0.0
mean,2050,52,22,ES1 0,0.0
mean,2050,52,23,ES1 0,0.0
mean,2050,52,24,ES1 0,0.0
mean,2050,52,25,ES1 0,0.0
mean,2050,52,26,ES1 0,0.0
mean,2050,52,27,ES1 0,0.0
mean,2050,52,28,ES1 0,0.0
mean,2050,52,29,ES1 0,0.0
mean,2050,52,30,ES1 0,0.0
mean,2050,52,31,ES1 0,0.0
mean,2050,52,32,ES1 0,0.0
mean,2050,52,33,ES1 0,0.0
mean,2050,52,34,ES1 0,0.0
mean,2050,52,35,ES1 0,0.0
mean,2050,52,36,ES1 0,0.0
mean,2050,52,37,ES1 0,0.0
mean,2050,52,38,ES1 0,0.0
mean,2050,52,39,ES1 0,0.0
mean,2050,52,40,ES1 0,0.0
mean,2050,52,41,ES1 0,0.0
mean,2050,52,42,ES1 0,0.0
mean,2050,52,43,ES1 0,0.0
mean,2050,52,44,ES1 0,0.0
mean,2050,52,45,ES1 0,0.0
mean,2050,52,46,ES1 0,0.0
mean,2050,52,47,ES1 0,0.0
mean,2050,52,48,ES1 0,0.0
mean,2050,52,49,ES1 0,0.0
mean,2050,52,50,ES1 0,0.0
mean,2050,52,51,ES1 0,0.0
mean,2050,52,52,ES1 0,0.0
mean,2050,52,53,ES1 0,0.0
mean,2050,52,54,ES1 0,0.0
mean,2050,52,55,ES1 0,0.0
mean,2050,52,56,ES1 0,0.0
mean,2050,52,57,ES1 0,0.0
mean,2050,52,58,ES1 0,0.0
mean,2050,52,59,ES1 0,0.0
mean,2050,52,60,ES1 0,0.0
mean,2050,52,61,ES1 0,0.0
mean,2050,52,62,ES1 0,0.0
mean,2050,52,63,ES1 0,0.0
mean,2050,52,64,ES1 0,0.0
mean,2050,52,65,ES1 0,0.0
mean,2050,52,66,ES1 0,0.0
mean,2050,52,67,ES1 0,0.0
mean,2050,52,68,ES1 0,0.0
mean,2050,52,69,ES1 0,0.0
mean,2050,52,70,ES1 0,0.0
mean,2050,52,71,ES1 0,0.0
mean,2050,52,72,ES1 0,0.0
mean,2050,52,73,ES1 0,0.0
mean,2050,52,74,ES1 0,0.0
mean,2050,52,75,ES1 0,0.0
mean,2050,52,76,ES1 0,0.0
mean,2050,52,77,ES1 0,0.0
mean,2050,52,78,ES1 0,0.0
mean,2050,52,79,ES1 0,0.0
mean,2050,52,80,ES1 0,0.0
mean,2050,52,81,ES1 0,0.0
mean,2050,52,82,ES1 0,0.0
mean,2050,52,83,ES1 0,0.0
mean,2050,52,84,ES1 0,0.0
mean,2050,52,85,ES1 0,0.0
mean,2050,52,86,ES1 0,0.0
mean,2050,52,87,ES1 0,0.0
mean,2050,52,88,ES1 0,0.0
mean,2050,52,89,ES1 0,0.0
mean,2050,52,90,ES1 0,0.0
mean,2050,52,91,ES1 0,0.0
mean,2050,52,92,ES1 0,0.0
mean,2050,52,93,ES1 0,0.0
mean,2050,52,94,ES1 0,0.0
mean,2050,52,95,ES1 0,0.0
mean,2050,52,96,ES1 0,0.0
mean,2050,52,97,ES1 0,0.0
mean,2050,52,98,ES1 0,0.0
mean,2050,52,99,ES1 0,0.0
mean,2050,52,100,ES1 0,0.0
mean,2050,52,101,ES1 0,0.0
mean,2050,52,102,ES1 0,0.0
mean,2050,52,103,ES1 0,0.0
mean,2050,52,104,ES1 0,0.0
mean,2050,52,105,ES1 0,0.0
mean,2050,52,106,ES1 0,0.0
mean,2050,52,107,ES1 0,0.0
mean,2050,52,108,ES1 0,0.0
mean,2050,52,109,ES1 0,0.0
mean,2050,52,110,ES1 0,0.0
mean,2050,52,111,ES1 0,0.0
mean,2050,52,112,ES1 0,0.0
mean,2050,52,113,ES1 0,0.0
mean,2050,52,114,ES1 0,0.0
mean,2050,52,115,ES1 0,0.0
mean,2050,52,116,ES1 0,0.0
mean,2050,52,117,ES1 0,0.0
mean,2050,52,118,ES1 0,0.0
mean,2050,52,119,ES1 0,0.0
mean,2050,52,120,ES1 0,0.0
mean,2050,52,121,ES1 0,0.0
mean,2050,52,122,ES1 0,0.0
mean,2050,52,123,ES1 0,0.0
mean,2050,52,124,ES1 0,0.0
mean,2050,52,125,ES1 0,0.0
mean,2050,52,126,ES1 0,0.0
mean,2050,52,127,ES1 0,0.0
mean,2050,52,128,ES1 0,0.0
mean,2050,52,129,ES1 0,0.0
mean,2050,52,130,ES1 0,0.0
mean,2050,52,131,ES1 0,0.0
mean,2050,52,132,ES1 0,0.0
mean,2050,52,133,ES1 0,0.0
mean,2050,52,134,ES1 0,0.0
mean,2050,52,135,ES1 0,0.0
mean,2050,52,136,ES1 0,0.0
mean,2050,52,137,ES1 0,0.0
mean,2050,52,138,ES1 0,0.0
mean,2050,52,139,ES1 0,0.0
mean,2050,52,140,ES1 0,0.0
mean,2050,52,141,ES1 0,0.0
mean,2050,52,142,ES1 0,0.0
mean,2050,52,143,ES1 0,0.0
mean,2050,52,144,ES1 0,0.0
mean,2050,52,145,ES1 0,0.0
mean,2050,52,146,ES1 0,0.0
mean,2050,52,147,ES1 0,0.0
mean,2050,52,148,ES1 0,0.0
mean,2050,52,149,ES1 0,0.0
mean,2050,52,150,ES1 0,0.0
mean,2050,52,151,ES1 0,0.0
mean,2050,52,152,ES1 0,0.0
mean,2050,52,153,ES1 0,0.0
mean,2050,52,154,ES1 0,0.0
mean,2050,52,155,ES1 0,0.0
mean,2050,52,156,ES1 0,0.0
mean,2050,52,157,ES1 0,0.0
mean,2050,52,158,ES1 0,0.0
mean,2050,52,159,ES1 0,0.0
mean,2050,52,160,ES1 0,0.0
mean,2050,52,161,ES1 0,0.0
mean,2050,52,162,ES1 0,0.0
mean,2050,52,163,ES1 0,0.0
mean,2050,52,164,ES1 0,0.0
mean,2050,52,165,ES1 0,0.0
mean,2050,52,166,ES1 0,0.0
mean,2050,52,167,ES1 0,0.0
mean,2025,11,0,ES1 1,0.0
mean,2025,11,1,ES1 1,0.0
mean,2025,11,2,ES1 1,0.0
mean,2025,11,3,ES1 1,0.0
mean,2025,11,4,ES1 1,0.0
mean,2025,11,5,ES1 1,0.0
mean,2025,11,6,ES1 1,0.0
mean,2025,11,7,ES1 1,0.0
mean,2025,11,8,ES1 1,0.0
mean,2025,11,9,ES1 1,0.0
mean,2025,11,10,ES1 1,0.0
mean,2025,11,11,ES1 1,0.0
mean,2025,11,12,ES1 1,0.0
mean,2025,11,13,ES1 1,0.0
mean,2025,11,14,ES1 1,0.0
mean,2025,11,15,ES1 1,0.0
mean,2025,11,16,ES1 1,0.0
mean,2025,11,17,ES1 1,0.0
mean,2025,11,18,ES1 1,0.0
mean,2025,11,19,ES1 1,0.0
mean,2025,11,20,ES1 1,0.0
mean,2025,11,21,ES1 1,0.0
mean,2025,11,22,ES1 1,0.0
mean,2025,11,23,ES1 1,0.0
mean,2025,11,24,ES1 1,0.0
mean,2025,11,25,ES1 1,0.0
mean,2025,11,26,ES1 1,0.0
mean,2025,11,27,ES1 1,0.0
mean,2025,11,28,ES1 1,0.0
mean,2025,11,29,ES1 1,0.0
mean,2025,11,30,ES1 1,0.0
mean,2025,11,31,ES1 1,0.0
mean,2025,11,32,ES1 1,0.0
mean,2025,11,33,ES1 1,0.0
mean,2025,11,34,ES1 1,0.0
mean,2025,11,35,ES1 1,0.0
mean,2025,11,36,ES1 1,0.0
mean,2025,11,37,ES1 1,0.0
mean,2025,11,38,ES1 1,0.0
mean,2025,11,39,ES1 1,0.0
mean,2025,11,40,ES1 1,0.0
mean,2025,11,41,ES1 1,0.0
mean,2025,11,42,ES1 1,0.0
mean,2025,11,43,ES1 1,0.0
mean,2025,11,44,ES1 1,0.0
mean,2025,11,45,ES1 1,0.0
mean,2025,11,46,ES1 1,0.0
mean,2025,11,47,ES1 1,0.0
mean,2025,11,48,ES1 1,0.0
mean,2025,11,49,ES1 1,0.0
mean,2025,11,50,ES1 1,0.0
mean,2025,11,51,ES1 1,0.0
mean,2025,11,52,ES1 1,0.0
mean,2025,11,53,ES1 1,0.0
mean,2025,11,54,ES1 1,0.0
mean,2025,11,55,ES1 1,0.0
mean,2025,11,56,ES1 1,0.0
mean,2025,11,57,ES1 1,0.0
mean,2025,11,58,ES1 1,0.0
mean,2025,11,59,ES1 1,0.0
mean,2025,11,60,ES1 1,0.0
mean,2025,11,61,ES1 1,0.0
mean,2025,11,62,ES1 1,0.0
mean,2025,11,63,ES1 1,0.0
mean,2025,11,64,ES1 1,0.0
mean,2025,11,65,ES1 1,0.0
mean,2025,11,66,ES1 1,0.0
mean,2025,11,67,ES1 1,0.0
mean,2025,11,68,ES1 1,0.0
mean,2025,11,69,ES1 1,0.0
mean,2025,11,70,ES1 1,0.0
mean,2025,11,71,ES1 1,0.0
mean,2025,11,72,ES1 1,0.0
mean,2025,11,73,ES1 1,0.0
mean,2025,11,74,ES1 1,0.0
mean,2025,11,75,ES1 1,0.0
mean,2025,11,76,ES1 1,0.0
mean,2025,11,77,ES1 1,0.0
mean,2025,11,78,ES1 1,0.0
mean,2025,11,79,ES1 1,0.0
mean,2025,11,80,ES1 1,0.0
mean,2025,11,81,ES1 1,0.0
mean,2025,11,82,ES1 1,0.0
mean,2025,11,83,ES1 1,0.0
mean,2025,11,84,ES1 1,0.0
mean,2025,11,85,ES1 1,0.0
mean,2025,11,86,ES1 1,0.0
mean,2025,11,87,ES1 1,0.0
mean,2025,11,88,ES1 1,0.0
mean,2025,11,89,ES1 1,0.0
mean,2025,11,90,ES1 1,0.0
mean,2025,11,91,ES1 1,0.0
mean,2025,11,92,ES1 1,0.0
mean,2025,11,93,ES1 1,0.0
mean,2025,11,94,ES1 1,0.0
mean,2025,11,95,ES1 1,0.0
mean,2025,11,96,ES1 1,0.0
mean,2025,11,97,ES1 1,0.0
mean,2025,11,98,ES1 1,0.0
mean,2025,11,99,ES1 1,0.0
mean,2025,11,100,ES1 1,0.0
mean,2025,11,101,ES1 1,0.0
mean,2025,11,102,ES1 1,0.0
mean,2025,11,103,ES1 1,0.0
mean,2025,11,104,ES1 1,0.0
mean,2025,11,105,ES1 1,0.0
mean,2025,11,106,ES1 1,0.0
mean,2025,11,107,ES1 1,0.0
mean,2025,11,108,ES1 1,0.0
mean,2025,11,109,ES1 1,0.0
mean,2025,11,110,ES1 1,0.0
mean,2025,11,111,ES1 1,0.0
mean,2025,11,112,ES1 1,0.0
mean,2025,11,113,ES1 1,0.0
mean,2025,11,114,ES1 1,0.0
mean,2025,11,115,ES1 1,0.0
mean,2025,11,116,ES1 1,0.0
mean,2025,11,117,ES1 1,0.0
mean,2025,11,118,ES1 1,0.0
mean,2025,11,119,ES1 1,0.0
mean,2025,11,120,ES1 1,0.0
mean,2025,11,121,ES1 1,0.0
mean,2025,11,122,ES1 1,0.0
mean,2025,11,123,ES1 1,0.0
mean,2025,11,124,ES1 1,0.0
mean,2025,11,125,ES1 1,0.0
mean,2025,11,126,ES1 1,0.0
mean,2025,11,127,ES1 1,0.0
mean,2025,11,128,ES1 1,0.0
mean,2025,11,129,ES1 1,0.0
mean,2025,11,130,ES1 1,0.0
mean,2025,11,131,ES1 1,0.0
mean,2025,11,132,ES1 1,0.0
mean,2025,11,133,ES1 1,0.0
mean,2025,11,134,ES1 1,0.0
mean,2025,11,135,ES1 1,0.0
mean,2025,11,136,ES1 1,0.0
mean,2025,11,137,ES1 1,0.0
mean,2025,11,138,ES1 1,0.0
mean,2025,11,139,ES1 1,0.0
mean,2025,11,140,ES1 1,0.0
mean,2025,11,141,ES1 1,0.0
mean,2025,11,142,ES1 1,0.0
mean,2025,11,143,ES1 1,0.0
mean,2025,11,144,ES1 1,0.0
mean,2025,11,145,ES1 1,0.0
mean,2025,11,146,ES1 1,0.0
mean,2025,11,147,ES1 1,0.0
mean,2025,11,148,ES1 1,0.0
mean,2025,11,149,ES1 1,0.0
mean,2025,11,150,ES1 1,0.0
mean,2025,11,151,ES1 1,0.0
mean,2025,11,152,ES1 1,0.0
mean,2025,11,153,ES1 1,0.0
mean,2025,11,154,ES1 1,0.0
mean,2025,11,155,ES1 1,0.0
mean,2025,11,156,ES1 1,0.0
mean,2025,11,157,ES1 1,0.0
mean,2025,11,158,ES1 1,0.0
mean,2025,11,159,ES1 1,0.0
mean,2025,11,160,ES1 1,0.0
mean,2025,11,161,ES1 1,0.0
mean,2025,11,162,ES1 1,0.0
mean,2025,11,163,ES1 1,0.0
mean,2025,11,164,ES1 1,0.0
mean,2025,11,165,ES1 1,0.0
mean,2025,11,166,ES1 1,0.0
mean,2025,11,167,ES1 1,0.0
mean,2025,21,0,ES1 1,0.0
mean,2025,21,1,ES1 1,0.0
mean,2025,21,2,ES1 1,0.0
mean,2025,21,3,ES1 1,0.0
mean,2025,21,4,ES1 1,0.0
mean,2025,21,5,ES1 1,0.0
mean,2025,21,6,ES1 1,0.0
mean,2025,21,7,ES1 1,0.0
mean,2025,21,8,ES1 1,0.0
mean,2025,21,9,ES1 1,0.0
mean,2025,21,10,ES1 1,0.0
mean,2025,21,11,ES1 1,0.0
mean,2025,21,12,ES1 1,0.0
mean,2025,21,13,ES1 1,0.0
mean,2025,21,14,ES1 1,0.0
mean,2025,21,15,ES1 1,0.0
mean,2025,21,16,ES1 1,0.0
mean,2025,21,17,ES1 1,0.0
mean,2025,21,18,ES1 1,0.0
mean,2025,21,19,ES1 1,0.0
mean,2025,21,20,ES1 1,0.0
mean,2025,21,21,ES1 1,0.0
mean,2025,21,22,ES1 1,0.0
mean,2025,21,23,ES1 1,0.0
mean,2025,21,24,ES1 1,0.0
mean,2025,21,25,ES1 1,0.0
mean,2025,21,26,ES1 1,0.0
mean,2025,21,27,ES1 1,0.0
mean,2025,21,28,ES1 1,0.0
mean,2025,21,29,ES1 1,0.0
mean,2025,21,30,ES1 1,0.0
mean,2025,21,31,ES1 1,0.0
mean,2025,21,32,ES1 1,0.0
mean,2025,21,33,ES1 1,0.0
mean,2025,21,34,ES1 1,0.0
mean,2025,21,35,ES1 1,0.0
mean,2025,21,36,ES1 1,0.0
mean,2025,21,37,ES1 1,0.0
mean,2025,21,38,ES1 1,0.0
mean,2025,21,39,ES1 1,0.0
mean,2025,21,40,ES1 1,0.0
mean,2025,21,41,ES1 1,0.0
mean,2025,21,42,ES1 1,0.0
mean,2025,21,43,ES1 1,0.0
mean,2025,21,44,ES1 1,0.0
mean,2025,21,45,ES1 1,0.0
mean,2025,21,46,ES1 1,0.0
mean,2025,21,47,ES1 1,0.0
mean,2025,21,48,ES1 1,0.0
mean,2025,21,49,ES1 1,0.0
mean,2025,21,50,ES1 1,0.0
mean,2025,21,51,ES1 1,0.0
mean,2025,21,52,ES1 1,0.0
mean,2025,21,53,ES1 1,0.0
mean,2025,21,54,ES1 1,0.0
mean,2025,21,55,ES1 1,0.0
mean,2025,21,56,ES1 1,0.0
mean,2025,21,57,ES1 1,0.0
mean,2025,21,58,ES1 1,0.0
mean,2025,21,59,ES1 1,0.0
mean,2025,21,60,ES1 1,0.0
mean,2025,21,61,ES1 1,0.0
mean,2025,21,62,ES1 1,0.0
mean,2025,21,63,ES1 1,0.0
mean,2025,21,64,ES1 1,0.0
mean,2025,21,65,ES1 1,0.0
mean,2025,21,66,ES1 1,0.0
mean,2025,21,67,ES1 1,0.0
mean,2025,21,68,ES1 1,0.0
mean,2025,21,69,ES1 1,0.0
mean,2025,21,70,ES1 1,0.0
mean,2025,21,71,ES1 1,0.0
mean,2025,21,72,ES1 1,0.0
mean,2025,21,73,ES1 1,0.0
mean,2025,21,74,ES1 1,0.0
mean,2025,21,75,ES1 1,0.0
mean,2025,21,76,ES1 1,0.0
mean,2025,21,77,ES1 1,0.0
mean,2025,21,78,ES1 1,0.0
mean,2025,21,79,ES1 1,0.0
mean,2025,21,80,ES1 1,0.0
mean,2025,21,81,ES1 1,0.0
mean,2025,21,82,ES1 1,0.0
mean,2025,21,83,ES1 1,0.0
mean,2025,21,84,ES1 1,0.0
mean,2025,21,85,ES1 1,0.0
mean,2025,21,86,ES1 1,0.0
mean,2025,21,87,ES1 1,0.0
mean,2025,21,88,ES1 1,0.0
mean,2025,21,89,ES1 1,0.0
mean,2025,21,90,ES1 1,0.0
mean,2025,21,91,ES1 1,0.0
mean,2025,21,92,ES1 1,0.0
mean,2025,21,93,ES1 1,0.0
mean,2025,21,94,ES1 1,0.0
mean,2025,21,95,ES1 1,0.0
mean,2025,21,96,ES1 1,0.0
mean,2025,21,97,ES1 1,0.0
mean,2025,21,98,ES1 1,0.0
mean,2025,21,99,ES1 1,0.0
mean,2025,21,100,ES1 1,0.0
mean,2025,21,101,ES1 1,0.0
mean,2025,21,102,ES1 1,0.0
mean,2025,21,103,ES1 1,0.0
mean,2025,21,104,ES1 1,0.0
mean,2025,21,105,ES1 1,0.0
mean,2025,21,106,ES1 1,0.0
mean,2025,21,107,ES1 1,0.0
mean,2025,21,108,ES1 1,0.0
mean,2025,21,109,ES1 1,0.0
mean,2025,21,110,ES1 1,0.0
mean,2025,21,111,ES1 1,0.0
mean,2025,21,112,ES1 1,0.0
mean,2025,21,113,ES1 1,0.0
mean,2025,21,114,ES1 1,0.0
mean,2025,21,115,ES1 1,0.0
mean,2025,21,116,ES1 1,0.0
mean,2025,21,117,ES1 1,0.0
mean,2025,21,118,ES1 1,0.0
mean,2025,21,119,ES1 1,0.0
mean,2025,21,120,ES1 1,0.0
mean,2025,21,121,ES1 1,0.0
mean,2025,21,122,ES1 1,0.0
mean,2025,21,123,ES1 1,0.0
mean,2025,21,124,ES1 1,0.0
mean,2025,21,125,ES1 1,0.0
mean,2025,21,126,ES1 1,0.0
mean,2025,21,127,ES1 1,0.0
mean,2025,21,128,ES1 1,0.0
mean,2025,21,129,ES1 1,0.0
mean,2025,21,130,ES1 1,0.0
mean,2025,21,131,ES1 1,0.0
mean,2025,21,132,ES1 1,0.0
mean,2025,21,133,ES1 1,0.0
mean,2025,21,134,ES1 1,0.0
mean,2025,21,135,ES1 1,0.0
mean,2025,21,136,ES1 1,0.0
mean,2025,21,137,ES1 1,0.0
mean,2025,21,138,ES1 1,0.0
mean,2025,21,139,ES1 1,0.0
mean,2025,21,140,ES1 1,0.0
mean,2025,21,141,ES1 1,0.0
mean,2025,21,142,ES1 1,0.0
mean,2025,21,143,ES1 1,0.0
mean,2025,21,144,ES1 1,0.0
mean,2025,21,145,ES1 1,0.0
mean,2025,21,146,ES1 1,0.0
mean,2025,21,147,ES1 1,0.0
mean,2025,21,148,ES1 1,0.0
mean,2025,21,149,ES1 1,0.0
mean,2025,21,150,ES1 1,0.0
mean,2025,21,151,ES1 1,0.0
mean,2025,21,152,ES1 1,0.0
mean,2025,21,153,ES1 1,0.0
mean,2025,21,154,ES1 1,0.0
mean,2025,21,155,ES1 1,0.0
mean,2025,21,156,ES1 1,0.0
mean,2025,21,157,ES1 1,0.0
mean,2025,21,158,ES1 1,0.0
mean,2025,21,159,ES1 1,0.0
mean,2025,21,160,ES1 1,0.0
mean,2025,21,161,ES1 1,0.0
mean,2025,21,162,ES1 1,0.0
mean,2025,21,163,ES1 1,0.0
mean,2025,21,164,ES1 1,0.0
mean,2025,21,165,ES1 1,0.0
mean,2025,21,166,ES1 1,0.0
mean,2025,21,167,ES1 1,0.0
mean,2025,42,0,ES1 1,0.0
mean,2025,42,1,ES1 1,0.0
mean,2025,42,2,ES1 1,0.0
mean,2025,42,3,ES1 1,0.0
mean,2025,42,4,ES1 1,0.0
mean,2025,42,5,ES1 1,0.0
mean,2025,42,6,ES1 1,0.0
mean,2025,42,7,ES1 1,0.0
mean,2025,42,8,ES1 1,0.0
mean,2025,42,9,ES1 1,0.0
mean,2025,42,10,ES1 1,0.0
mean,2025,42,11,ES1 1,0.0
mean,2025,42,12,ES1 1,0.0
mean,2025,42,13,ES1 1,0.0
mean,2025,42,14,ES1 1,0.0
mean,2025,42,15,ES1 1,0.0
mean,2025,42,16,ES1 1,0.0
mean,2025,42,17,ES1 1,0.0
mean,2025,42,18,ES1 1,0.0
mean,2025,42,19,ES1 1,0.0
mean,2025,42,20,ES1 1,0.0
mean,2025,42,21,ES1 1,0.0
mean,2025,42,22,ES1 1,0.0
mean,2025,42,23,ES1 1,0.0
mean,2025,42,24,ES1 1,0.0
mean,2025,42,25,ES1 1,0.0
mean,2025,42,26,ES1 1,0.0
mean,2025,42,27,ES1 1,0.0
mean,2025,42,28,ES1 1,0.0
mean,2025,42,29,ES1 1,0.0
mean,2025,42,30,ES1 1,0.0
mean,2025,42,31,ES1 1,0.0
mean,2025,42,32,ES1 1,0.0
mean,2025,42,33,ES1 1,0.0
mean,2025,42,34,ES1 1,0.0
mean,2025,42,35,ES1 1,0.0
mean,2025,42,36,ES1 1,0.0
mean,2025,42,37,ES1 1,0.0
mean,2025,42,38,ES1 1,0.0
mean,2025,42,39,ES1 1,0.0
mean,2025,42,40,ES1 1,0.0
mean,2025,42,41,ES1 1,0.0
mean,2025,42,42,ES1 1,0.0
mean,2025,42,43,ES1 1,0.0
mean,2025,42,44,ES1 1,0.0
mean,2025,42,45,ES1 1,0.0
mean,2025,42,46,ES1 1,0.0
mean,2025,42,47,ES1 1,0.0
mean,2025,42,48,ES1 1,0.0
mean,2025,42,49,ES1 1,0.0
mean,2025,42,50,ES1 1,0.0
mean,2025,42,51,ES1 1,0.0
mean,2025,42,52,ES1 1,0.0
mean,2025,42,53,ES1 1,0.0
mean,2025,42,54,ES1 1,0.0
mean,2025,42,55,ES1 1,0.0
mean,2025,42,56,ES1 1,0.0
mean,2025,42,57,ES1 1,0.0
mean,2025,42,58,ES1 1,0.0
mean,2025,42,59,ES1 1,0.0
mean,2025,42,60,ES1 1,0.0
mean,2025,42,61,ES1 1,0.0
mean,2025,42,62,ES1 1,0.0
mean,2025,42,63,ES1 1,0.0
mean,2025,42,64,ES1 1,0.0
mean,2025,42,65,ES1 1,0.0
mean,2025,42,66,ES1 1,0.0
mean,2025,42,67,ES1 1,0.0
mean,2025,42,68,ES1 1,0.0
mean,2025,42,69,ES1 1,0.0
mean,2025,42,70,ES1 1,0.0
mean,2025,42,71,ES1 1,0.0
mean,2025,42,72,ES1 1,0.0
mean,2025,42,73,ES1 1,0.0
mean,2025,42,74,ES1 1,0.0
mean,2025,42,75,ES1 1,0.0
mean,2025,42,76,ES1 1,0.0
mean,2025,42,77,ES1 1,0.0
mean,2025,42,78,ES1 1,0.0
mean,2025,42,79,ES1 1,0.0
mean,2025,42,80,ES1 1,0.0
mean,2025,42,81,ES1 1,0.0
mean,2025,42,82,ES1 1,0.0
mean,2025,42,83,ES1 1,0.0
mean,2025,42,84,ES1 1,0.0
mean,2025,42,85,ES1 1,0.0
mean,2025,42,86,ES1 1,0.0
mean,2025,42,87,ES1 1,0.0
mean,2025,42,88,ES1 1,0.0
mean,2025,42,89,ES1 1,0.0
mean,2025,42,90,ES1 1,0.0
mean,2025,42,91,ES1 1,0.0
mean,2025,42,92,ES1 1,0.0
mean,2025,42,93,ES1 1,0.0
mean,2025,42,94,ES1 1,0.0
mean,2025,42,95,ES1 1,0.0
mean,2025,42,96,ES1 1,0.0
mean,2025,42,97,ES1 1,0.0
mean,2025,42,98,ES1 1,0.0
mean,2025,42,99,ES1 1,0.0
mean,2025,42,100,ES1 1,0.0
mean,2025,42,101,ES1 1,0.0
mean,2025,42,102,ES1 1,0.0
mean,2025,42,103,ES1 1,0.0
mean,2025,42,104,ES1 1,0.0
mean,2025,42,105,ES1 1,0.0
mean,2025,42,106,ES1 1,0.0
mean,2025,42,107,ES1 1,0.0
mean,2025,42,108,ES1 1,0.0
mean,2025,42,109,ES1 1,0.0
mean,2025,42,110,ES1 1,0.0
mean,2025,42,111,ES1 1,0.0
mean,2025,42,112,ES1 1,0.0
mean,2025,42,113,ES1 1,0.0
mean,2025,42,114,ES1 1,0.0
mean,2025,42,115,ES1 1,0.0
mean,2025,42,116,ES1 1,0.0
mean,2025,42,117,ES1 1,0.0
mean,2025,42,118,ES1 1,0.0
mean,2025,42,119,ES1 1,0.0
mean,2025,42,120,ES1 1,0.0
mean,2025,42,121,ES1 1,0.0
mean,2025,42,122,ES1 1,0.0
mean,2025,42,123,ES1 1,0.0
mean,2025,42,124,ES1 1,0.0
mean,2025,42,125,ES1 1,0.0
mean,2025,42,126,ES1 1,0.0
mean,2025,42,127,ES1 1,0.0
mean,2025,42,128,ES1 1,0.0
mean,2025,42,129,ES1 1,0.0
mean,2025,42,130,ES1 1,0.0
mean,2025,42,131,ES1 1,0.0
mean,2025,42,132,ES1 1,0.0
mean,2025,42,133,ES1 1,0.0
mean,2025,42,134,ES1 1,0.0
mean,2025,42,135,ES1 1,0.0
mean,2025,42,136,ES1 1,0.0
mean,2025,42,137,ES1 1,0.0
mean,2025,42,138,ES1 1,0.0
mean,2025,42,139,ES1 1,0.0
mean,2025,42,140,ES1 1,0.0
mean,2025,42,141,ES1 1,0.0
mean,2025,42,142,ES1 1,0.0
mean,2025,42,143,ES1 1,0.0
mean,2025,42,144,ES1 1,0.0
mean,2025,42,145,ES1 1,0.0
mean,2025,42,146,ES1 1,0.0
mean,2025,42,147,ES1 1,0.0
mean,2025,42,148,ES1 1,0.0
mean,2025,42,149,ES1 1,0.0
mean,2025,42,150,ES1 1,0.0
mean,2025,42,151,ES1 1,0.0
mean,2025,42,152,ES1 1,0.0
mean,2025,42,153,ES1 1,0.0
mean,2025,42,154,ES1 1,0.0
mean,2025,42,155,ES1 1,0.0
mean,2025,42,156,ES1 1,0.0
mean,2025,42,157,ES1 1,0.0
mean,2025,42,158,ES1 1,0.0
mean,2025,42,159,ES1 1,0.0
mean,2025,42,160,ES1 1,0.0
mean,2025,42,161,ES1 1,0.0
mean,2025,42,162,ES1 1,0.0
mean,2025,42,163,ES1 1,0.0
mean,2025,42,164,ES1 1,0.0
mean,2025,42,165,ES1 1,0.0
mean,2025,42,166,ES1 1,0.0
mean,2025,42,167,ES1 1,0.0
mean,2025,52,0,ES1 1,0.0
mean,2025,52,1,ES1 1,0.0
mean,2025,52,2,ES1 1,0.0
mean,2025,52,3,ES1 1,0.0
mean,2025,52,4,ES1 1,0.0
mean,2025,52,5,ES1 1,0.0
mean,2025,52,6,ES1 1,0.0
mean,2025,52,7,ES1 1,0.0
mean,2025,52,8,ES1 1,0.0
mean,2025,52,9,ES1 1,0.0
mean,2025,52,10,ES1 1,0.0
mean,2025,52,11,ES1 1,0.0
mean,2025,52,12,ES1 1,0.0
mean,2025,52,13,ES1 1,0.0
mean,2025,52,14,ES1 1,0.0
mean,2025,52,15,ES1 1,0.0
mean,2025,52,16,ES1 1,0.0
mean,2025,52,17,ES1 1,0.0
mean,2025,52,18,ES1 1,0.0
mean,2025,52,19,ES1 1,0.0
mean,2025,52,20,ES1 1,0.0
mean,2025,52,21,ES1 1,0.0
mean,2025,52,22,ES1 1,0.0
mean,2025,52,23,ES1 1,0.0
mean,2025,52,24,ES1 1,0.0
mean,2025,52,25,ES1 1,0.0
mean,2025,52,26,ES1 1,0.0
mean,2025,52,27,ES1 1,0.0
mean,2025,52,28,ES1 1,0.0
mean,2025,52,29,ES1 1,0.0
mean,2025,52,30,ES1 1,0.0
mean,2025,52,31,ES1 1,0.0
mean,2025,52,32,ES1 1,0.0
mean,2025,52,33,ES1 1,0.0
mean,2025,52,34,ES1 1,0.0
mean,2025,52,35,ES1 1,0.0
mean,2025,52,36,ES1 1,0.0
mean,2025,52,37,ES1 1,0.0
mean,2025,52,38,ES1 1,0.0
mean,2025,52,39,ES1 1,0.0
mean,2025,52,40,ES1 1,0.0
mean,2025,52,41,ES1 1,0.0
mean,2025,52,42,ES1 1,0.0
mean,2025,52,43,ES1 1,0.0
mean,2025,52,44,ES1 1,0.0
mean,2025,52,45,ES1 1,0.0
mean,2025,52,46,ES1 1,0.0
mean,2025,52,47,ES1 1,0.0
mean,2025,52,48,ES1 1,0.0
mean,2025,52,49,ES1 1,0.0
mean,2025,52,50,ES1 1,0.0
mean,2025,52,51,ES1 1,0.0
mean,2025,52,52,ES1 1,0.0
mean,2025,52,53,ES1 1,0.0
mean,2025,52,54,ES1 1,0.0
mean,2025,52,55,ES1 1,0.0
mean,2025,52,56,ES1 1,0.0
mean,2025,52,57,ES1 1,0.0
mean,2025,52,58,ES1 1,0.0
mean,2025,52,59,ES1 1,0.0
mean,2025,52,60,ES1 1,0.0
mean,2025,52,61,ES1 1,0.0
mean,2025,52,62,ES1 1,0.0
mean,2025,52,63,ES1 1,0.0
mean,2025,52,64,ES1 1,0.0
mean,2025,52,65,ES1 1,0.0
mean,2025,52,66,ES1 1,0.0
mean,2025,52,67,ES1 1,0.0
mean,2025,52,68,ES1 1,0.0
mean,2025,52,69,ES1 1,0.0
mean,2025,52,70,ES1 1,0.0
mean,2025,52,71,ES1 1,0.0
mean,2025,52,72,ES1 1,0.0
mean,2025,52,73,ES1 1,0.0
mean,2025,52,74,ES1 1,0.0
mean,2025,52,75,ES1 1,0.0
mean,2025,52,76,ES1 1,0.0
mean,2025,52,77,ES1 1,0.0
mean,2025,52,78,ES1 1,0.0
mean,2025,52,79,ES1 1,0.0
mean,2025,52,80,ES1 1,0.0
mean,2025,52,81,ES1 1,0.0
mean,2025,52,82,ES1 1,0.0
mean,2025,52,83,ES1 1,0.0
mean,2025,52,84,ES1 1,0.0
mean,2025,52,85,ES1 1,0.0
mean,2025,52,86,ES1 1,0.0
mean,2025,52,87,ES1 1,0.0
mean,2025,52,88,ES1 1,0.0
mean,2025,52,89,ES1 1,0.0
mean,2025,52,90,ES1 1,0.0
mean,2025,52,91,ES1 1,0.0
mean,2025,52,92,ES1 1,0.0
mean,2025,52,93,ES1 1,0.0
mean,2025,52,94,ES1 1,0.0
mean,2025,52,95,ES1 1,0.0
mean,2025,52,96,ES1 1,0.0
mean,2025,52,97,ES1 1,0.0
mean,2025,52,98,ES1 1,0.0
mean,2025,52,99,ES1 1,0.0
mean,2025,52,100,ES1 1,0.0
mean,2025,52,101,ES1 1,0.0
mean,2025,52,102,ES1 1,0.0
mean,2025,52,103,ES1 1,0.0
mean,2025,52,104,ES1 1,0.0
mean,2025,52,105,ES1 1,0.0
mean,2025,52,106,ES1 1,0.0
mean,2025,52,107,ES1 1,0.0
mean,2025,52,108,ES1 1,0.0
mean,2025,52,109,ES1 1,0.0
mean,2025,52,110,ES1 1,0.0
mean,2025,52,111,ES1 1,0.0
mean,2025,52,112,ES1 1,0.0
mean,2025,52,113,ES1 1,0.0
mean,2025,52,114,ES1 1,0.0
mean,2025,52,115,ES1 1,0.0
mean,2025,52,116,ES1 1,0.0
mean,2025,52,117,ES1 1,0.0
mean,2025,52,118,ES1 1,0.0
mean,2025,52,119,ES1 1,0.0
mean,2025,52,120,ES1 1,0.0
mean,2025,52,121,ES1 1,0.0
mean,2025,52,122,ES1 1,0.0
mean,2025,52,123,ES1 1,0.0
mean,2025,52,124,ES1 1,0.0
mean,2025,52,125,ES1 1,0.0
mean,2025,52,126,ES1 1,0.0
mean,2025,52,127,ES1 1,0.0
mean,2025,52,128,ES1 1,0.0
mean,2025,52,129,ES1 1,0.0
mean,2025,52,130,ES1 1,0.0
mean,2025,52,131,ES1 1,0.0
mean,2025,52,132,ES1 1,0.0
mean,2025,52,133,ES1 1,0.0
mean,2025,52,134,ES1 1,0.0
mean,2025,52,135,ES1 1,0.0
mean,2025,52,136,ES1 1,0.0
mean,2025,52,137,ES1 1,0.0
mean,2025,52,138,ES1 1,0.0
mean,2025,52,139,ES1 1,0.0
mean,2025,52,140,ES1 1,0.0
mean,2025,52,141,ES1 1,0.0
mean,2025,52,142,ES1 1,0.0
mean,2025,52,143,ES1 1,0.0
mean,2025,52,144,ES1 1,0.0
mean,2025,52,145,ES1 1,0.0
mean,2025,52,146,ES1 1,0.0
mean,2025,52,147,ES1 1,0.0
mean,2025,52,148,ES1 1,0.0
mean,2025,52,149,ES1 1,0.0
mean,2025,52,150,ES1 1,0.0
mean,2025,52,151,ES1 1,0.0
mean,2025,52,152,ES1 1,0.0
mean,2025,52,153,ES1 1,0.0
mean,2025,52,154,ES1 1,0.0
mean,2025,52,155,ES1 1,0.0
mean,2025,52,156,ES1 1,0.0
mean,2025,52,157,ES1 1,0.0
mean,2025,52,158,ES1 1,0.0
mean,2025,52,159,ES1 1,0.0
mean,2025,52,160,ES1 1,0.0
mean,2025,52,161,ES1 1,0.0
mean,2025,52,162,ES1 1,0.0
mean,2025,52,163,ES1 1,0.0
mean,2025,52,164,ES1 1,0.0
mean,2025,52,165,ES1 1,0.0
mean,2025,52,166,ES1 1,0.0
mean,2025,52,167,ES1 1,0.0
mean,2030,11,0,ES1 1,0.0
mean,2030,11,1,ES1 1,0.0
mean,2030,11,2,ES1 1,0.0
mean,2030,11,3,ES1 1,0.0
mean,2030,11,4,ES1 1,0.0
mean,2030,11,5,ES1 1,0.0
mean,2030,11,6,ES1 1,0.0
mean,2030,11,7,ES1 1,0.0
mean,2030,11,8,ES1 1,0.0
mean,2030,11,9,ES1 1,0.0
mean,2030,11,10,ES1 1,0.0
mean,2030,11,11,ES1 1,0.0
mean,2030,11,12,ES1 1,0.0
mean,2030,11,13,ES1 1,0.0
mean,2030,11,14,ES1 1,0.0
mean,2030,11,15,ES1 1,0.0
mean,2030,11,16,ES1 1,0.0
mean,2030,11,17,ES1 1,0.0
mean,2030,11,18,ES1 1,0.0
mean,2030,11,19,ES1 1,0.0
mean,2030,11,20,ES1 1,0.0
mean,2030,11,21,ES1 1,0.0
mean,2030,11,22,ES1 1,0.0
mean,2030,11,23,ES1 1,0.0
mean,2030,11,24,ES1 1,0.0
mean,2030,11,25,ES1 1,0.0
mean,2030,11,26,ES1 1,0.0
mean,2030,11,27,ES1 1,0.0
mean,2030,11,28,ES1 1,0.0
mean,2030,11,29,ES1 1,0.0
mean,2030,11,30,ES1 1,0.0
mean,2030,11,31,ES1 1,0.0
mean,2030,11,32,ES1 1,0.0
mean,2030,11,33,ES1 1,0.0
mean,2030,11,34,ES1 1,0.0
mean,2030,11,35,ES1 1,0.0
mean,2030,11,36,ES1 1,0.0
mean,2030,11,37,ES1 1,0.0
mean,2030,11,38,ES1 1,0.0
mean,2030,11,39,ES1 1,0.0
mean,2030,11,40,ES1 1,0.0
mean,2030,11,41,ES1 1,0.0
mean,2030,11,42,ES1 1,0.0
mean,2030,11,43,ES1 1,0.0
mean,2030,11,44,ES1 1,0.0
mean,2030,11,45,ES1 1,0.0
mean,2030,11,46,ES1 1,0.0
mean,2030,11,47,ES1 1,0.0
mean,2030,11,48,ES1 1,0.0
mean,2030,11,49,ES1 1,0.0
mean,2030,11,50,ES1 1,0.0
mean,2030,11,51,ES1 1,0.0
mean,2030,11,52,ES1 1,0.0
mean,2030,11,53,ES1 1,0.0
mean,2030,11,54,ES1 1,0.0
mean,2030,11,55,ES1 1,0.0
mean,2030,11,56,ES1 1,0.0
mean,2030,11,57,ES1 1,0.0
mean,2030,11,58,ES1 1,0.0
mean,2030,11,59,ES1 1,0.0
mean,2030,11,60,ES1 1,0.0
mean,2030,11,61,ES1 1,0.0
mean,2030,11,62,ES1 1,0.0
mean,2030,11,63,ES1 1,0.0
mean,2030,11,64,ES1 1,0.0
mean,2030,11,65,ES1 1,0.0
mean,2030,11,66,ES1 1,0.0
mean,2030,11,67,ES1 1,0.0
mean,2030,11,68,ES1 1,0.0
mean,2030,11,69,ES1 1,0.0
mean,2030,11,70,ES1 1,0.0
mean,2030,11,71,ES1 1,0.0
mean,2030,11,72,ES1 1,0.0
mean,2030,11,73,ES1 1,0.0
mean,2030,11,74,ES1 1,0.0
mean,2030,11,75,ES1 1,0.0
mean,2030,11,76,ES1 1,0.0
mean,2030,11,77,ES1 1,0.0
mean,2030,11,78,ES1 1,0.0
mean,2030,11,79,ES1 1,0.0
mean,2030,11,80,ES1 1,0.0
mean,2030,11,81,ES1 1,0.0
mean,2030,11,82,ES1 1,0.0
mean,2030,11,83,ES1 1,0.0
mean,2030,11,84,ES1 1,0.0
mean,2030,11,85,ES1 1,0.0
mean,2030,11,86,ES1 1,0.0
mean,2030,11,87,ES1 1,0.0
mean,2030,11,88,ES1 1,0.0
mean,2030,11,89,ES1 1,0.0
mean,2030,11,90,ES1 1,0.0
mean,2030,11,91,ES1 1,0.0
mean,2030,11,92,ES1 1,0.0
mean,2030,11,93,ES1 1,0.0
mean,2030,11,94,ES1 1,0.0
mean,2030,11,95,ES1 1,0.0
mean,2030,11,96,ES1 1,0.0
mean,2030,11,97,ES1 1,0.0
mean,2030,11,98,ES1 1,0.0
mean,2030,11,99,ES1 1,0.0
mean,2030,11,100,ES1 1,0.0
mean,2030,11,101,ES1 1,0.0
mean,2030,11,102,ES1 1,0.0
mean,2030,11,103,ES1 1,0.0
mean,2030,11,104,ES1 1,0.0
mean,2030,11,105,ES1 1,0.0
mean,2030,11,106,ES1 1,0.0
mean,2030,11,107,ES1 1,0.0
mean,2030,11,108,ES1 1,0.0
mean,2030,11,109,ES1 1,0.0
mean,2030,11,110,ES1 1,0.0
mean,2030,11,111,ES1 1,0.0
mean,2030,11,112,ES1 1,0.0
mean,2030,11,113,ES1 1,0.0
mean,2030,11,114,ES1 1,0.0
mean,2030,11,115,ES1 1,0.0
mean,2030,11,116,ES1 1,0.0
mean,2030,11,117,ES1 1,0.0
mean,2030,11,118,ES1 1,0.0
mean,2030,11,119,ES1 1,0.0
mean,2030,11,120,ES1 1,0.0
mean,2030,11,121,ES1 1,0.0
mean,2030,11,122,ES1 1,0.0
mean,2030,11,123,ES1 1,0.0
mean,2030,11,124,ES1 1,0.0
mean,2030,11,125,ES1 1,0.0
mean,2030,11,126,ES1 1,0.0
mean,2030,11,127,ES1 1,0.0
mean,2030,11,128,ES1 1,0.0
mean,2030,11,129,ES1 1,0.0
mean,2030,11,130,ES1 1,0.0
mean,2030,11,131,ES1 1,0.0
mean,2030,11,132,ES1 1,0.0
mean,2030,11,133,ES1 1,0.0
mean,2030,11,134,ES1 1,0.0
mean,2030,11,135,ES1 1,0.0
mean,2030,11,136,ES1 1,0.0
mean,2030,11,137,ES1 1,0.0
mean,2030,11,138,ES1 1,0.0
mean,2030,11,139,ES1 1,0.0
mean,2030,11,140,ES1 1,0.0
mean,2030,11,141,ES1 1,0.0
mean,2030,11,142,ES1 1,0.0
mean,2030,11,143,ES1 1,0.0
mean,2030,11,144,ES1 1,0.0
mean,2030,11,145,ES1 1,0.0
mean,2030,11,146,ES1 1,0.0
mean,2030,11,147,ES1 1,0.0
mean,2030,11,148,ES1 1,0.0
mean,2030,11,149,ES1 1,0.0
mean,2030,11,150,ES1 1,0.0
mean,2030,11,151,ES1 1,0.0
mean,2030,11,152,ES1 1,0.0
mean,2030,11,153,ES1 1,0.0
mean,2030,11,154,ES1 1,0.0
mean,2030,11,155,ES1 1,0.0
mean,2030,11,156,ES1 1,0.0
mean,2030,11,157,ES1 1,0.0
mean,2030,11,158,ES1 1,0.0
mean,2030,11,159,ES1 1,0.0
mean,2030,11,160,ES1 1,0.0
mean,2030,11,161,ES1 1,0.0
mean,2030,11,162,ES1 1,0.0
mean,2030,11,163,ES1 1,0.0
mean,2030,11,164,ES1 1,0.0
mean,2030,11,165,ES1 1,0.0
mean,2030,11,166,ES1 1,0.0
mean,2030,11,167,ES1 1,0.0
mean,2030,21,0,ES1 1,0.0
mean,2030,21,1,ES1 1,0.0
mean,2030,21,2,ES1 1,0.0
mean,2030,21,3,ES1 1,0.0
mean,2030,21,4,ES1 1,0.0
mean,2030,21,5,ES1 1,0.0
mean,2030,21,6,ES1 1,0.0
mean,2030,21,7,ES1 1,0.0
mean,2030,21,8,ES1 1,0.0
mean,2030,21,9,ES1 1,0.0
mean,2030,21,10,ES1 1,0.0
mean,2030,21,11,ES1 1,0.0
mean,2030,21,12,ES1 1,0.0
mean,2030,21,13,ES1 1,0.0
mean,2030,21,14,ES1 1,0.0
mean,2030,21,15,ES1 1,0.0
mean,2030,21,16,ES1 1,0.0
mean,2030,21,17,ES1 1,0.0
mean,2030,21,18,ES1 1,0.0
mean,2030,21,19,ES1 1,0.0
mean,2030,21,20,ES1 1,0.0
mean,2030,21,21,ES1 1,0.0
mean,2030,21,22,ES1 1,0.0
mean,2030,21,23,ES1 1,0.0
mean,2030,21,24,ES1 1,0.0
mean,2030,21,25,ES1 1,0.0
mean,2030,21,26,ES1 1,0.0
mean,2030,21,27,ES1 1,0.0
mean,2030,21,28,ES1 1,0.0
mean,2030,21,29,ES1 1,0.0
mean,2030,21,30,ES1 1,0.0
mean,2030,21,31,ES1 1,0.0
mean,2030,21,32,ES1 1,0.0
mean,2030,21,33,ES1 1,0.0
mean,2030,21,34,ES1 1,0.0
mean,2030,21,35,ES1 1,0.0
mean,2030,21,36,ES1 1,0.0
mean,2030,21,37,ES1 1,0.0
mean,2030,21,38,ES1 1,0.0
mean,2030,21,39,ES1 1,0.0
mean,2030,21,40,ES1 1,0.0
mean,2030,21,41,ES1 1,0.0
mean,2030,21,42,ES1 1,0.0
mean,2030,21,43,ES1 1,0.0
mean,2030,21,44,ES1 1,0.0
mean,2030,21,45,ES1 1,0.0
mean,2030,21,46,ES1 1,0.0
mean,2030,21,47,ES1 1,0.0
mean,2030,21,48,ES1 1,0.0
mean,2030,21,49,ES1 1,0.0
mean,2030,21,50,ES1 1,0.0
mean,2030,21,51,ES1 1,0.0
mean,2030,21,52,ES1 1,0.0
mean,2030,21,53,ES1 1,0.0
mean,2030,21,54,ES1 1,0.0
mean,2030,21,55,ES1 1,0.0
mean,2030,21,56,ES1 1,0.0
mean,2030,21,57,ES1 1,0.0
mean,2030,21,58,ES1 1,0.0
mean,2030,21,59,ES1 1,0.0
mean,2030,21,60,ES1 1,0.0
mean,2030,21,61,ES1 1,0.0
mean,2030,21,62,ES1 1,0.0
mean,2030,21,63,ES1 1,0.0
mean,2030,21,64,ES1 1,0.0
mean,2030,21,65,ES1 1,0.0
mean,2030,21,66,ES1 1,0.0
mean,2030,21,67,ES1 1,0.0
mean,2030,21,68,ES1 1,0.0
mean,2030,21,69,ES1 1,0.0
mean,2030,21,70,ES1 1,0.0
mean,2030,21,71,ES1 1,0.0
mean,2030,21,72,ES1 1,0.0
mean,2030,21,73,ES1 1,0.0
mean,2030,21,74,ES1 1,0.0
mean,2030,21,75,ES1 1,0.0
mean,2030,21,76,ES1 1,0.0
mean,2030,21,77,ES1 1,0.0
mean,2030,21,78,ES1 1,0.0
mean,2030,21,79,ES1 1,0.0
mean,2030,21,80,ES1 1,0.0
mean,2030,21,81,ES1 1,0.0
mean,2030,21,82,ES1 1,0.0
mean,2030,21,83,ES1 1,0.0
mean,2030,21,84,ES1 1,0.0
mean,2030,21,85,ES1 1,0.0
mean,2030,21,86,ES1 1,0.0
mean,2030,21,87,ES1 1,0.0
mean,2030,21,88,ES1 1,0.0
mean,2030,21,89,ES1 1,0.0
mean,2030,21,90,ES1 1,0.0
mean,2030,21,91,ES1 1,0.0
mean,2030,21,92,ES1 1,0.0
mean,2030,21,93,ES1 1,0.0
mean,2030,21,94,ES1 1,0.0
mean,2030,21,95,ES1 1,0.0
mean,2030,21,96,ES1 1,0.0
mean,2030,21,97,ES1 1,0.0
mean,2030,21,98,ES1 1,0.0
mean,2030,21,99,ES1 1,0.0
mean,2030,21,100,ES1 1,0.0
mean,2030,21,101,ES1 1,0.0
mean,2030,21,102,ES1 1,0.0
mean,2030,21,103,ES1 1,0.0
mean,2030,21,104,ES1 1,0.0
mean,2030,21,105,ES1 1,0.0
mean,2030,21,106,ES1 1,0.0
mean,2030,21,107,ES1 1,0.0
mean,2030,21,108,ES1 1,0.0
mean,2030,21,109,ES1 1,0.0
mean,2030,21,110,ES1 1,0.0
mean,2030,21,111,ES1 1,0.0
mean,2030,21,112,ES1 1,0.0
mean,2030,21,113,ES1 1,0.0
mean,2030,21,114,ES1 1,0.0
mean,2030,21,115,ES1 1,0.0
mean,2030,21,116,ES1 1,0.0
mean,2030,21,117,ES1 1,0.0
mean,2030,21,118,ES1 1,0.0
mean,2030,21,119,ES1 1,0.0
mean,2030,21,120,ES1 1,0.0
mean,2030,21,121,ES1 1,0.0
mean,2030,21,122,ES1 1,0.0
mean,2030,21,123,ES1 1,0.0
mean,2030,21,124,ES1 1,0.0
mean,2030,21,125,ES1 1,0.0
mean,2030,21,126,ES1 1,0.0
mean,2030,21,127,ES1 1,0.0
mean,2030,21,128,ES1 1,0.0
mean,2030,21,129,ES1 1,0.0
mean,2030,21,130,ES1 1,0.0
mean,2030,21,131,ES1 1,0.0
mean,2030,21,132,ES1 1,0.0
mean,2030,21,133,ES1 1,0.0
mean,2030,21,134,ES1 1,0.0
mean,2030,21,135,ES1 1,0.0
mean,2030,21,136,ES1 1,0.0
mean,2030,21,137,ES1 1,0.0
mean,2030,21,138,ES1 1,0.0
mean,2030,21,139,ES1 1,0.0
mean,2030,21,140,ES1 1,0.0
mean,2030,21,141,ES1 1,0.0
mean,2030,21,142,ES1 1,0.0
mean,2030,21,143,ES1 1,0.0
mean,2030,21,144,ES1 1,0.0
mean,2030,21,145,ES1 1,0.0
mean,2030,21,146,ES1 1,0.0
mean,2030,21,147,ES1 1,0.0
mean,2030,21,148,ES1 1,0.0
mean,2030,21,149,ES1 1,0.0
mean,2030,21,150,ES1 1,0.0
mean,2030,21,151,ES1 1,0.0
mean,2030,21,152,ES1 1,0.0
mean,2030,21,153,ES1 1,0.0
mean,2030,21,154,ES1 1,0.0
mean,2030,21,155,ES1 1,0.0
mean,2030,21,156,ES1 1,0.0
mean,2030,21,157,ES1 1,0.0
mean,2030,21,158,ES1 1,0.0
mean,2030,21,159,ES1 1,0.0
mean,2030,21,160,ES1 1,0.0
mean,2030,21,161,ES1 1,0.0
mean,2030,21,162,ES1 1,0.0
mean,2030,21,163,ES1 1,0.0
mean,2030,21,164,ES1 1,0.0
mean,2030,21,165,ES1 1,0.0
mean,2030,21,166,ES1 1,0.0
mean,2030,21,167,ES1 1,0.0
mean,2030,42,0,ES1 1,0.0
mean,2030,42,1,ES1 1,0.0
mean,2030,42,2,ES1 1,0.0
mean,2030,42,3,ES1 1,0.0
mean,2030,42,4,ES1 1,0.0
mean,2030,42,5,ES1 1,0.0
mean,2030,42,6,ES1 1,0.0
mean,2030,42,7,ES1 1,0.0
mean,2030,42,8,ES1 1,0.0
mean,2030,42,9,ES1 1,0.0
mean,2030,42,10,ES1 1,0.0
mean,2030,42,11,ES1 1,0.0
mean,2030,42,12,ES1 1,0.0
mean,2030,42,13,ES1 1,0.0
mean,2030,42,14,ES1 1,0.0
mean,2030,42,15,ES1 1,0.0
mean,2030,42,16,ES1 1,0.0
mean,2030,42,17,ES1 1,0.0
mean,2030,42,18,ES1 1,0.0
mean,2030,42,19,ES1 1,0.0
mean,2030,42,20,ES1 1,0.0
mean,2030,42,21,ES1 1,0.0
mean,2030,42,22,ES1 1,0.0
mean,2030,42,23,ES1 1,0.0
mean,2030,42,24,ES1 1,0.0
mean,2030,42,25,ES1 1,0.0
mean,2030,42,26,ES1 1,0.0
mean,2030,42,27,ES1 1,0.0
mean,2030,42,28,ES1 1,0.0
mean,2030,42,29,ES1 1,0.0
mean,2030,42,30,ES1 1,0.0
mean,2030,42,31,ES1 1,0.0
mean,2030,42,32,ES1 1,0.0
mean,2030,42,33,ES1 1,0.0
mean,2030,42,34,ES1 1,0.0
mean,2030,42,35,ES1 1,0.0
mean,2030,42,36,ES1 1,0.0
mean,2030,42,37,ES1 1,0.0
mean,2030,42,38,ES1 1,0.0
mean,2030,42,39,ES1 1,0.0
mean,2030,42,40,ES1 1,0.0
mean,2030,42,41,ES1 1,0.0
mean,2030,42,42,ES1 1,0.0
mean,2030,42,43,ES1 1,0.0
mean,2030,42,44,ES1 1,0.0
mean,2030,42,45,ES1 1,0.0
mean,2030,42,46,ES1 1,0.0
mean,2030,42,47,ES1 1,0.0
mean,2030,42,48,ES1 1,0.0
mean,2030,42,49,ES1 1,0.0
mean,2030,42,50,ES1 1,0.0
mean,2030,42,51,ES1 1,0.0
mean,2030,42,52,ES1 1,0.0
mean,2030,42,53,ES1 1,0.0
mean,2030,42,54,ES1 1,0.0
mean,2030,42,55,ES1 1,0.0
mean,2030,42,56,ES1 1,0.0
mean,2030,42,57,ES1 1,0.0
mean,2030,42,58,ES1 1,0.0
mean,2030,42,59,ES1 1,0.0
mean,2030,42,60,ES1 1,0.0
mean,2030,42,61,ES1 1,0.0
mean,2030,42,62,ES1 1,0.0
mean,2030,42,63,ES1 1,0.0
mean,2030,42,64,ES1 1,0.0
mean,2030,42,65,ES1 1,0.0
mean,2030,42,66,ES1 1,0.0
mean,2030,42,67,ES1 1,0.0
mean,2030,42,68,ES1 1,0.0
mean,2030,42,69,ES1 1,0.0
mean,2030,42,70,ES1 1,0.0
mean,2030,42,71,ES1 1,0.0
mean,2030,42,72,ES1 1,0.0
mean,2030,42,73,ES1 1,0.0
mean,2030,42,74,ES1 1,0.0
mean,2030,42,75,ES1 1,0.0
mean,2030,42,76,ES1 1,0.0
mean,2030,42,77,ES1 1,0.0
mean,2030,42,78,ES1 1,0.0
mean,2030,42,79,ES1 1,0.0
mean,2030,42,80,ES1 1,0.0
mean,2030,42,81,ES1 1,0.0
mean,2030,42,82,ES1 1,0.0
mean,2030,42,83,ES1 1,0.0
mean,2030,42,84,ES1 1,0.0
mean,2030,42,85,ES1 1,0.0
mean,2030,42,86,ES1 1,0.0
mean,2030,42,87,ES1 1,0.0
mean,2030,42,88,ES1 1,0.0
mean,2030,42,89,ES1 1,0.0
mean,2030,42,90,ES1 1,0.0
mean,2030,42,91,ES1 1,0.0
mean,2030,42,92,ES1 1,0.0
mean,2030,42,93,ES1 1,0.0
mean,2030,42,94,ES1 1,0.0
mean,2030,42,95,ES1 1,0.0
mean,2030,42,96,ES1 1,0.0
mean,2030,42,97,ES1 1,0.0
mean,2030,42,98,ES1 1,0.0
mean,2030,42,99,ES1 1,0.0
mean,2030,42,100,ES1 1,0.0
mean,2030,42,101,ES1 1,0.0
mean,2030,42,102,ES1 1,0.0
mean,2030,42,103,ES1 1,0.0
mean,2030,42,104,ES1 1,0.0
mean,2030,42,105,ES1 1,0.0
mean,2030,42,106,ES1 1,0.0
mean,2030,42,107,ES1 1,0.0
mean,2030,42,108,ES1 1,0.0
mean,2030,42,109,ES1 1,0.0
mean,2030,42,110,ES1 1,0.0
mean,2030,42,111,ES1 1,0.0
mean,2030,42,112,ES1 1,0.0
mean,2030,42,113,ES1 1,0.0
mean,2030,42,114,ES1 1,0.0
mean,2030,42,115,ES1 1,0.0
mean,2030,42,116,ES1 1,0.0
mean,2030,42,117,ES1 1,0.0
mean,2030,42,118,ES1 1,0.0
mean,2030,42,119,ES1 1,0.0
mean,2030,42,120,ES1 1,0.0
mean,2030,42,121,ES1 1,0.0
mean,2030,42,122,ES1 1,0.0
mean,2030,42,123,ES1 1,0.0
mean,2030,42,124,ES1 1,0.0
mean,2030,42,125,ES1 1,0.0
mean,2030,42,126,ES1 1,0.0
mean,2030,42,127,ES1 1,0.0
mean,2030,42,128,ES1 1,0.0
mean,2030,42,129,ES1 1,0.0
mean,2030,42,130,ES1 1,0.0
mean,2030,42,131,ES1 1,0.0
mean,2030,42,132,ES1 1,0.0
mean,2030,42,133,ES1 1,0.0
mean,2030,42,134,ES1 1,0.0
mean,2030,42,135,ES1 1,0.0
mean,2030,42,136,ES1 1,0.0
mean,2030,42,137,ES1 1,0.0
mean,2030,42,138,ES1 1,0.0
mean,2030,42,139,ES1 1,0.0
mean,2030,42,140,ES1 1,0.0
mean,2030,42,141,ES1 1,0.0
mean,2030,42,142,ES1 1,0.0
mean,2030,42,143,ES1 1,0.0
mean,2030,42,144,ES1 1,0.0
mean,2030,42,145,ES1 1,0.0
mean,2030,42,146,ES1 1,0.0
mean,2030,42,147,ES1 1,0.0
mean,2030,42,148,ES1 1,0.0
mean,2030,42,149,ES1 1,0.0
mean,2030,42,150,ES1 1,0.0
mean,2030,42,151,ES1 1,0.0
mean,2030,42,152,ES1 1,0.0
mean,2030,42,153,ES1 1,0.0
mean,2030,42,154,ES1 1,0.0
mean,2030,42,155,ES1 1,0.0
mean,2030,42,156,ES1 1,0.0
mean,2030,42,157,ES1 1,0.0
mean,2030,42,158,ES1 1,0.0
mean,2030,42,159,ES1 1,0.0
mean,2030,42,160,ES1 1,0.0
mean,2030,42,161,ES1 1,0.0
mean,2030,42,162,ES1 1,0.0
mean,2030,42,163,ES1 1,0.0
mean,2030,42,164,ES1 1,0.0
mean,2030,42,165,ES1 1,0.0
mean,2030,42,166,ES1 1,0.0
mean,2030,42,167,ES1 1,0.0
mean,2030,52,0,ES1 1,0.0
mean,2030,52,1,ES1 1,0.0
mean,2030,52,2,ES1 1,0.0
mean,2030,52,3,ES1 1,0.0
mean,2030,52,4,ES1 1,0.0
mean,2030,52,5,ES1 1,0.0
mean,2030,52,6,ES1 1,0.0
mean,2030,52,7,ES1 1,0.0
mean,2030,52,8,ES1 1,0.0
mean,2030,52,9,ES1 1,0.0
mean,2030,52,10,ES1 1,0.0
mean,2030,52,11,ES1 1,0.0
mean,2030,52,12,ES1 1,0.0
mean,2030,52,13,ES1 1,0.0
mean,2030,52,14,ES1 1,0.0
mean,2030,52,15,ES1 1,0.0
mean,2030,52,16,ES1 1,0.0
mean,2030,52,17,ES1 1,0.0
mean,2030,52,18,ES1 1,0.0
mean,2030,52,19,ES1 1,0.0
mean,2030,52,20,ES1 1,0.0
mean,2030,52,21,ES1 1,0.0
mean,2030,52,22,ES1 1,0.0
mean,2030,52,23,ES1 1,0.0
mean,2030,52,24,ES1 1,0.0
mean,2030,52,25,ES1 1,0.0
mean,2030,52,26,ES1 1,0.0
mean,2030,52,27,ES1 1,0.0
mean,2030,52,28,ES1 1,0.0
mean,2030,52,29,ES1 1,0.0
mean,2030,52,30,ES1 1,0.0
mean,2030,52,31,ES1 1,0.0
mean,2030,52,32,ES1 1,0.0
mean,2030,52,33,ES1 1,0.0
mean,2030,52,34,ES1 1,0.0
mean,2030,52,35,ES1 1,0.0
mean,2030,52,36,ES1 1,0.0
mean,2030,52,37,ES1 1,0.0
mean,2030,52,38,ES1 1,0.0
mean,2030,52,39,ES1 1,0.0
mean,2030,52,40,ES1 1,0.0
mean,2030,52,41,ES1 1,0.0
mean,2030,52,42,ES1 1,0.0
mean,2030,52,43,ES1 1,0.0
mean,2030,52,44,ES1 1,0.0
mean,2030,52,45,ES1 1,0.0
mean,2030,52,46,ES1 1,0.0
mean,2030,52,47,ES1 1,0.0
mean,2030,52,48,ES1 1,0.0
mean,2030,52,49,ES1 1,0.0
mean,2030,52,50,ES1 1,0.0
mean,2030,52,51,ES1 1,0.0
mean,2030,52,52,ES1 1,0.0
mean,2030,52,53,ES1 1,0.0
mean,2030,52,54,ES1 1,0.0
mean,2030,52,55,ES1 1,0.0
mean,2030,52,56,ES1 1,0.0
mean,2030,52,57,ES1 1,0.0
mean,2030,52,58,ES1 1,0.0
mean,2030,52,59,ES1 1,0.0
mean,2030,52,60,ES1 1,0.0
mean,2030,52,61,ES1 1,0.0
mean,2030,52,62,ES1 1,0.0
mean,2030,52,63,ES1 1,0.0
mean,2030,52,64,ES1 1,0.0
mean,2030,52,65,ES1 1,0.0
mean,2030,52,66,ES1 1,0.0
mean,2030,52,67,ES1 1,0.0
mean,2030,52,68,ES1 1,0.0
mean,2030,52,69,ES1 1,0.0
mean,2030,52,70,ES1 1,0.0
mean,2030,52,71,ES1 1,0.0
mean,2030,52,72,ES1 1,0.0
mean,2030,52,73,ES1 1,0.0
mean,2030,52,74,ES1 1,0.0
mean,2030,52,75,ES1 1,0.0
mean,2030,52,76,ES1 1,0.0
mean,2030,52,77,ES1 1,0.0
mean,2030,52,78,ES1 1,0.0
mean,2030,52,79,ES1 1,0.0
mean,2030,52,80,ES1 1,0.0
mean,2030,52,81,ES1 1,0.0
mean,2030,52,82,ES1 1,0.0
mean,2030,52,83,ES1 1,0.0
mean,2030,52,84,ES1 1,0.0
mean,2030,52,85,ES1 1,0.0
mean,2030,52,86,ES1 1,0.0
mean,2030,52,87,ES1 1,0.0
mean,2030,52,88,ES1 1,0.0
mean,2030,52,89,ES1 1,0.0
mean,2030,52,90,ES1 1,0.0
mean,2030,52,91,ES1 1,0.0
mean,2030,52,92,ES1 1,0.0
mean,2030,52,93,ES1 1,0.0
mean,2030,52,94,ES1 1,0.0
mean,2030,52,95,ES1 1,0.0
mean,2030,52,96,ES1 1,0.0
mean,2030,52,97,ES1 1,0.0
mean,2030,52,98,ES1 1,0.0
mean,2030,52,99,ES1 1,0.0
mean,2030,52,100,ES1 1,0.0
mean,2030,52,101,ES1 1,0.0
mean,2030,52,102,ES1 1,0.0
mean,2030,52,103,ES1 1,0.0
mean,2030,52,104,ES1 1,0.0
mean,2030,52,105,ES1 1,0.0
mean,2030,52,106,ES1 1,0.0
mean,2030,52,107,ES1 1,0.0
mean,2030,52,108,ES1 1,0.0
mean,2030,52,109,ES1 1,0.0
mean,2030,52,110,ES1 1,0.0
mean,2030,52,111,ES1 1,0.0
mean,2030,52,112,ES1 1,0.0
mean,2030,52,113,ES1 1,0.0
mean,2030,52,114,ES1 1,0.0
mean,2030,52,115,ES1 1,0.0
mean,2030,52,116,ES1 1,0.0
mean,2030,52,117,ES1 1,0.0
mean,2030,52,118,ES1 1,0.0
mean,2030,52,119,ES1 1,0.0
mean,2030,52,120,ES1 1,0.0
mean,2030,52,121,ES1 1,0.0
mean,2030,52,122,ES1 1,0.0
mean,2030,52,123,ES1 1,0.0
mean,2030,52,124,ES1 1,0.0
mean,2030,52,125,ES1 1,0.0
mean,2030,52,126,ES1 1,0.0
mean,2030,52,127,ES1 1,0.0
mean,2030,52,128,ES1 1,0.0
mean,2030,52,129,ES1 1,0.0
mean,2030,52,130,ES1 1,0.0
mean,2030,52,131,ES1 1,0.0
mean,2030,52,132,ES1 1,0.0
mean,2030,52,133,ES1 1,0.0
mean,2030,52,134,ES1 1,0.0
mean,2030,52,135,ES1 1,0.0
mean,2030,52,136,ES1 1,0.0
mean,2030,52,137,ES1 1,0.0
mean,2030,52,138,ES1 1,0.0
mean,2030,52,139,ES1 1,0.0
mean,2030,52,140,ES1 1,0.0
mean,2030,52,141,ES1 1,0.0
mean,2030,52,142,ES1 1,0.0
mean,2030,52,143,ES1 1,0.0
mean,2030,52,144,ES1 1,0.0
mean,2030,52,145,ES1 1,0.0
mean,2030,52,146,ES1 1,0.0
mean,2030,52,147,ES1 1,0.0
mean,2030,52,148,ES1 1,0.0
mean,2030,52,149,ES1 1,0.0
mean,2030,52,150,ES1 1,0.0
mean,2030,52,151,ES1 1,0.0
mean,2030,52,152,ES1 1,0.0
mean,2030,52,153,ES1 1,0.0
mean,2030,52,154,ES1 1,0.0
mean,2030,52,155,ES1 1,0.0
mean,2030,52,156,ES1 1,0.0
mean,2030,52,157,ES1 1,0.0
mean,2030,52,158,ES1 1,0.0
mean,2030,52,159,ES1 1,0.0
mean,2030,52,160,ES1 1,0.0
mean,2030,52,161,ES1 1,0.0
mean,2030,52,162,ES1 1,0.0
mean,2030,52,163,ES1 1,0.0
mean,2030,52,164,ES1 1,0.0
mean,2030,52,165,ES1 1,0.0
mean,2030,52,166,ES1 1,0.0
mean,2030,52,167,ES1 1,0.0
mean,2040,11,0,ES1 1,0.0
mean,2040,11,1,ES1 1,0.0
mean,2040,11,2,ES1 1,0.0
mean,2040,11,3,ES1 1,0.0
mean,2040,11,4,ES1 1,0.0
mean,2040,11,5,ES1 1,0.0
mean,2040,11,6,ES1 1,0.0
mean,2040,11,7,ES1 1,0.0
mean,2040,11,8,ES1 1,0.0
mean,2040,11,9,ES1 1,0.0
mean,2040,11,10,ES1 1,0.0
mean,2040,11,11,ES1 1,0.0
mean,2040,11,12,ES1 1,0.0
mean,2040,11,13,ES1 1,0.0
mean,2040,11,14,ES1 1,0.0
mean,2040,11,15,ES1 1,0.0
mean,2040,11,16,ES1 1,0.0
mean,2040,11,17,ES1 1,0.0
mean,2040,11,18,ES1 1,0.0
mean,2040,11,19,ES1 1,0.0
mean,2040,11,20,ES1 1,0.0
mean,2040,11,21,ES1 1,0.0
mean,2040,11,22,ES1 1,0.0
mean,2040,11,23,ES1 1,0.0
mean,2040,11,24,ES1 1,0.0
mean,2040,11,25,ES1 1,0.0
mean,2040,11,26,ES1 1,0.0
mean,2040,11,27,ES1 1,0.0
mean,2040,11,28,ES1 1,0.0
mean,2040,11,29,ES1 1,0.0
mean,2040,11,30,ES1 1,0.0
mean,2040,11,31,ES1 1,0.0
mean,2040,11,32,ES1 1,0.0
mean,2040,11,33,ES1 1,0.0
mean,2040,11,34,ES1 1,0.0
mean,2040,11,35,ES1 1,0.0
mean,2040,11,36,ES1 1,0.0
mean,2040,11,37,ES1 1,0.0
mean,2040,11,38,ES1 1,0.0
mean,2040,11,39,ES1 1,0.0
mean,2040,11,40,ES1 1,0.0
mean,2040,11,41,ES1 1,0.0
mean,2040,11,42,ES1 1,0.0
mean,2040,11,43,ES1 1,0.0
mean,2040,11,44,ES1 1,0.0
mean,2040,11,45,ES1 1,0.0
mean,2040,11,46,ES1 1,0.0
mean,2040,11,47,ES1 1,0.0
mean,2040,11,48,ES1 1,0.0
mean,2040,11,49,ES1 1,0.0
mean,2040,11,50,ES1 1,0.0
mean,2040,11,51,ES1 1,0.0
mean,2040,11,52,ES1 1,0.0
mean,2040,11,53,ES1 1,0.0
mean,2040,11,54,ES1 1,0.0
mean,2040,11,55,ES1 1,0.0
mean,2040,11,56,ES1 1,0.0
mean,2040,11,57,ES1 1,0.0
mean,2040,11,58,ES1 1,0.0
mean,2040,11,59,ES1 1,0.0
mean,2040,11,60,ES1 1,0.0
mean,2040,11,61,ES1 1,0.0
mean,2040,11,62,ES1 1,0.0
mean,2040,11,63,ES1 1,0.0
mean,2040,11,64,ES1 1,0.0
mean,2040,11,65,ES1 1,0.0
mean,2040,11,66,ES1 1,0.0
mean,2040,11,67,ES1 1,0.0
mean,2040,11,68,ES1 1,0.0
mean,2040,11,69,ES1 1,0.0
mean,2040,11,70,ES1 1,0.0
mean,2040,11,71,ES1 1,0.0
mean,2040,11,72,ES1 1,0.0
mean,2040,11,73,ES1 1,0.0
mean,2040,11,74,ES1 1,0.0
mean,2040,11,75,ES1 1,0.0
mean,2040,11,76,ES1 1,0.0
mean,2040,11,77,ES1 1,0.0
mean,2040,11,78,ES1 1,0.0
mean,2040,11,79,ES1 1,0.0
mean,2040,11,80,ES1 1,0.0
mean,2040,11,81,ES1 1,0.0
mean,2040,11,82,ES1 1,0.0
mean,2040,11,83,ES1 1,0.0
mean,2040,11,84,ES1 1,0.0
mean,2040,11,85,ES1 1,0.0
mean,2040,11,86,ES1 1,0.0
mean,2040,11,87,ES1 1,0.0
mean,2040,11,88,ES1 1,0.0
mean,2040,11,89,ES1 1,0.0
mean,2040,11,90,ES1 1,0.0
mean,2040,11,91,ES1 1,0.0
mean,2040,11,92,ES1 1,0.0
mean,2040,11,93,ES1 1,0.0
mean,2040,11,94,ES1 1,0.0
mean,2040,11,95,ES1 1,0.0
mean,2040,11,96,ES1 1,0.0
mean,2040,11,97,ES1 1,0.0
mean,2040,11,98,ES1 1,0.0
mean,2040,11,99,ES1 1,0.0
mean,2040,11,100,ES1 1,0.0
mean,2040,11,101,ES1 1,0.0
mean,2040,11,102,ES1 1,0.0
mean,2040,11,103,ES1 1,0.0
mean,2040,11,104,ES1 1,0.0
mean,2040,11,105,ES1 1,0.0
mean,2040,11,106,ES1 1,0.0
mean,2040,11,107,ES1 1,0.0
mean,2040,11,108,ES1 1,0.0
mean,2040,11,109,ES1 1,0.0
mean,2040,11,110,ES1 1,0.0
mean,2040,11,111,ES1 1,0.0
mean,2040,11,112,ES1 1,0.0
mean,2040,11,113,ES1 1,0.0
mean,2040,11,114,ES1 1,0.0
mean,2040,11,115,ES1 1,0.0
mean,2040,11,116,ES1 1,0.0
mean,2040,11,117,ES1 1,0.0
mean,2040,11,118,ES1 1,0.0
mean,2040,11,119,ES1 1,0.0
mean,2040,11,120,ES1 1,0.0
mean,2040,11,121,ES1 1,0.0
mean,2040,11,122,ES1 1,0.0
mean,2040,11,123,ES1 1,0.0
mean,2040,11,124,ES1 1,0.0
mean,2040,11,125,ES1 1,0.0
mean,2040,11,126,ES1 1,0.0
mean,2040,11,127,ES1 1,0.0
mean,2040,11,128,ES1 1,0.0
mean,2040,11,129,ES1 1,0.0
mean,2040,11,130,ES1 1,0.0
mean,2040,11,131,ES1 1,0.0
mean,2040,11,132,ES1 1,0.0
mean,2040,11,133,ES1 1,0.0
mean,2040,11,134,ES1 1,0.0
mean,2040,11,135,ES1 1,0.0
mean,2040,11,136,ES1 1,0.0
mean,2040,11,137,ES1 1,0.0
mean,2040,11,138,ES1 1,0.0
mean,2040,11,139,ES1 1,0.0
mean,2040,11,140,ES1 1,0.0
mean,2040,11,141,ES1 1,0.0
mean,2040,11,142,ES1 1,0.0
mean,2040,11,143,ES1 1,0.0
mean,2040,11,144,ES1 1,0.0
mean,2040,11,145,ES1 1,0.0
mean,2040,11,146,ES1 1,0.0
mean,2040,11,147,ES1 1,0.0
mean,2040,11,148,ES1 1,0.0
mean,2040,11,149,ES1 1,0.0
mean,2040,11,150,ES1 1,0.0
mean,2040,11,151,ES1 1,0.0
mean,2040,11,152,ES1 1,0.0
mean,2040,11,153,ES1 1,0.0
mean,2040,11,154,ES1 1,0.0
mean,2040,11,155,ES1 1,0.0
mean,2040,11,156,ES1 1,0.0
mean,2040,11,157,ES1 1,0.0
mean,2040,11,158,ES1 1,0.0
mean,2040,11,159,ES1 1,0.0
mean,2040,11,160,ES1 1,0.0
mean,2040,11,161,ES1 1,0.0
mean,2040,11,162,ES1 1,0.0
mean,2040,11,163,ES1 1,0.0
mean,2040,11,164,ES1 1,0.0
mean,2040,11,165,ES1 1,0.0
mean,2040,11,166,ES1 1,0.0
mean,2040,11,167,ES1 1,0.0
mean,2040,21,0,ES1 1,0.0
mean,2040,21,1,ES1 1,0.0
mean,2040,21,2,ES1 1,0.0
mean,2040,21,3,ES1 1,0.0
mean,2040,21,4,ES1 1,0.0
mean,2040,21,5,ES1 1,0.0
mean,2040,21,6,ES1 1,0.0
mean,2040,21,7,ES1 1,0.0
mean,2040,21,8,ES1 1,0.0
mean,2040,21,9,ES1 1,0.0
mean,2040,21,10,ES1 1,0.0
mean,2040,21,11,ES1 1,0.0
mean,2040,21,12,ES1 1,0.0
mean,2040,21,13,ES1 1,0.0
mean,2040,21,14,ES1 1,0.0
mean,2040,21,15,ES1 1,0.0
mean,2040,21,16,ES1 1,0.0
mean,2040,21,17,ES1 1,0.0
mean,2040,21,18,ES1 1,0.0
mean,2040,21,19,ES1 1,0.0
mean,2040,21,20,ES1 1,0.0
mean,2040,21,21,ES1 1,0.0
mean,2040,21,22,ES1 1,0.0
mean,2040,21,23,ES1 1,0.0
mean,2040,21,24,ES1 1,0.0
mean,2040,21,25,ES1 1,0.0
mean,2040,21,26,ES1 1,0.0
mean,2040,21,27,ES1 1,0.0
mean,2040,21,28,ES1 1,0.0
mean,2040,21,29,ES1 1,0.0
mean,2040,21,30,ES1 1,0.0
mean,2040,21,31,ES1 1,0.0
mean,2040,21,32,ES1 1,0.0
mean,2040,21,33,ES1 1,0.0
mean,2040,21,34,ES1 1,0.0
mean,2040,21,35,ES1 1,0.0
mean,2040,21,36,ES1 1,0.0
mean,2040,21,37,ES1 1,0.0
mean,2040,21,38,ES1 1,0.0
mean,2040,21,39,ES1 1,0.0
mean,2040,21,40,ES1 1,0.0
mean,2040,21,41,ES1 1,0.0
mean,2040,21,42,ES1 1,0.0
mean,2040,21,43,ES1 1,0.0
mean,2040,21,44,ES1 1,0.0
mean,2040,21,45,ES1 1,0.0
mean,2040,21,46,ES1 1,0.0
mean,2040,21,47,ES1 1,0.0
mean,2040,21,48,ES1 1,0.0
mean,2040,21,49,ES1 1,0.0
mean,2040,21,50,ES1 1,0.0
mean,2040,21,51,ES1 1,0.0
mean,2040,21,52,ES1 1,0.0
mean,2040,21,53,ES1 1,0.0
mean,2040,21,54,ES1 1,0.0
mean,2040,21,55,ES1 1,0.0
mean,2040,21,56,ES1 1,0.0
mean,2040,21,57,ES1 1,0.0
mean,2040,21,58,ES1 1,0.0
mean,2040,21,59,ES1 1,0.0
mean,2040,21,60,ES1 1,0.0
mean,2040,21,61,ES1 1,0.0
mean,2040,21,62,ES1 1,0.0
mean,2040,21,63,ES1 1,0.0
mean,2040,21,64,ES1 1,0.0
mean,2040,21,65,ES1 1,0.0
mean,2040,21,66,ES1 1,0.0
mean,2040,21,67,ES1 1,0.0
mean,2040,21,68,ES1 1,0.0
mean,2040,21,69,ES1 1,0.0
mean,2040,21,70,ES1 1,0.0
mean,2040,21,71,ES1 1,0.0
mean,2040,21,72,ES1 1,0.0
mean,2040,21,73,ES1 1,0.0
mean,2040,21,74,ES1 1,0.0
mean,2040,21,75,ES1 1,0.0
mean,2040,21,76,ES1 1,0.0
mean,2040,21,77,ES1 1,0.0
mean,2040,21,78,ES1 1,0.0
mean,2040,21,79,ES1 1,0.0
mean,2040,21,80,ES1 1,0.0
mean,2040,21,81,ES1 1,0.0
mean,2040,21,82,ES1 1,0.0
mean,2040,21,83,ES1 1,0.0
mean,2040,21,84,ES1 1,0.0
mean,2040,21,85,ES1 1,0.0
mean,2040,21,86,ES1 1,0.0
mean,2040,21,87,ES1 1,0.0
mean,2040,21,88,ES1 1,0.0
mean,2040,21,89,ES1 1,0.0
mean,2040,21,90,ES1 1,0.0
mean,2040,21,91,ES1 1,0.0
mean,2040,21,92,ES1 1,0.0
mean,2040,21,93,ES1 1,0.0
mean,2040,21,94,ES1 1,0.0
mean,2040,21,95,ES1 1,0.0
mean,2040,21,96,ES1 1,0.0
mean,2040,21,97,ES1 1,0.0
mean,2040,21,98,ES1 1,0.0
mean,2040,21,99,ES1 1,0.0
mean,2040,21,100,ES1 1,0.0
mean,2040,21,101,ES1 1,0.0
mean,2040,21,102,ES1 1,0.0
mean,2040,21,103,ES1 1,0.0
mean,2040,21,104,ES1 1,0.0
mean,2040,21,105,ES1 1,0.0
mean,2040,21,106,ES1 1,0.0
mean,2040,21,107,ES1 1,0.0
mean,2040,21,108,ES1 1,0.0
mean,2040,21,109,ES1 1,0.0
mean,2040,21,110,ES1 1,0.0
mean,2040,21,111,ES1 1,0.0
mean,2040,21,112,ES1 1,0.0
mean,2040,21,113,ES1 1,0.0
mean,2040,21,114,ES1 1,0.0
mean,2040,21,115,ES1 1,0.0
mean,2040,21,116,ES1 1,0.0
mean,2040,21,117,ES1 1,0.0
mean,2040,21,118,ES1 1,0.0
mean,2040,21,119,ES1 1,0.0
mean,2040,21,120,ES1 1,0.0
mean,2040,21,121,ES1 1,0.0
mean,2040,21,122,ES1 1,0.0
mean,2040,21,123,ES1 1,0.0
mean,2040,21,124,ES1 1,0.0
mean,2040,21,125,ES1 1,0.0
mean,2040,21,126,ES1 1,0.0
mean,2040,21,127,ES1 1,0.0
mean,2040,21,128,ES1 1,0.0
mean,2040,21,129,ES1 1,0.0
mean,2040,21,130,ES1 1,0.0
mean,2040,21,131,ES1 1,0.0
mean,2040,21,132,ES1 1,0.0
mean,2040,21,133,ES1 1,0.0
mean,2040,21,134,ES1 1,0.0
mean,2040,21,135,ES1 1,0.0
mean,2040,21,136,ES1 1,0.0
mean,2040,21,137,ES1 1,0.0
mean,2040,21,138,ES1 1,0.0
mean,2040,21,139,ES1 1,0.0
mean,2040,21,140,ES1 1,0.0
mean,2040,21,141,ES1 1,0.0
mean,2040,21,142,ES1 1,0.0
mean,2040,21,143,ES1 1,0.0
mean,2040,21,144,ES1 1,0.0
mean,2040,21,145,ES1 1,0.0
mean,2040,21,146,ES1 1,0.0
mean,2040,21,147,ES1 1,0.0
mean,2040,21,148,ES1 1,0.0
mean,2040,21,149,ES1 1,0.0
mean,2040,21,150,ES1 1,0.0
mean,2040,21,151,ES1 1,0.0
mean,2040,21,152,ES1 1,0.0
mean,2040,21,153,ES1 1,0.0
mean,2040,21,154,ES1 1,0.0
mean,2040,21,155,ES1 1,0.0
mean,2040,21,156,ES1 1,0.0
mean,2040,21,157,ES1 1,0.0
mean,2040,21,158,ES1 1,0.0
mean,2040,21,159,ES1 1,0.0
mean,2040,21,160,ES1 1,0.0
mean,2040,21,161,ES1 1,0.0
mean,2040,21,162,ES1 1,0.0
mean,2040,21,163,ES1 1,0.0
mean,2040,21,164,ES1 1,0.0
mean,2040,21,165,ES1 1,0.0
mean,2040,21,166,ES1 1,0.0
mean,2040,21,167,ES1 1,0.0
mean,2040,42,0,ES1 1,0.0
mean,2040,42,1,ES1 1,0.0
mean,2040,42,2,ES1 1,0.0
mean,2040,42,3,ES1 1,0.0
mean,2040,42,4,ES1 1,0.0
mean,2040,42,5,ES1 1,0.0
mean,2040,42,6,ES1 1,0.0
mean,2040,42,7,ES1 1,0.0
mean,2040,42,8,ES1 1,0.0
mean,2040,42,9,ES1 1,0.0
mean,2040,42,10,ES1 1,0.0
mean,2040,42,11,ES1 1,0.0
mean,2040,42,12,ES1 1,0.0
mean,2040,42,13,ES1 1,0.0
mean,2040,42,14,ES1 1,0.0
mean,2040,42,15,ES1 1,0.0
mean,2040,42,16,ES1 1,0.0
mean,2040,42,17,ES1 1,0.0
mean,2040,42,18,ES1 1,0.0
mean,2040,42,19,ES1 1,0.0
mean,2040,42,20,ES1 1,0.0
mean,2040,42,21,ES1 1,0.0
mean,2040,42,22,ES1 1,0.0
mean,2040,42,23,ES1 1,0.0
mean,2040,42,24,ES1 1,0.0
mean,2040,42,25,ES1 1,0.0
mean,2040,42,26,ES1 1,0.0
mean,2040,42,27,ES1 1,0.0
mean,2040,42,28,ES1 1,0.0
mean,2040,42,29,ES1 1,0.0
mean,2040,42,30,ES1 1,0.0
mean,2040,42,31,ES1 1,0.0
mean,2040,42,32,ES1 1,0.0
mean,2040,42,33,ES1 1,0.0
mean,2040,42,34,ES1 1,0.0
mean,2040,42,35,ES1 1,0.0
mean,2040,42,36,ES1 1,0.0
mean,2040,42,37,ES1 1,0.0
mean,2040,42,38,ES1 1,0.0
mean,2040,42,39,ES1 1,0.0
mean,2040,42,40,ES1 1,0.0
mean,2040,42,41,ES1 1,0.0
mean,2040,42,42,ES1 1,0.0
mean,2040,42,43,ES1 1,0.0
mean,2040,42,44,ES1 1,0.0
mean,2040,42,45,ES1 1,0.0
mean,2040,42,46,ES1 1,0.0
mean,2040,42,47,ES1 1,0.0
mean,2040,42,48,ES1 1,0.0
mean,2040,42,49,ES1 1,0.0
mean,2040,42,50,ES1 1,0.0
mean,2040,42,51,ES1 1,0.0
mean,2040,42,52,ES1 1,0.0
mean,2040,42,53,ES1 1,0.0
mean,2040,42,54,ES1 1,0.0
mean,2040,42,55,ES1 1,0.0
mean,2040,42,56,ES1 1,0.0
mean,2040,42,57,ES1 1,0.0
mean,2040,42,58,ES1 1,0.0
mean,2040,42,59,ES1 1,0.0
mean,2040,42,60,ES1 1,0.0
mean,2040,42,61,ES1 1,0.0
mean,2040,42,62,ES1 1,0.0
mean,2040,42,63,ES1 1,0.0
mean,2040,42,64,ES1 1,0.0
mean,2040,42,65,ES1 1,0.0
mean,2040,42,66,ES1 1,0.0
mean,2040,42,67,ES1 1,0.0
mean,2040,42,68,ES1 1,0.0
mean,2040,42,69,ES1 1,0.0
mean,2040,42,70,ES1 1,0.0
mean,2040,42,71,ES1 1,0.0
mean,2040,42,72,ES1 1,0.0
mean,2040,42,73,ES1 1,0.0
mean,2040,42,74,ES1 1,0.0
mean,2040,42,75,ES1 1,0.0
mean,2040,42,76,ES1 1,0.0
mean,2040,42,77,ES1 1,0.0
mean,2040,42,78,ES1 1,0.0
mean,2040,42,79,ES1 1,0.0
mean,2040,42,80,ES1 1,0.0
mean,2040,42,81,ES1 1,0.0
mean,2040,42,82,ES1 1,0.0
mean,2040,42,83,ES1 1,0.0
mean,2040,42,84,ES1 1,0.0
mean,2040,42,85,ES1 1,0.0
mean,2040,42,86,ES1 1,0.0
mean,2040,42,87,ES1 1,0.0
mean,2040,42,88,ES1 1,0.0
mean,2040,42,89,ES1 1,0.0
mean,2040,42,90,ES1 1,0.0
mean,2040,42,91,ES1 1,0.0
mean,2040,42,92,ES1 1,0.0
mean,2040,42,93,ES1 1,0.0
mean,2040,42,94,ES1 1,0.0
mean,2040,42,95,ES1 1,0.0
mean,2040,42,96,ES1 1,0.0
mean,2040,42,97,ES1 1,0.0
mean,2040,42,98,ES1 1,0.0
mean,2040,42,99,ES1 1,0.0
mean,2040,42,100,ES1 1,0.0
mean,2040,42,101,ES1 1,0.0
mean,2040,42,102,ES1 1,0.0
mean,2040,42,103,ES1 1,0.0
mean,2040,42,104,ES1 1,0.0
mean,2040,42,105,ES1 1,0.0
mean,2040,42,106,ES1 1,0.0
mean,2040,42,107,ES1 1,0.0
mean,2040,42,108,ES1 1,0.0
mean,2040,42,109,ES1 1,0.0
mean,2040,42,110,ES1 1,0.0
mean,2040,42,111,ES1 1,0.0
mean,2040,42,112,ES1 1,0.0
mean,2040,42,113,ES1 1,0.0
mean,2040,42,114,ES1 1,0.0
mean,2040,42,115,ES1 1,0.0
mean,2040,42,116,ES1 1,0.0
mean,2040,42,117,ES1 1,0.0
mean,2040,42,118,ES1 1,0.0
mean,2040,42,119,ES1 1,0.0
mean,2040,42,120,ES1 1,0.0
mean,2040,42,121,ES1 1,0.0
mean,2040,42,122,ES1 1,0.0
mean,2040,42,123,ES1 1,0.0
mean,2040,42,124,ES1 1,0.0
mean,2040,42,125,ES1 1,0.0
mean,2040,42,126,ES1 1,0.0
mean,2040,42,127,ES1 1,0.0
mean,2040,42,128,ES1 1,0.0
mean,2040,42,129,ES1 1,0.0
mean,2040,42,130,ES1 1,0.0
mean,2040,42,131,ES1 1,0.0
mean,2040,42,132,ES1 1,0.0
mean,2040,42,133,ES1 1,0.0
mean,2040,42,134,ES1 1,0.0
mean,2040,42,135,ES1 1,0.0
mean,2040,42,136,ES1 1,0.0
mean,2040,42,137,ES1 1,0.0
mean,2040,42,138,ES1 1,0.0
mean,2040,42,139,ES1 1,0.0
mean,2040,42,140,ES1 1,0.0
mean,2040,42,141,ES1 1,0.0
mean,2040,42,142,ES1 1,0.0
mean,2040,42,143,ES1 1,0.0
mean,2040,42,144,ES1 1,0.0
mean,2040,42,145,ES1 1,0.0
mean,2040,42,146,ES1 1,0.0
mean,2040,42,147,ES1 1,0.0
mean,2040,42,148,ES1 1,0.0
mean,2040,42,149,ES1 1,0.0
mean,2040,42,150,ES1 1,0.0
mean,2040,42,151,ES1 1,0.0
mean,2040,42,152,ES1 1,0.0
mean,2040,42,153,ES1 1,0.0
mean,2040,42,154,ES1 1,0.0
mean,2040,42,155,ES1 1,0.0
mean,2040,42,156,ES1 1,0.0
mean,2040,42,157,ES1 1,0.0
mean,2040,42,158,ES1 1,0.0
mean,2040,42,159,ES1 1,0.0
mean,2040,42,160,ES1 1,0.0
mean,2040,42,161,ES1 1,0.0
mean,2040,42,162,ES1 1,0.0
mean,2040,42,163,ES1 1,0.0
mean,2040,42,164,ES1 1,0.0
mean,2040,42,165,ES1 1,0.0
mean,2040,42,166,ES1 1,0.0
mean,2040,42,167,ES1 1,0.0
mean,2040,52,0,ES1 1,0.0
mean,2040,52,1,ES1 1,0.0
mean,2040,52,2,ES1 1,0.0
mean,2040,52,3,ES1 1,0.0
mean,2040,52,4,ES1 1,0.0
mean,2040,52,5,ES1 1,0.0
mean,2040,52,6,ES1 1,0.0
mean,2040,52,7,ES1 1,0.0
mean,2040,52,8,ES1 1,0.0
mean,2040,52,9,ES1 1,0.0
mean,2040,52,10,ES1 1,0.0
mean,2040,52,11,ES1 1,0.0
mean,2040,52,12,ES1 1,0.0
mean,2040,52,13,ES1 1,0.0
mean,2040,52,14,ES1 1,0.0
mean,2040,52,15,ES1 1,0.0
mean,2040,52,16,ES1 1,0.0
mean,2040,52,17,ES1 1,0.0
mean,2040,52,18,ES1 1,0.0
mean,2040,52,19,ES1 1,0.0
mean,2040,52,20,ES1 1,0.0
mean,2040,52,21,ES1 1,0.0
mean,2040,52,22,ES1 1,0.0
mean,2040,52,23,ES1 1,0.0
mean,2040,52,24,ES1 1,0.0
mean,2040,52,25,ES1 1,0.0
mean,2040,52,26,ES1 1,0.0
mean,2040,52,27,ES1 1,0.0
mean,2040,52,28,ES1 1,0.0
mean,2040,52,29,ES1 1,0.0
mean,2040,52,30,ES1 1,0.0
mean,2040,52,31,ES1 1,0.0
mean,2040,52,32,ES1 1,0.0
mean,2040,52,33,ES1 1,0.0
mean,2040,52,34,ES1 1,0.0
mean,2040,52,35,ES1 1,0.0
mean,2040,52,36,ES1 1,0.0
mean,2040,52,37,ES1 1,0.0
mean,2040,52,38,ES1 1,0.0
mean,2040,52,39,ES1 1,0.0
mean,2040,52,40,ES1 1,0.0
mean,2040,52,41,ES1 1,0.0
mean,2040,52,42,ES1 1,0.0
mean,2040,52,43,ES1 1,0.0
mean,2040,52,44,ES1 1,0.0
mean,2040,52,45,ES1 1,0.0
mean,2040,52,46,ES1 1,0.0
mean,2040,52,47,ES1 1,0.0
mean,2040,52,48,ES1 1,0.0
mean,2040,52,49,ES1 1,0.0
mean,2040,52,50,ES1 1,0.0
mean,2040,52,51,ES1 1,0.0
mean,2040,52,52,ES1 1,0.0
mean,2040,52,53,ES1 1,0.0
mean,2040,52,54,ES1 1,0.0
mean,2040,52,55,ES1 1,0.0
mean,2040,52,56,ES1 1,0.0
mean,2040,52,57,ES1 1,0.0
mean,2040,52,58,ES1 1,0.0
mean,2040,52,59,ES1 1,0.0
mean,2040,52,60,ES1 1,0.0
mean,2040,52,61,ES1 1,0.0
mean,2040,52,62,ES1 1,0.0
mean,2040,52,63,ES1 1,0.0
mean,2040,52,64,ES1 1,0.0
mean,2040,52,65,ES1 1,0.0
mean,2040,52,66,ES1 1,0.0
mean,2040,52,67,ES1 1,0.0
mean,2040,52,68,ES1 1,0.0
mean,2040,52,69,ES1 1,0.0
mean,2040,52,70,ES1 1,0.0
mean,2040,52,71,ES1 1,0.0
mean,2040,52,72,ES1 1,0.0
mean,2040,52,73,ES1 1,0.0
mean,2040,52,74,ES1 1,0.0
mean,2040,52,75,ES1 1,0.0
mean,2040,52,76,ES1 1,0.0
mean,2040,52,77,ES1 1,0.0
mean,2040,52,78,ES1 1,0.0
mean,2040,52,79,ES1 1,0.0
mean,2040,52,80,ES1 1,0.0
mean,2040,52,81,ES1 1,0.0
mean,2040,52,82,ES1 1,0.0
mean,2040,52,83,ES1 1,0.0
mean,2040,52,84,ES1 1,0.0
mean,2040,52,85,ES1 1,0.0
mean,2040,52,86,ES1 1,0.0
mean,2040,52,87,ES1 1,0.0
mean,2040,52,88,ES1 1,0.0
mean,2040,52,89,ES1 1,0.0
mean,2040,52,90,ES1 1,0.0
mean,2040,52,91,ES1 1,0.0
mean,2040,52,92,ES1 1,0.0
mean,2040,52,93,ES1 1,0.0
mean,2040,52,94,ES1 1,0.0
mean,2040,52,95,ES1 1,0.0
mean,2040,52,96,ES1 1,0.0
mean,2040,52,97,ES1 1,0.0
mean,2040,52,98,ES1 1,0.0
mean,2040,52,99,ES1 1,0.0
mean,2040,52,100,ES1 1,0.0
mean,2040,52,101,ES1 1,0.0
mean,2040,52,102,ES1 1,0.0
mean,2040,52,103,ES1 1,0.0
mean,2040,52,104,ES1 1,0.0
mean,2040,52,105,ES1 1,0.0
mean,2040,52,106,ES1 1,0.0
mean,2040,52,107,ES1 1,0.0
mean,2040,52,108,ES1 1,0.0
mean,2040,52,109,ES1 1,0.0
mean,2040,52,110,ES1 1,0.0
mean,2040,52,111,ES1 1,0.0
mean,2040,52,112,ES1 1,0.0
mean,2040,52,113,ES1 1,0.0
mean,2040,52,114,ES1 1,0.0
mean,2040,52,115,ES1 1,0.0
mean,2040,52,116,ES1 1,0.0
mean,2040,52,117,ES1 1,0.0
mean,2040,52,118,ES1 1,0.0
mean,2040,52,119,ES1 1,0.0
mean,2040,52,120,ES1 1,0.0
mean,2040,52,121,ES1 1,0.0
mean,2040,52,122,ES1 1,0.0
mean,2040,52,123,ES1 1,0.0
mean,2040,52,124,ES1 1,0.0
mean,2040,52,125,ES1 1,0.0
mean,2040,52,126,ES1 1,0.0
mean,2040,52,127,ES1 1,0.0
mean,2040,52,128,ES1 1,0.0
mean,2040,52,129,ES1 1,0.0
mean,2040,52,130,ES1 1,0.0
mean,2040,52,131,ES1 1,0.0
mean,2040,52,132,ES1 1,0.0
mean,2040,52,133,ES1 1,0.0
mean,2040,52,134,ES1 1,0.0
mean,2040,52,135,ES1 1,0.0
mean,2040,52,136,ES1 1,0.0
mean,2040,52,137,ES1 1,0.0
mean,2040,52,138,ES1 1,0.0
mean,2040,52,139,ES1 1,0.0
mean,2040,52,140,ES1 1,0.0
mean,2040,52,141,ES1 1,0.0
mean,2040,52,142,ES1 1,0.0
mean,2040,52,143,ES1 1,0.0
mean,2040,52,144,ES1 1,0.0
mean,2040,52,145,ES1 1,0.0
mean,2040,52,146,ES1 1,0.0
mean,2040,52,147,ES1 1,0.0
mean,2040,52,148,ES1 1,0.0
mean,2040,52,149,ES1 1,0.0
mean,2040,52,150,ES1 1,0.0
mean,2040,52,151,ES1 1,0.0
mean,2040,52,152,ES1 1,0.0
mean,2040,52,153,ES1 1,0.0
mean,2040,52,154,ES1 1,0.0
mean,2040,52,155,ES1 1,0.0
mean,2040,52,156,ES1 1,0.0
mean,2040,52,157,ES1 1,0.0
mean,2040,52,158,ES1 1,0.0
mean,2040,52,159,ES1 1,0.0
mean,2040,52,160,ES1 1,0.0
mean,2040,52,161,ES1 1,0.0
mean,2040,52,162,ES1 1,0.0
mean,2040,52,163,ES1 1,0.0
mean,2040,52,164,ES1 1,0.0
mean,2040,52,165,ES1 1,0.0
mean,2040,52,166,ES1 1,0.0
mean,2040,52,167,ES1 1,0.0
mean,2050,11,0,ES1 1,0.0
mean,2050,11,1,ES1 1,0.0
mean,2050,11,2,ES1 1,0.0
mean,2050,11,3,ES1 1,0.0
mean,2050,11,4,ES1 1,0.0
mean,2050,11,5,ES1 1,0.0
mean,2050,11,6,ES1 1,0.0
mean,2050,11,7,ES1 1,0.0
mean,2050,11,8,ES1 1,0.0
mean,2050,11,9,ES1 1,0.0
mean,2050,11,10,ES1 1,0.0
mean,2050,11,11,ES1 1,0.0
mean,2050,11,12,ES1 1,0.0
mean,2050,11,13,ES1 1,0.0
mean,2050,11,14,ES1 1,0.0
mean,2050,11,15,ES1 1,0.0
mean,2050,11,16,ES1 1,0.0
mean,2050,11,17,ES1 1,0.0
mean,2050,11,18,ES1 1,0.0
mean,2050,11,19,ES1 1,0.0
mean,2050,11,20,ES1 1,0.0
mean,2050,11,21,ES1 1,0.0
mean,2050,11,22,ES1 1,0.0
mean,2050,11,23,ES1 1,0.0
mean,2050,11,24,ES1 1,0.0
mean,2050,11,25,ES1 1,0.0
mean,2050,11,26,ES1 1,0.0
mean,2050,11,27,ES1 1,0.0
mean,2050,11,28,ES1 1,0.0
mean,2050,11,29,ES1 1,0.0
mean,2050,11,30,ES1 1,0.0
mean,2050,11,31,ES1 1,0.0
mean,2050,11,32,ES1 1,0.0
mean,2050,11,33,ES1 1,0.0
mean,2050,11,34,ES1 1,0.0
mean,2050,11,35,ES1 1,0.0
mean,2050,11,36,ES1 1,0.0
mean,2050,11,37,ES1 1,0.0
mean,2050,11,38,ES1 1,0.0
mean,2050,11,39,ES1 1,0.0
mean,2050,11,40,ES1 1,0.0
mean,2050,11,41,ES1 1,0.0
mean,2050,11,42,ES1 1,0.0
mean,2050,11,43,ES1 1,0.0
mean,2050,11,44,ES1 1,0.0
mean,2050,11,45,ES1 1,0.0
mean,2050,11,46,ES1 1,0.0
mean,2050,11,47,ES1 1,0.0
mean,2050,11,48,ES1 1,0.0
mean,2050,11,49,ES1 1,0.0
mean,2050,11,50,ES1 1,0.0
mean,2050,11,51,ES1 1,0.0
mean,2050,11,52,ES1 1,0.0
mean,2050,11,53,ES1 1,0.0
mean,2050,11,54,ES1 1,0.0
mean,2050,11,55,ES1 1,0.0
mean,2050,11,56,ES1 1,0.0
mean,2050,11,57,ES1 1,0.0
mean,2050,11,58,ES1 1,0.0
mean,2050,11,59,ES1 1,0.0
mean,2050,11,60,ES1 1,0.0
mean,2050,11,61,ES1 1,0.0
mean,2050,11,62,ES1 1,0.0
mean,2050,11,63,ES1 1,0.0
mean,2050,11,64,ES1 1,0.0
mean,2050,11,65,ES1 1,0.0
mean,2050,11,66,ES1 1,0.0
mean,2050,11,67,ES1 1,0.0
mean,2050,11,68,ES1 1,0.0
mean,2050,11,69,ES1 1,0.0
mean,2050,11,70,ES1 1,0.0
mean,2050,11,71,ES1 1,0.0
mean,2050,11,72,ES1 1,0.0
mean,2050,11,73,ES1 1,0.0
mean,2050,11,74,ES1 1,0.0
mean,2050,11,75,ES1 1,0.0
mean,2050,11,76,ES1 1,0.0
mean,2050,11,77,ES1 1,0.0
mean,2050,11,78,ES1 1,0.0
mean,2050,11,79,ES1 1,0.0
mean,2050,11,80,ES1 1,0.0
mean,2050,11,81,ES1 1,0.0
mean,2050,11,82,ES1 1,0.0
mean,2050,11,83,ES1 1,0.0
mean,2050,11,84,ES1 1,0.0
mean,2050,11,85,ES1 1,0.0
mean,2050,11,86,ES1 1,0.0
mean,2050,11,87,ES1 1,0.0
mean,2050,11,88,ES1 1,0.0
mean,2050,11,89,ES1 1,0.0
mean,2050,11,90,ES1 1,0.0
mean,2050,11,91,ES1 1,0.0
mean,2050,11,92,ES1 1,0.0
mean,2050,11,93,ES1 1,0.0
mean,2050,11,94,ES1 1,0.0
mean,2050,11,95,ES1 1,0.0
mean,2050,11,96,ES1 1,0.0
mean,2050,11,97,ES1 1,0.0
mean,2050,11,98,ES1 1,0.0
mean,2050,11,99,ES1 1,0.0
mean,2050,11,100,ES1 1,0.0
mean,2050,11,101,ES1 1,0.0
mean,2050,11,102,ES1 1,0.0
mean,2050,11,103,ES1 1,0.0
mean,2050,11,104,ES1 1,0.0
mean,2050,11,105,ES1 1,0.0
mean,2050,11,106,ES1 1,0.0
mean,2050,11,107,ES1 1,0.0
mean,2050,11,108,ES1 1,0.0
mean,2050,11,109,ES1 1,0.0
mean,2050,11,110,ES1 1,0.0
mean,2050,11,111,ES1 1,0.0
mean,2050,11,112,ES1 1,0.0
mean,2050,11,113,ES1 1,0.0
mean,2050,11,114,ES1 1,0.0
mean,2050,11,115,ES1 1,0.0
mean,2050,11,116,ES1 1,0.0
mean,2050,11,117,ES1 1,0.0
mean,2050,11,118,ES1 1,0.0
mean,2050,11,119,ES1 1,0.0
mean,2050,11,120,ES1 1,0.0
mean,2050,11,121,ES1 1,0.0
mean,2050,11,122,ES1 1,0.0
mean,2050,11,123,ES1 1,0.0
mean,2050,11,124,ES1 1,0.0
mean,2050,11,125,ES1 1,0.0
mean,2050,11,126,ES1 1,0.0
mean,2050,11,127,ES1 1,0.0
mean,2050,11,128,ES1 1,0.0
mean,2050,11,129,ES1 1,0.0
mean,2050,11,130,ES1 1,0.0
mean,2050,11,131,ES1 1,0.0
mean,2050,11,132,ES1 1,0.0
mean,2050,11,133,ES1 1,0.0
mean,2050,11,134,ES1 1,0.0
mean,2050,11,135,ES1 1,0.0
mean,2050,11,136,ES1 1,0.0
mean,2050,11,137,ES1 1,0.0
mean,2050,11,138,ES1 1,0.0
mean,2050,11,139,ES1 1,0.0
mean,2050,11,140,ES1 1,0.0
mean,2050,11,141,ES1 1,0.0
mean,2050,11,142,ES1 1,0.0
mean,2050,11,143,ES1 1,0.0
mean,2050,11,144,ES1 1,0.0
mean,2050,11,145,ES1 1,0.0
mean,2050,11,146,ES1 1,0.0
mean,2050,11,147,ES1 1,0.0
mean,2050,11,148,ES1 1,0.0
mean,2050,11,149,ES1 1,0.0
mean,2050,11,150,ES1 1,0.0
mean,2050,11,151,ES1 1,0.0
mean,2050,11,152,ES1 1,0.0
mean,2050,11,153,ES1 1,0.0
mean,2050,11,154,ES1 1,0.0
mean,2050,11,155,ES1 1,0.0
mean,2050,11,156,ES1 1,0.0
mean,2050,11,157,ES1 1,0.0
mean,2050,11,158,ES1 1,0.0
mean,2050,11,159,ES1 1,0.0
mean,2050,11,160,ES1 1,0.0
mean,2050,11,161,ES1 1,0.0
mean,2050,11,162,ES1 1,0.0
mean,2050,11,163,ES1 1,0.0
mean,2050,11,164,ES1 1,0.0
mean,2050,11,165,ES1 1,0.0
mean,2050,11,166,ES1 1,0.0
mean,2050,11,167,ES1 1,0.0
mean,2050,21,0,ES1 1,0.0
mean,2050,21,1,ES1 1,0.0
mean,2050,21,2,ES1 1,0.0
mean,2050,21,3,ES1 1,0.0
mean,2050,21,4,ES1 1,0.0
mean,2050,21,5,ES1 1,0.0
mean,2050,21,6,ES1 1,0.0
mean,2050,21,7,ES1 1,0.0
mean,2050,21,8,ES1 1,0.0
mean,2050,21,9,ES1 1,0.0
mean,2050,21,10,ES1 1,0.0
mean,2050,21,11,ES1 1,0.0
mean,2050,21,12,ES1 1,0.0
mean,2050,21,13,ES1 1,0.0
mean,2050,21,14,ES1 1,0.0
mean,2050,21,15,ES1 1,0.0
mean,2050,21,16,ES1 1,0.0
mean,2050,21,17,ES1 1,0.0
mean,2050,21,18,ES1 1,0.0
mean,2050,21,19,ES1 1,0.0
mean,2050,21,20,ES1 1,0.0
mean,2050,21,21,ES1 1,0.0
mean,2050,21,22,ES1 1,0.0
mean,2050,21,23,ES1 1,0.0
mean,2050,21,24,ES1 1,0.0
mean,2050,21,25,ES1 1,0.0
mean,2050,21,26,ES1 1,0.0
mean,2050,21,27,ES1 1,0.0
mean,2050,21,28,ES1 1,0.0
mean,2050,21,29,ES1 1,0.0
mean,2050,21,30,ES1 1,0.0
mean,2050,21,31,ES1 1,0.0
mean,2050,21,32,ES1 1,0.0
mean,2050,21,33,ES1 1,0.0
mean,2050,21,34,ES1 1,0.0
mean,2050,21,35,ES1 1,0.0
mean,2050,21,36,ES1 1,0.0
mean,2050,21,37,ES1 1,0.0
mean,2050,21,38,ES1 1,0.0
mean,2050,21,39,ES1 1,0.0
mean,2050,21,40,ES1 1,0.0
mean,2050,21,41,ES1 1,0.0
mean,2050,21,42,ES1 1,0.0
mean,2050,21,43,ES1 1,0.0
mean,2050,21,44,ES1 1,0.0
mean,2050,21,45,ES1 1,0.0
mean,2050,21,46,ES1 1,0.0
mean,2050,21,47,ES1 1,0.0
mean,2050,21,48,ES1 1,0.0
mean,2050,21,49,ES1 1,0.0
mean,2050,21,50,ES1 1,0.0
mean,2050,21,51,ES1 1,0.0
mean,2050,21,52,ES1 1,0.0
mean,2050,21,53,ES1 1,0.0
mean,2050,21,54,ES1 1,0.0
mean,2050,21,55,ES1 1,0.0
mean,2050,21,56,ES1 1,0.0
mean,2050,21,57,ES1 1,0.0
mean,2050,21,58,ES1 1,0.0
mean,2050,21,59,ES1 1,0.0
mean,2050,21,60,ES1 1,0.0
mean,2050,21,61,ES1 1,0.0
mean,2050,21,62,ES1 1,0.0
mean,2050,21,63,ES1 1,0.0
mean,2050,21,64,ES1 1,0.0
mean,2050,21,65,ES1 1,0.0
mean,2050,21,66,ES1 1,0.0
mean,2050,21,67,ES1 1,0.0
mean,2050,21,68,ES1 1,0.0
mean,2050,21,69,ES1 1,0.0
mean,2050,21,70,ES1 1,0.0
mean,2050,21,71,ES1 1,0.0
mean,2050,21,72,ES1 1,0.0
mean,2050,21,73,ES1 1,0.0
mean,2050,21,74,ES1 1,0.0
mean,2050,21,75,ES1 1,0.0
mean,2050,21,76,ES1 1,0.0
mean,2050,21,77,ES1 1,0.0
mean,2050,21,78,ES1 1,0.0
mean,2050,21,79,ES1 1,0.0
mean,2050,21,80,ES1 1,0.0
mean,2050,21,81,ES1 1,0.0
mean,2050,21,82,ES1 1,0.0
mean,2050,21,83,ES1 1,0.0
mean,2050,21,84,ES1 1,0.0
mean,2050,21,85,ES1 1,0.0
mean,2050,21,86,ES1 1,0.0
mean,2050,21,87,ES1 1,0.0
mean,2050,21,88,ES1 1,0.0
mean,2050,21,89,ES1 1,0.0
mean,2050,21,90,ES1 1,0.0
mean,2050,21,91,ES1 1,0.0
mean,2050,21,92,ES1 1,0.0
mean,2050,21,93,ES1 1,0.0
mean,2050,21,94,ES1 1,0.0
mean,2050,21,95,ES1 1,0.0
mean,2050,21,96,ES1 1,0.0
mean,2050,21,97,ES1 1,0.0
mean,2050,21,98,ES1 1,0.0
mean,2050,21,99,ES1 1,0.0
mean,2050,21,100,ES1 1,0.0
mean,2050,21,101,ES1 1,0.0
mean,2050,21,102,ES1 1,0.0
mean,2050,21,103,ES1 1,0.0
mean,2050,21,104,ES1 1,0.0
mean,2050,21,105,ES1 1,0.0
mean,2050,21,106,ES1 1,0.0
mean,2050,21,107,ES1 1,0.0
mean,2050,21,108,ES1 1,0.0
mean,2050,21,109,ES1 1,0.0
mean,2050,21,110,ES1 1,0.0
mean,2050,21,111,ES1 1,0.0
mean,2050,21,112,ES1 1,0.0
mean,2050,21,113,ES1 1,0.0
mean,2050,21,114,ES1 1,0.0
mean,2050,21,115,ES1 1,0.0
mean,2050,21,116,ES1 1,0.0
mean,2050,21,117,ES1 1,0.0
mean,2050,21,118,ES1 1,0.0
mean,2050,21,119,ES1 1,0.0
mean,2050,21,120,ES1 1,0.0
mean,2050,21,121,ES1 1,0.0
mean,2050,21,122,ES1 1,0.0
mean,2050,21,123,ES1 1,0.0
mean,2050,21,124,ES1 1,0.0
mean,2050,21,125,ES1 1,0.0
mean,2050,21,126,ES1 1,0.0
mean,2050,21,127,ES1 1,0.0
mean,2050,21,128,ES1 1,0.0
mean,2050,21,129,ES1 1,0.0
mean,2050,21,130,ES1 1,0.0
mean,2050,21,131,ES1 1,0.0
mean,2050,21,132,ES1 1,0.0
mean,2050,21,133,ES1 1,0.0
mean,2050,21,134,ES1 1,0.0
mean,2050,21,135,ES1 1,0.0
mean,2050,21,136,ES1 1,0.0
mean,2050,21,137,ES1 1,0.0
mean,2050,21,138,ES1 1,0.0
mean,2050,21,139,ES1 1,0.0
mean,2050,21,140,ES1 1,0.0
mean,2050,21,141,ES1 1,0.0
mean,2050,21,142,ES1 1,0.0
mean,2050,21,143,ES1 1,0.0
mean,2050,21,144,ES1 1,0.0
mean,2050,21,145,ES1 1,0.0
mean,2050,21,146,ES1 1,0.0
mean,2050,21,147,ES1 1,0.0
mean,2050,21,148,ES1 1,0.0
mean,2050,21,149,ES1 1,0.0
mean,2050,21,150,ES1 1,0.0
mean,2050,21,151,ES1 1,0.0
mean,2050,21,152,ES1 1,0.0
mean,2050,21,153,ES1 1,0.0
mean,2050,21,154,ES1 1,0.0
mean,2050,21,155,ES1 1,0.0
mean,2050,21,156,ES1 1,0.0
mean,2050,21,157,ES1 1,0.0
mean,2050,21,158,ES1 1,0.0
mean,2050,21,159,ES1 1,0.0
mean,2050,21,160,ES1 1,0.0
mean,2050,21,161,ES1 1,0.0
mean,2050,21,162,ES1 1,0.0
mean,2050,21,163,ES1 1,0.0
mean,2050,21,164,ES1 1,0.0
mean,2050,21,165,ES1 1,0.0
mean,2050,21,166,ES1 1,0.0
mean,2050,21,167,ES1 1,0.0
mean,2050,42,0,ES1 1,0.0
mean,2050,42,1,ES1 1,0.0
mean,2050,42,2,ES1 1,0.0
mean,2050,42,3,ES1 1,0.0
mean,2050,42,4,ES1 1,0.0
mean,2050,42,5,ES1 1,0.0
mean,2050,42,6,ES1 1,0.0
mean,2050,42,7,ES1 1,0.0
mean,2050,42,8,ES1 1,0.0
mean,2050,42,9,ES1 1,0.0
mean,2050,42,10,ES1 1,0.0
mean,2050,42,11,ES1 1,0.0
mean,2050,42,12,ES1 1,0.0
mean,2050,42,13,ES1 1,0.0
mean,2050,42,14,ES1 1,0.0
mean,2050,42,15,ES1 1,0.0
mean,2050,42,16,ES1 1,0.0
mean,2050,42,17,ES1 1,0.0
mean,2050,42,18,ES1 1,0.0
mean,2050,42,19,ES1 1,0.0
mean,2050,42,20,ES1 1,0.0
mean,2050,42,21,ES1 1,0.0
mean,2050,42,22,ES1 1,0.0
mean,2050,42,23,ES1 1,0.0
mean,2050,42,24,ES1 1,0.0
mean,2050,42,25,ES1 1,0.0
mean,2050,42,26,ES1 1,0.0
mean,2050,42,27,ES1 1,0.0
mean,2050,42,28,ES1 1,0.0
mean,2050,42,29,ES1 1,0.0
mean,2050,42,30,ES1 1,0.0
mean,2050,42,31,ES1 1,0.0
mean,2050,42,32,ES1 1,0.0
mean,2050,42,33,ES1 1,0.0
mean,2050,42,34,ES1 1,0.0
mean,2050,42,35,ES1 1,0.0
mean,2050,42,36,ES1 1,0.0
mean,2050,42,37,ES1 1,0.0
mean,2050,42,38,ES1 1,0.0
mean,2050,42,39,ES1 1,0.0
mean,2050,42,40,ES1 1,0.0
mean,2050,42,41,ES1 1,0.0
mean,2050,42,42,ES1 1,0.0
mean,2050,42,43,ES1 1,0.0
mean,2050,42,44,ES1 1,0.0
mean,2050,42,45,ES1 1,0.0
mean,2050,42,46,ES1 1,0.0
mean,2050,42,47,ES1 1,0.0
mean,2050,42,48,ES1 1,0.0
mean,2050,42,49,ES1 1,0.0
mean,2050,42,50,ES1 1,0.0
mean,2050,42,51,ES1 1,0.0
mean,2050,42,52,ES1 1,0.0
mean,2050,42,53,ES1 1,0.0
mean,2050,42,54,ES1 1,0.0
mean,2050,42,55,ES1 1,0.0
mean,2050,42,56,ES1 1,0.0
mean,2050,42,57,ES1 1,0.0
mean,2050,42,58,ES1 1,0.0
mean,2050,42,59,ES1 1,0.0
mean,2050,42,60,ES1 1,0.0
mean,2050,42,61,ES1 1,0.0
mean,2050,42,62,ES1 1,0.0
mean,2050,42,63,ES1 1,0.0
mean,2050,42,64,ES1 1,0.0
mean,2050,42,65,ES1 1,0.0
mean,2050,42,66,ES1 1,0.0
mean,2050,42,67,ES1 1,0.0
mean,2050,42,68,ES1 1,0.0
mean,2050,42,69,ES1 1,0.0
mean,2050,42,70,ES1 1,0.0
mean,2050,42,71,ES1 1,0.0
mean,2050,42,72,ES1 1,0.0
mean,2050,42,73,ES1 1,0.0
mean,2050,42,74,ES1 1,0.0
mean,2050,42,75,ES1 1,0.0
mean,2050,42,76,ES1 1,0.0
mean,2050,42,77,ES1 1,0.0
mean,2050,42,78,ES1 1,0.0
mean,2050,42,79,ES1 1,0.0
mean,2050,42,80,ES1 1,0.0
mean,2050,42,81,ES1 1,0.0
mean,2050,42,82,ES1 1,0.0
mean,2050,42,83,ES1 1,0.0
mean,2050,42,84,ES1 1,0.0
mean,2050,42,85,ES1 1,0.0
mean,2050,42,86,ES1 1,0.0
mean,2050,42,87,ES1 1,0.0
mean,2050,42,88,ES1 1,0.0
mean,2050,42,89,ES1 1,0.0
mean,2050,42,90,ES1 1,0.0
mean,2050,42,91,ES1 1,0.0
mean,2050,42,92,ES1 1,0.0
mean,2050,42,93,ES1 1,0.0
mean,2050,42,94,ES1 1,0.0
mean,2050,42,95,ES1 1,0.0
mean,2050,42,96,ES1 1,0.0
mean,2050,42,97,ES1 1,0.0
mean,2050,42,98,ES1 1,0.0
mean,2050,42,99,ES1 1,0.0
mean,2050,42,100,ES1 1,0.0
mean,2050,42,101,ES1 1,0.0
mean,2050,42,102,ES1 1,0.0
mean,2050,42,103,ES1 1,0.0
mean,2050,42,104,ES1 1,0.0
mean,2050,42,105,ES1 1,0.0
mean,2050,42,106,ES1 1,0.0
mean,2050,42,107,ES1 1,0.0
mean,2050,42,108,ES1 1,0.0
mean,2050,42,109,ES1 1,0.0
mean,2050,42,110,ES1 1,0.0
mean,2050,42,111,ES1 1,0.0
mean,2050,42,112,ES1 1,0.0
mean,2050,42,113,ES1 1,0.0
mean,2050,42,114,ES1 1,0.0
mean,2050,42,115,ES1 1,0.0
mean,2050,42,116,ES1 1,0.0
mean,2050,42,117,ES1 1,0.0
mean,2050,42,118,ES1 1,0.0
mean,2050,42,119,ES1 1,0.0
mean,2050,42,120,ES1 1,0.0
mean,2050,42,121,ES1 1,0.0
mean,2050,42,122,ES1 1,0.0
mean,2050,42,123,ES1 1,0.0
mean,2050,42,124,ES1 1,0.0
mean,2050,42,125,ES1 1,0.0
mean,2050,42,126,ES1 1,0.0
mean,2050,42,127,ES1 1,0.0
mean,2050,42,128,ES1 1,0.0
mean,2050,42,129,ES1 1,0.0
mean,2050,42,130,ES1 1,0.0
mean,2050,42,131,ES1 1,0.0
mean,2050,42,132,ES1 1,0.0
mean,2050,42,133,ES1 1,0.0
mean,2050,42,134,ES1 1,0.0
mean,2050,42,135,ES1 1,0.0
mean,2050,42,136,ES1 1,0.0
mean,2050,42,137,ES1 1,0.0
mean,2050,42,138,ES1 1,0.0
mean,2050,42,139,ES1 1,0.0
mean,2050,42,140,ES1 1,0.0
mean,2050,42,141,ES1 1,0.0
mean,2050,42,142,ES1 1,0.0
mean,2050,42,143,ES1 1,0.0
mean,2050,42,144,ES1 1,0.0
mean,2050,42,145,ES1 1,0.0
mean,2050,42,146,ES1 1,0.0
mean,2050,42,147,ES1 1,0.0
mean,2050,42,148,ES1 1,0.0
mean,2050,42,149,ES1 1,0.0
mean,2050,42,150,ES1 1,0.0
mean,2050,42,151,ES1 1,0.0
mean,2050,42,152,ES1 1,0.0
mean,2050,42,153,ES1 1,0.0
mean,2050,42,154,ES1 1,0.0
mean,2050,42,155,ES1 1,0.0
mean,2050,42,156,ES1 1,0.0
mean,2050,42,157,ES1 1,0.0
mean,2050,42,158,ES1 1,0.0
mean,2050,42,159,ES1 1,0.0
mean,2050,42,160,ES1 1,0.0
mean,2050,42,161,ES1 1,0.0
mean,2050,42,162,ES1 1,0.0
mean,2050,42,163,ES1 1,0.0
mean,2050,42,164,ES1 1,0.0
mean,2050,42,165,ES1 1,0.0
mean,2050,42,166,ES1 1,0.0
mean,2050,42,167,ES1 1,0.0
mean,2050,52,0,ES1 1,0.0
mean,2050,52,1,ES1 1,0.0
mean,2050,52,2,ES1 1,0.0
mean,2050,52,3,ES1 1,0.0
mean,2050,52,4,ES1 1,0.0
mean,2050,52,5,ES1 1,0.0
mean,2050,52,6,ES1 1,0.0
mean,2050,52,7,ES1 1,0.0
mean,2050,52,8,ES1 1,0.0
mean,2050,52,9,ES1 1,0.0
mean,2050,52,10,ES1 1,0.0
mean,2050,52,11,ES1 1,0.0
mean,2050,52,12,ES1 1,0.0
mean,2050,52,13,ES1 1,0.0
mean,2050,52,14,ES1 1,0.0
mean,2050,52,15,ES1 1,0.0
mean,2050,52,16,ES1 1,0.0
mean,2050,52,17,ES1 1,0.0
mean,2050,52,18,ES1 1,0.0
mean,2050,52,19,ES1 1,0.0
mean,2050,52,20,ES1 1,0.0
mean,2050,52,21,ES1 1,0.0
mean,2050,52,22,ES1 1,0.0
mean,2050,52,23,ES1 1,0.0
mean,2050,52,24,ES1 1,0.0
mean,2050,52,25,ES1 1,0.0
mean,2050,52,26,ES1 1,0.0
mean,2050,52,27,ES1 1,0.0
mean,2050,52,28,ES1 1,0.0
mean,2050,52,29,ES1 1,0.0
mean,2050,52,30,ES1 1,0.0
mean,2050,52,31,ES1 1,0.0
mean,2050,52,32,ES1 1,0.0
mean,2050,52,33,ES1 1,0.0
mean,2050,52,34,ES1 1,0.0
mean,2050,52,35,ES1 1,0.0
mean,2050,52,36,ES1 1,0.0
mean,2050,52,37,ES1 1,0.0
mean,2050,52,38,ES1 1,0.0
mean,2050,52,39,ES1 1,0.0
mean,2050,52,40,ES1 1,0.0
mean,2050,52,41,ES1 1,0.0
mean,2050,52,42,ES1 1,0.0
mean,2050,52,43,ES1 1,0.0
mean,2050,52,44,ES1 1,0.0
mean,2050,52,45,ES1 1,0.0
mean,2050,52,46,ES1 1,0.0
mean,2050,52,47,ES1 1,0.0
mean,2050,52,48,ES1 1,0.0
mean,2050,52,49,ES1 1,0.0
mean,2050,52,50,ES1 1,0.0
mean,2050,52,51,ES1 1,0.0
mean,2050,52,52,ES1 1,0.0
mean,2050,52,53,ES1 1,0.0
mean,2050,52,54,ES1 1,0.0
mean,2050,52,55,ES1 1,0.0
mean,2050,52,56,ES1 1,0.0
mean,2050,52,57,ES1 1,0.0
mean,2050,52,58,ES1 1,0.0
mean,2050,52,59,ES1 1,0.0
mean,2050,52,60,ES1 1,0.0
mean,2050,52,61,ES1 1,0.0
mean,2050,52,62,ES1 1,0.0
mean,2050,52,63,ES1 1,0.0
mean,2050,52,64,ES1 1,0.0
mean,2050,52,65,ES1 1,0.0
mean,2050,52,66,ES1 1,0.0
mean,2050,52,67,ES1 1,0.0
mean,2050,52,68,ES1 1,0.0
mean,2050,52,69,ES1 1,0.0
mean,2050,52,70,ES1 1,0.0
mean,2050,52,71,ES1 1,0.0
mean,2050,52,72,ES1 1,0.0
mean,2050,52,73,ES1 1,0.0
mean,2050,52,74,ES1 1,0.0
mean,2050,52,75,ES1 1,0.0
mean,2050,52,76,ES1 1,0.0
mean,2050,52,77,ES1 1,0.0
mean,2050,52,78,ES1 1,0.0
mean,2050,52,79,ES1 1,0.0
mean,2050,52,80,ES1 1,0.0
mean,2050,52,81,ES1 1,0.0
mean,2050,52,82,ES1 1,0.0
mean,2050,52,83,ES1 1,0.0
mean,2050,52,84,ES1 1,0.0
mean,2050,52,85,ES1 1,0.0
mean,2050,52,86,ES1 1,0.0
mean,2050,52,87,ES1 1,0.0
mean,2050,52,88,ES1 1,0.0
mean,2050,52,89,ES1 1,0.0
mean,2050,52,90,ES1 1,0.0
mean,2050,52,91,ES1 1,0.0
mean,2050,52,92,ES1 1,0.0
mean,2050,52,93,ES1 1,0.0
mean,2050,52,94,ES1 1,0.0
mean,2050,52,95,ES1 1,0.0
mean,2050,52,96,ES1 1,0.0
mean,2050,52,97,ES1 1,0.0
mean,2050,52,98,ES1 1,0.0
mean,2050,52,99,ES1 1,0.0
mean,2050,52,100,ES1 1,0.0
mean,2050,52,101,ES1 1,0.0
mean,2050,52,102,ES1 1,0.0
mean,2050,52,103,ES1 1,0.0
mean,2050,52,104,ES1 1,0.0
mean,2050,52,105,ES1 1,0.0
mean,2050,52,106,ES1 1,0.0
mean,2050,52,107,ES1 1,0.0
mean,2050,52,108,ES1 1,0.0
mean,2050,52,109,ES1 1,0.0
mean,2050,52,110,ES1 1,0.0
mean,2050,52,111,ES1 1,0.0
mean,2050,52,112,ES1 1,0.0
mean,2050,52,113,ES1 1,0.0
mean,2050,52,114,ES1 1,0.0
mean,2050,52,115,ES1 1,0.0
mean,2050,52,116,ES1 1,0.0
mean,2050,52,117,ES1 1,0.0
mean,2050,52,118,ES1 1,0.0
mean,2050,52,119,ES1 1,0.0
mean,2050,52,120,ES1 1,0.0
mean,2050,52,121,ES1 1,0.0
mean,2050,52,122,ES1 1,0.0
mean,2050,52,123,ES1 1,0.0
mean,2050,52,124,ES1 1,0.0
mean,2050,52,125,ES1 1,0.0
mean,2050,52,126,ES1 1,0.0
mean,2050,52,127,ES1 1,0.0
mean,2050,52,128,ES1 1,0.0
mean,2050,52,129,ES1 1,0.0
mean,2050,52,130,ES1 1,0.0
mean,2050,52,131,ES1 1,0.0
mean,2050,52,132,ES1 1,0.0
mean,2050,52,133,ES1 1,0.0
mean,2050,52,134,ES1 1,0.0
mean,2050,52,135,ES1 1,0.0
mean,2050,52,136,ES1 1,0.0
mean,2050,52,137,ES1 1,0.0
mean,2050,52,138,ES1 1,0.0
mean,2050,52,139,ES1 1,0.0
mean,2050,52,140,ES1 1,0.0
mean,2050,52,141,ES1 1,0.0
mean,2050,52,142,ES1 1,0.0
mean,2050,52,143,ES1 1,0.0
mean,2050,52,144,ES1 1,0.0
mean,2050,52,145,ES1 1,0.0
mean,2050,52,146,ES1 1,0.0
mean,2050,52,147,ES1 1,0.0
mean,2050,52,148,ES1 1,0.0
mean,2050,52,149,ES1 1,0.0
mean,2050,52,150,ES1 1,0.0
mean,2050,52,151,ES1 1,0.0
mean,2050,52,152,ES1 1,0.0
mean,2050,52,153,ES1 1,0.0
mean,2050,52,154,ES1 1,0.0
mean,2050,52,155,ES1 1,0.0
mean,2050,52,156,ES1 1,0.0
mean,2050,52,157,ES1 1,0.0
mean,2050,52,158,ES1 1,0.0
mean,2050,52,159,ES1 1,0.0
mean,2050,52,160,ES1 1,0.0
mean,2050,52,161,ES1 1,0.0
mean,2050,52,162,ES1 1,0.0
mean,2050,52,163,ES1 1,0.0
mean,2050,52,164,ES1 1,0.0
mean,2050,52,165,ES1 1,0.0
mean,2050,52,166,ES1 1,0.0
mean,2050,52,167,ES1 1,0.0
mean,2025,11,0,ES1 2,0.0
mean,2025,11,1,ES1 2,0.0
mean,2025,11,2,ES1 2,0.0
mean,2025,11,3,ES1 2,0.0
mean,2025,11,4,ES1 2,0.0
mean,2025,11,5,ES1 2,0.0
mean,2025,11,6,ES1 2,0.0
mean,2025,11,7,ES1 2,0.0
mean,2025,11,8,ES1 2,0.0
mean,2025,11,9,ES1 2,0.0
mean,2025,11,10,ES1 2,0.0
mean,2025,11,11,ES1 2,0.0
mean,2025,11,12,ES1 2,0.0
mean,2025,11,13,ES1 2,0.0
mean,2025,11,14,ES1 2,0.0
mean,2025,11,15,ES1 2,0.0
mean,2025,11,16,ES1 2,0.0
mean,2025,11,17,ES1 2,0.0
mean,2025,11,18,ES1 2,0.0
mean,2025,11,19,ES1 2,0.0
mean,2025,11,20,ES1 2,0.0
mean,2025,11,21,ES1 2,0.0
mean,2025,11,22,ES1 2,0.0
mean,2025,11,23,ES1 2,0.0
mean,2025,11,24,ES1 2,0.0
mean,2025,11,25,ES1 2,0.0
mean,2025,11,26,ES1 2,0.0
mean,2025,11,27,ES1 2,0.0
mean,2025,11,28,ES1 2,0.0
mean,2025,11,29,ES1 2,0.0
mean,2025,11,30,ES1 2,0.0
mean,2025,11,31,ES1 2,0.0
mean,2025,11,32,ES1 2,0.0
mean,2025,11,33,ES1 2,0.0
mean,2025,11,34,ES1 2,0.0
mean,2025,11,35,ES1 2,0.0
mean,2025,11,36,ES1 2,0.0
mean,2025,11,37,ES1 2,0.0
mean,2025,11,38,ES1 2,0.0
mean,2025,11,39,ES1 2,0.0
mean,2025,11,40,ES1 2,0.0
mean,2025,11,41,ES1 2,0.0
mean,2025,11,42,ES1 2,0.0
mean,2025,11,43,ES1 2,0.0
mean,2025,11,44,ES1 2,0.0
mean,2025,11,45,ES1 2,0.0
mean,2025,11,46,ES1 2,0.0
mean,2025,11,47,ES1 2,0.0
mean,2025,11,48,ES1 2,0.0
mean,2025,11,49,ES1 2,0.0
mean,2025,11,50,ES1 2,0.0
mean,2025,11,51,ES1 2,0.0
mean,2025,11,52,ES1 2,0.0
mean,2025,11,53,ES1 2,0.0
mean,2025,11,54,ES1 2,0.0
mean,2025,11,55,ES1 2,0.0
mean,2025,11,56,ES1 2,0.0
mean,2025,11,57,ES1 2,0.0
mean,2025,11,58,ES1 2,0.0
mean,2025,11,59,ES1 2,0.0
mean,2025,11,60,ES1 2,0.0
mean,2025,11,61,ES1 2,0.0
mean,2025,11,62,ES1 2,0.0
mean,2025,11,63,ES1 2,0.0
mean,2025,11,64,ES1 2,0.0
mean,2025,11,65,ES1 2,0.0
mean,2025,11,66,ES1 2,0.0
mean,2025,11,67,ES1 2,0.0
mean,2025,11,68,ES1 2,0.0
mean,2025,11,69,ES1 2,0.0
mean,2025,11,70,ES1 2,0.0
mean,2025,11,71,ES1 2,0.0
mean,2025,11,72,ES1 2,0.0
mean,2025,11,73,ES1 2,0.0
mean,2025,11,74,ES1 2,0.0
mean,2025,11,75,ES1 2,0.0
mean,2025,11,76,ES1 2,0.0
mean,2025,11,77,ES1 2,0.0
mean,2025,11,78,ES1 2,0.0
mean,2025,11,79,ES1 2,0.0
mean,2025,11,80,ES1 2,0.0
mean,2025,11,81,ES1 2,0.0
mean,2025,11,82,ES1 2,0.0
mean,2025,11,83,ES1 2,0.0
mean,2025,11,84,ES1 2,0.0
mean,2025,11,85,ES1 2,0.0
mean,2025,11,86,ES1 2,0.0
mean,2025,11,87,ES1 2,0.0
mean,2025,11,88,ES1 2,0.0
mean,2025,11,89,ES1 2,0.0
mean,2025,11,90,ES1 2,0.0
mean,2025,11,91,ES1 2,0.0
mean,2025,11,92,ES1 2,0.0
mean,2025,11,93,ES1 2,0.0
mean,2025,11,94,ES1 2,0.0
mean,2025,11,95,ES1 2,0.0
mean,2025,11,96,ES1 2,0.0
mean,2025,11,97,ES1 2,0.0
mean,2025,11,98,ES1 2,0.0
mean,2025,11,99,ES1 2,0.0
mean,2025,11,100,ES1 2,0.0
mean,2025,11,101,ES1 2,0.0
mean,2025,11,102,ES1 2,0.0
mean,2025,11,103,ES1 2,0.0
mean,2025,11,104,ES1 2,0.0
mean,2025,11,105,ES1 2,0.0
mean,2025,11,106,ES1 2,0.0
mean,2025,11,107,ES1 2,0.0
mean,2025,11,108,ES1 2,0.0
mean,2025,11,109,ES1 2,0.0
mean,2025,11,110,ES1 2,0.0
mean,2025,11,111,ES1 2,0.0
mean,2025,11,112,ES1 2,0.0
mean,2025,11,113,ES1 2,0.0
mean,2025,11,114,ES1 2,0.0
mean,2025,11,115,ES1 2,0.0
mean,2025,11,116,ES1 2,0.0
mean,2025,11,117,ES1 2,0.0
mean,2025,11,118,ES1 2,0.0
mean,2025,11,119,ES1 2,0.0
mean,2025,11,120,ES1 2,0.0
mean,2025,11,121,ES1 2,0.0
mean,2025,11,122,ES1 2,0.0
mean,2025,11,123,ES1 2,0.0
mean,2025,11,124,ES1 2,0.0
mean,2025,11,125,ES1 2,0.0
mean,2025,11,126,ES1 2,0.0
mean,2025,11,127,ES1 2,0.0
mean,2025,11,128,ES1 2,0.0
mean,2025,11,129,ES1 2,0.0
mean,2025,11,130,ES1 2,0.0
mean,2025,11,131,ES1 2,0.0
mean,2025,11,132,ES1 2,0.0
mean,2025,11,133,ES1 2,0.0
mean,2025,11,134,ES1 2,0.0
mean,2025,11,135,ES1 2,0.0
mean,2025,11,136,ES1 2,0.0
mean,2025,11,137,ES1 2,0.0
mean,2025,11,138,ES1 2,0.0
mean,2025,11,139,ES1 2,0.0
mean,2025,11,140,ES1 2,0.0
mean,2025,11,141,ES1 2,0.0
mean,2025,11,142,ES1 2,0.0
mean,2025,11,143,ES1 2,0.0
mean,2025,11,144,ES1 2,0.0
mean,2025,11,145,ES1 2,0.0
mean,2025,11,146,ES1 2,0.0
mean,2025,11,147,ES1 2,0.0
mean,2025,11,148,ES1 2,0.0
mean,2025,11,149,ES1 2,0.0
mean,2025,11,150,ES1 2,0.0
mean,2025,11,151,ES1 2,0.0
mean,2025,11,152,ES1 2,0.0
mean,2025,11,153,ES1 2,0.0
mean,2025,11,154,ES1 2,0.0
mean,2025,11,155,ES1 2,0.0
mean,2025,11,156,ES1 2,0.0
mean,2025,11,157,ES1 2,0.0
mean,2025,11,158,ES1 2,0.0
mean,2025,11,159,ES1 2,0.0
mean,2025,11,160,ES1 2,0.0
mean,2025,11,161,ES1 2,0.0
mean,2025,11,162,ES1 2,0.0
mean,2025,11,163,ES1 2,0.0
mean,2025,11,164,ES1 2,0.0
mean,2025,11,165,ES1 2,0.0
mean,2025,11,166,ES1 2,0.0
mean,2025,11,167,ES1 2,0.0
mean,2025,21,0,ES1 2,0.0
mean,2025,21,1,ES1 2,0.0
mean,2025,21,2,ES1 2,0.0
mean,2025,21,3,ES1 2,0.0
mean,2025,21,4,ES1 2,0.0
mean,2025,21,5,ES1 2,0.0
mean,2025,21,6,ES1 2,0.0
mean,2025,21,7,ES1 2,0.0
mean,2025,21,8,ES1 2,0.0
mean,2025,21,9,ES1 2,0.0
mean,2025,21,10,ES1 2,0.0
mean,2025,21,11,ES1 2,0.0
mean,2025,21,12,ES1 2,0.0
mean,2025,21,13,ES1 2,0.0
mean,2025,21,14,ES1 2,0.0
mean,2025,21,15,ES1 2,0.0
mean,2025,21,16,ES1 2,0.0
mean,2025,21,17,ES1 2,0.0
mean,2025,21,18,ES1 2,0.0
mean,2025,21,19,ES1 2,0.0
mean,2025,21,20,ES1 2,0.0
mean,2025,21,21,ES1 2,0.0
mean,2025,21,22,ES1 2,0.0
mean,2025,21,23,ES1 2,0.0
mean,2025,21,24,ES1 2,0.0
mean,2025,21,25,ES1 2,0.0
mean,2025,21,26,ES1 2,0.0
mean,2025,21,27,ES1 2,0.0
mean,2025,21,28,ES1 2,0.0
mean,2025,21,29,ES1 2,0.0
mean,2025,21,30,ES1 2,0.0
mean,2025,21,31,ES1 2,0.0
mean,2025,21,32,ES1 2,0.0
mean,2025,21,33,ES1 2,0.0
mean,2025,21,34,ES1 2,0.0
mean,2025,21,35,ES1 2,0.0
mean,2025,21,36,ES1 2,0.0
mean,2025,21,37,ES1 2,0.0
mean,2025,21,38,ES1 2,0.0
mean,2025,21,39,ES1 2,0.0
mean,2025,21,40,ES1 2,0.0
mean,2025,21,41,ES1 2,0.0
mean,2025,21,42,ES1 2,0.0
mean,2025,21,43,ES1 2,0.0
mean,2025,21,44,ES1 2,0.0
mean,2025,21,45,ES1 2,0.0
mean,2025,21,46,ES1 2,0.0
mean,2025,21,47,ES1 2,0.0
mean,2025,21,48,ES1 2,0.0
mean,2025,21,49,ES1 2,0.0
mean,2025,21,50,ES1 2,0.0
mean,2025,21,51,ES1 2,0.0
mean,2025,21,52,ES1 2,0.0
mean,2025,21,53,ES1 2,0.0
mean,2025,21,54,ES1 2,0.0
mean,2025,21,55,ES1 2,0.0
mean,2025,21,56,ES1 2,0.0
mean,2025,21,57,ES1 2,0.0
mean,2025,21,58,ES1 2,0.0
mean,2025,21,59,ES1 2,0.0
mean,2025,21,60,ES1 2,0.0
mean,2025,21,61,ES1 2,0.0
mean,2025,21,62,ES1 2,0.0
mean,2025,21,63,ES1 2,0.0
mean,2025,21,64,ES1 2,0.0
mean,2025,21,65,ES1 2,0.0
mean,2025,21,66,ES1 2,0.0
mean,2025,21,67,ES1 2,0.0
mean,2025,21,68,ES1 2,0.0
mean,2025,21,69,ES1 2,0.0
mean,2025,21,70,ES1 2,0.0
mean,2025,21,71,ES1 2,0.0
mean,2025,21,72,ES1 2,0.0
mean,2025,21,73,ES1 2,0.0
mean,2025,21,74,ES1 2,0.0
mean,2025,21,75,ES1 2,0.0
mean,2025,21,76,ES1 2,0.0
mean,2025,21,77,ES1 2,0.0
mean,2025,21,78,ES1 2,0.0
mean,2025,21,79,ES1 2,0.0
mean,2025,21,80,ES1 2,0.0
mean,2025,21,81,ES1 2,0.0
mean,2025,21,82,ES1 2,0.0
mean,2025,21,83,ES1 2,0.0
mean,2025,21,84,ES1 2,0.0
mean,2025,21,85,ES1 2,0.0
mean,2025,21,86,ES1 2,0.0
mean,2025,21,87,ES1 2,0.0
mean,2025,21,88,ES1 2,0.0
mean,2025,21,89,ES1 2,0.0
mean,2025,21,90,ES1 2,0.0
mean,2025,21,91,ES1 2,0.0
mean,2025,21,92,ES1 2,0.0
mean,2025,21,93,ES1 2,0.0
mean,2025,21,94,ES1 2,0.0
mean,2025,21,95,ES1 2,0.0
mean,2025,21,96,ES1 2,0.0
mean,2025,21,97,ES1 2,0.0
mean,2025,21,98,ES1 2,0.0
mean,2025,21,99,ES1 2,0.0
mean,2025,21,100,ES1 2,0.0
mean,2025,21,101,ES1 2,0.0
mean,2025,21,102,ES1 2,0.0
mean,2025,21,103,ES1 2,0.0
mean,2025,21,104,ES1 2,0.0
mean,2025,21,105,ES1 2,0.0
mean,2025,21,106,ES1 2,0.0
mean,2025,21,107,ES1 2,0.0
mean,2025,21,108,ES1 2,0.0
mean,2025,21,109,ES1 2,0.0
mean,2025,21,110,ES1 2,0.0
mean,2025,21,111,ES1 2,0.0
mean,2025,21,112,ES1 2,0.0
mean,2025,21,113,ES1 2,0.0
mean,2025,21,114,ES1 2,0.0
mean,2025,21,115,ES1 2,0.0
mean,2025,21,116,ES1 2,0.0
mean,2025,21,117,ES1 2,0.0
mean,2025,21,118,ES1 2,0.0
mean,2025,21,119,ES1 2,0.0
mean,2025,21,120,ES1 2,0.0
mean,2025,21,121,ES1 2,0.0
mean,2025,21,122,ES1 2,0.0
mean,2025,21,123,ES1 2,0.0
mean,2025,21,124,ES1 2,0.0
mean,2025,21,125,ES1 2,0.0
mean,2025,21,126,ES1 2,0.0
mean,2025,21,127,ES1 2,0.0
mean,2025,21,128,ES1 2,0.0
mean,2025,21,129,ES1 2,0.0
mean,2025,21,130,ES1 2,0.0
mean,2025,21,131,ES1 2,0.0
mean,2025,21,132,ES1 2,0.0
mean,2025,21,133,ES1 2,0.0
mean,2025,21,134,ES1 2,0.0
mean,2025,21,135,ES1 2,0.0
mean,2025,21,136,ES1 2,0.0
mean,2025,21,137,ES1 2,0.0
mean,2025,21,138,ES1 2,0.0
mean,2025,21,139,ES1 2,0.0
mean,2025,21,140,ES1 2,0.0
mean,2025,21,141,ES1 2,0.0
mean,2025,21,142,ES1 2,0.0
mean,2025,21,143,ES1 2,0.0
mean,2025,21,144,ES1 2,0.0
mean,2025,21,145,ES1 2,0.0
mean,2025,21,146,ES1 2,0.0
mean,2025,21,147,ES1 2,0.0
mean,2025,21,148,ES1 2,0.0
mean,2025,21,149,ES1 2,0.0
mean,2025,21,150,ES1 2,0.0
mean,2025,21,151,ES1 2,0.0
mean,2025,21,152,ES1 2,0.0
mean,2025,21,153,ES1 2,0.0
mean,2025,21,154,ES1 2,0.0
mean,2025,21,155,ES1 2,0.0
mean,2025,21,156,ES1 2,0.0
mean,2025,21,157,ES1 2,0.0
mean,2025,21,158,ES1 2,0.0
mean,2025,21,159,ES1 2,0.0
mean,2025,21,160,ES1 2,0.0
mean,2025,21,161,ES1 2,0.0
mean,2025,21,162,ES1 2,0.0
mean,2025,21,163,ES1 2,0.0
mean,2025,21,164,ES1 2,0.0
mean,2025,21,165,ES1 2,0.0
mean,2025,21,166,ES1 2,0.0
mean,2025,21,167,ES1 2,0.0
mean,2025,42,0,ES1 2,0.0
mean,2025,42,1,ES1 2,0.0
mean,2025,42,2,ES1 2,0.0
mean,2025,42,3,ES1 2,0.0
mean,2025,42,4,ES1 2,0.0
mean,2025,42,5,ES1 2,0.0
mean,2025,42,6,ES1 2,0.0
mean,2025,42,7,ES1 2,0.0
mean,2025,42,8,ES1 2,0.0
mean,2025,42,9,ES1 2,0.0
mean,2025,42,10,ES1 2,0.0
mean,2025,42,11,ES1 2,0.0
mean,2025,42,12,ES1 2,0.0
mean,2025,42,13,ES1 2,0.0
mean,2025,42,14,ES1 2,0.0
mean,2025,42,15,ES1 2,0.0
mean,2025,42,16,ES1 2,0.0
mean,2025,42,17,ES1 2,0.0
mean,2025,42,18,ES1 2,0.0
mean,2025,42,19,ES1 2,0.0
mean,2025,42,20,ES1 2,0.0
mean,2025,42,21,ES1 2,0.0
mean,2025,42,22,ES1 2,0.0
mean,2025,42,23,ES1 2,0.0
mean,2025,42,24,ES1 2,0.0
mean,2025,42,25,ES1 2,0.0
mean,2025,42,26,ES1 2,0.0
mean,2025,42,27,ES1 2,0.0
mean,2025,42,28,ES1 2,0.0
mean,2025,42,29,ES1 2,0.0
mean,2025,42,30,ES1 2,0.0
mean,2025,42,31,ES1 2,0.0
mean,2025,42,32,ES1 2,0.0
mean,2025,42,33,ES1 2,0.0
mean,2025,42,34,ES1 2,0.0
mean,2025,42,35,ES1 2,0.0
mean,2025,42,36,ES1 2,0.0
mean,2025,42,37,ES1 2,0.0
mean,2025,42,38,ES1 2,0.0
mean,2025,42,39,ES1 2,0.0
mean,2025,42,40,ES1 2,0.0
mean,2025,42,41,ES1 2,0.0
mean,2025,42,42,ES1 2,0.0
mean,2025,42,43,ES1 2,0.0
mean,2025,42,44,ES1 2,0.0
mean,2025,42,45,ES1 2,0.0
mean,2025,42,46,ES1 2,0.0
mean,2025,42,47,ES1 2,0.0
mean,2025,42,48,ES1 2,0.0
mean,2025,42,49,ES1 2,0.0
mean,2025,42,50,ES1 2,0.0
mean,2025,42,51,ES1 2,0.0
mean,2025,42,52,ES1 2,0.0
mean,2025,42,53,ES1 2,0.0
mean,2025,42,54,ES1 2,0.0
mean,2025,42,55,ES1 2,0.0
mean,2025,42,56,ES1 2,0.0
mean,2025,42,57,ES1 2,0.0
mean,2025,42,58,ES1 2,0.0
mean,2025,42,59,ES1 2,0.0
mean,2025,42,60,ES1 2,0.0
mean,2025,42,61,ES1 2,0.0
mean,2025,42,62,ES1 2,0.0
mean,2025,42,63,ES1 2,0.0
mean,2025,42,64,ES1 2,0.0
mean,2025,42,65,ES1 2,0.0
mean,2025,42,66,ES1 2,0.0
mean,2025,42,67,ES1 2,0.0
mean,2025,42,68,ES1 2,0.0
mean,2025,42,69,ES1 2,0.0
mean,2025,42,70,ES1 2,0.0
mean,2025,42,71,ES1 2,0.0
mean,2025,42,72,ES1 2,0.0
mean,2025,42,73,ES1 2,0.0
mean,2025,42,74,ES1 2,0.0
mean,2025,42,75,ES1 2,0.0
mean,2025,42,76,ES1 2,0.0
mean,2025,42,77,ES1 2,0.0
mean,2025,42,78,ES1 2,0.0
mean,2025,42,79,ES1 2,0.0
mean,2025,42,80,ES1 2,0.0
mean,2025,42,81,ES1 2,0.0
mean,2025,42,82,ES1 2,0.0
mean,2025,42,83,ES1 2,0.0
mean,2025,42,84,ES1 2,0.0
mean,2025,42,85,ES1 2,0.0
mean,2025,42,86,ES1 2,0.0
mean,2025,42,87,ES1 2,0.0
mean,2025,42,88,ES1 2,0.0
mean,2025,42,89,ES1 2,0.0
mean,2025,42,90,ES1 2,0.0
mean,2025,42,91,ES1 2,0.0
mean,2025,42,92,ES1 2,0.0
mean,2025,42,93,ES1 2,0.0
mean,2025,42,94,ES1 2,0.0
mean,2025,42,95,ES1 2,0.0
mean,2025,42,96,ES1 2,0.0
mean,2025,42,97,ES1 2,0.0
mean,2025,42,98,ES1 2,0.0
mean,2025,42,99,ES1 2,0.0
mean,2025,42,100,ES1 2,0.0
mean,2025,42,101,ES1 2,0.0
mean,2025,42,102,ES1 2,0.0
mean,2025,42,103,ES1 2,0.0
mean,2025,42,104,ES1 2,0.0
mean,2025,42,105,ES1 2,0.0
mean,2025,42,106,ES1 2,0.0
mean,2025,42,107,ES1 2,0.0
mean,2025,42,108,ES1 2,0.0
mean,2025,42,109,ES1 2,0.0
mean,2025,42,110,ES1 2,0.0
mean,2025,42,111,ES1 2,0.0
mean,2025,42,112,ES1 2,0.0
mean,2025,42,113,ES1 2,0.0
mean,2025,42,114,ES1 2,0.0
mean,2025,42,115,ES1 2,0.0
mean,2025,42,116,ES1 2,0.0
mean,2025,42,117,ES1 2,0.0
mean,2025,42,118,ES1 2,0.0
mean,2025,42,119,ES1 2,0.0
mean,2025,42,120,ES1 2,0.0
mean,2025,42,121,ES1 2,0.0
mean,2025,42,122,ES1 2,0.0
mean,2025,42,123,ES1 2,0.0
mean,2025,42,124,ES1 2,0.0
mean,2025,42,125,ES1 2,0.0
mean,2025,42,126,ES1 2,0.0
mean,2025,42,127,ES1 2,0.0
mean,2025,42,128,ES1 2,0.0
mean,2025,42,129,ES1 2,0.0
mean,2025,42,130,ES1 2,0.0
mean,2025,42,131,ES1 2,0.0
mean,2025,42,132,ES1 2,0.0
mean,2025,42,133,ES1 2,0.0
mean,2025,42,134,ES1 2,0.0
mean,2025,42,135,ES1 2,0.0
mean,2025,42,136,ES1 2,0.0
mean,2025,42,137,ES1 2,0.0
mean,2025,42,138,ES1 2,0.0
mean,2025,42,139,ES1 2,0.0
mean,2025,42,140,ES1 2,0.0
mean,2025,42,141,ES1 2,0.0
mean,2025,42,142,ES1 2,0.0
mean,2025,42,143,ES1 2,0.0
mean,2025,42,144,ES1 2,0.0
mean,2025,42,145,ES1 2,0.0
mean,2025,42,146,ES1 2,0.0
mean,2025,42,147,ES1 2,0.0
mean,2025,42,148,ES1 2,0.0
mean,2025,42,149,ES1 2,0.0
mean,2025,42,150,ES1 2,0.0
mean,2025,42,151,ES1 2,0.0
mean,2025,42,152,ES1 2,0.0
mean,2025,42,153,ES1 2,0.0
mean,2025,42,154,ES1 2,0.0
mean,2025,42,155,ES1 2,0.0
mean,2025,42,156,ES1 2,0.0
mean,2025,42,157,ES1 2,0.0
mean,2025,42,158,ES1 2,0.0
mean,2025,42,159,ES1 2,0.0
mean,2025,42,160,ES1 2,0.0
mean,2025,42,161,ES1 2,0.0
mean,2025,42,162,ES1 2,0.0
mean,2025,42,163,ES1 2,0.0
mean,2025,42,164,ES1 2,0.0
mean,2025,42,165,ES1 2,0.0
mean,2025,42,166,ES1 2,0.0
mean,2025,42,167,ES1 2,0.0
mean,2025,52,0,ES1 2,0.0
mean,2025,52,1,ES1 2,0.0
mean,2025,52,2,ES1 2,0.0
mean,2025,52,3,ES1 2,0.0
mean,2025,52,4,ES1 2,0.0
mean,2025,52,5,ES1 2,0.0
mean,2025,52,6,ES1 2,0.0
mean,2025,52,7,ES1 2,0.0
mean,2025,52,8,ES1 2,0.0
mean,2025,52,9,ES1 2,0.0
mean,2025,52,10,ES1 2,0.0
mean,2025,52,11,ES1 2,0.0
mean,2025,52,12,ES1 2,0.0
mean,2025,52,13,ES1 2,0.0
mean,2025,52,14,ES1 2,0.0
mean,2025,52,15,ES1 2,0.0
mean,2025,52,16,ES1 2,0.0
mean,2025,52,17,ES1 2,0.0
mean,2025,52,18,ES1 2,0.0
mean,2025,52,19,ES1 2,0.0
mean,2025,52,20,ES1 2,0.0
mean,2025,52,21,ES1 2,0.0
mean,2025,52,22,ES1 2,0.0
mean,2025,52,23,ES1 2,0.0
mean,2025,52,24,ES1 2,0.0
mean,2025,52,25,ES1 2,0.0
mean,2025,52,26,ES1 2,0.0
mean,2025,52,27,ES1 2,0.0
mean,2025,52,28,ES1 2,0.0
mean,2025,52,29,ES1 2,0.0
mean,2025,52,30,ES1 2,0.0
mean,2025,52,31,ES1 2,0.0
mean,2025,52,32,ES1 2,0.0
mean,2025,52,33,ES1 2,0.0
mean,2025,52,34,ES1 2,0.0
mean,2025,52,35,ES1 2,0.0
mean,2025,52,36,ES1 2,0.0
mean,2025,52,37,ES1 2,0.0
mean,2025,52,38,ES1 2,0.0
mean,2025,52,39,ES1 2,0.0
mean,2025,52,40,ES1 2,0.0
mean,2025,52,41,ES1 2,0.0
mean,2025,52,42,ES1 2,0.0
mean,2025,52,43,ES1 2,0.0
mean,2025,52,44,ES1 2,0.0
mean,2025,52,45,ES1 2,0.0
mean,2025,52,46,ES1 2,0.0
mean,2025,52,47,ES1 2,0.0
mean,2025,52,48,ES1 2,0.0
mean,2025,52,49,ES1 2,0.0
mean,2025,52,50,ES1 2,0.0
mean,2025,52,51,ES1 2,0.0
mean,2025,52,52,ES1 2,0.0
mean,2025,52,53,ES1 2,0.0
mean,2025,52,54,ES1 2,0.0
mean,2025,52,55,ES1 2,0.0
mean,2025,52,56,ES1 2,0.0
mean,2025,52,57,ES1 2,0.0
mean,2025,52,58,ES1 2,0.0
mean,2025,52,59,ES1 2,0.0
mean,2025,52,60,ES1 2,0.0
mean,2025,52,61,ES1 2,0.0
mean,2025,52,62,ES1 2,0.0
mean,2025,52,63,ES1 2,0.0
mean,2025,52,64,ES1 2,0.0
mean,2025,52,65,ES1 2,0.0
mean,2025,52,66,ES1 2,0.0
mean,2025,52,67,ES1 2,0.0
mean,2025,52,68,ES1 2,0.0
mean,2025,52,69,ES1 2,0.0
mean,2025,52,70,ES1 2,0.0
mean,2025,52,71,ES1 2,0.0
mean,2025,52,72,ES1 2,0.0
mean,2025,52,73,ES1 2,0.0
mean,2025,52,74,ES1 2,0.0
mean,2025,52,75,ES1 2,0.0
mean,2025,52,76,ES1 2,0.0
mean,2025,52,77,ES1 2,0.0
mean,2025,52,78,ES1 2,0.0
mean,2025,52,79,ES1 2,0.0
mean,2025,52,80,ES1 2,0.0
mean,2025,52,81,ES1 2,0.0
mean,2025,52,82,ES1 2,0.0
mean,2025,52,83,ES1 2,0.0
mean,2025,52,84,ES1 2,0.0
mean,2025,52,85,ES1 2,0.0
mean,2025,52,86,ES1 2,0.0
mean,2025,52,87,ES1 2,0.0
mean,2025,52,88,ES1 2,0.0
mean,2025,52,89,ES1 2,0.0
mean,2025,52,90,ES1 2,0.0
mean,2025,52,91,ES1 2,0.0
mean,2025,52,92,ES1 2,0.0
mean,2025,52,93,ES1 2,0.0
mean,2025,52,94,ES1 2,0.0
mean,2025,52,95,ES1 2,0.0
mean,2025,52,96,ES1 2,0.0
mean,2025,52,97,ES1 2,0.0
mean,2025,52,98,ES1 2,0.0
mean,2025,52,99,ES1 2,0.0
mean,2025,52,100,ES1 2,0.0
mean,2025,52,101,ES1 2,0.0
mean,2025,52,102,ES1 2,0.0
mean,2025,52,103,ES1 2,0.0
mean,2025,52,104,ES1 2,0.0
mean,2025,52,105,ES1 2,0.0
mean,2025,52,106,ES1 2,0.0
mean,2025,52,107,ES1 2,0.0
mean,2025,52,108,ES1 2,0.0
mean,2025,52,109,ES1 2,0.0
mean,2025,52,110,ES1 2,0.0
mean,2025,52,111,ES1 2,0.0
mean,2025,52,112,ES1 2,0.0
mean,2025,52,113,ES1 2,0.0
mean,2025,52,114,ES1 2,0.0
mean,2025,52,115,ES1 2,0.0
mean,2025,52,116,ES1 2,0.0
mean,2025,52,117,ES1 2,0.0
mean,2025,52,118,ES1 2,0.0
mean,2025,52,119,ES1 2,0.0
mean,2025,52,120,ES1 2,0.0
mean,2025,52,121,ES1 2,0.0
mean,2025,52,122,ES1 2,0.0
mean,2025,52,123,ES1 2,0.0
mean,2025,52,124,ES1 2,0.0
mean,2025,52,125,ES1 2,0.0
mean,2025,52,126,ES1 2,0.0
mean,2025,52,127,ES1 2,0.0
mean,2025,52,128,ES1 2,0.0
mean,2025,52,129,ES1 2,0.0
mean,2025,52,130,ES1 2,0.0
mean,2025,52,131,ES1 2,0.0
mean,2025,52,132,ES1 2,0.0
mean,2025,52,133,ES1 2,0.0
mean,2025,52,134,ES1 2,0.0
mean,2025,52,135,ES1 2,0.0
mean,2025,52,136,ES1 2,0.0
mean,2025,52,137,ES1 2,0.0
mean,2025,52,138,ES1 2,0.0
mean,2025,52,139,ES1 2,0.0
mean,2025,52,140,ES1 2,0.0
mean,2025,52,141,ES1 2,0.0
mean,2025,52,142,ES1 2,0.0
mean,2025,52,143,ES1 2,0.0
mean,2025,52,144,ES1 2,0.0
mean,2025,52,145,ES1 2,0.0
mean,2025,52,146,ES1 2,0.0
mean,2025,52,147,ES1 2,0.0
mean,2025,52,148,ES1 2,0.0
mean,2025,52,149,ES1 2,0.0
mean,2025,52,150,ES1 2,0.0
mean,2025,52,151,ES1 2,0.0
mean,2025,52,152,ES1 2,0.0
mean,2025,52,153,ES1 2,0.0
mean,2025,52,154,ES1 2,0.0
mean,2025,52,155,ES1 2,0.0
mean,2025,52,156,ES1 2,0.0
mean,2025,52,157,ES1 2,0.0
mean,2025,52,158,ES1 2,0.0
mean,2025,52,159,ES1 2,0.0
mean,2025,52,160,ES1 2,0.0
mean,2025,52,161,ES1 2,0.0
mean,2025,52,162,ES1 2,0.0
mean,2025,52,163,ES1 2,0.0
mean,2025,52,164,ES1 2,0.0
mean,2025,52,165,ES1 2,0.0
mean,2025,52,166,ES1 2,0.0
mean,2025,52,167,ES1 2,0.0
mean,2030,11,0,ES1 2,0.0
mean,2030,11,1,ES1 2,0.0
mean,2030,11,2,ES1 2,0.0
mean,2030,11,3,ES1 2,0.0
mean,2030,11,4,ES1 2,0.0
mean,2030,11,5,ES1 2,0.0
mean,2030,11,6,ES1 2,0.0
mean,2030,11,7,ES1 2,0.0
mean,2030,11,8,ES1 2,0.0
mean,2030,11,9,ES1 2,0.0
mean,2030,11,10,ES1 2,0.0
mean,2030,11,11,ES1 2,0.0
mean,2030,11,12,ES1 2,0.0
mean,2030,11,13,ES1 2,0.0
mean,2030,11,14,ES1 2,0.0
mean,2030,11,15,ES1 2,0.0
mean,2030,11,16,ES1 2,0.0
mean,2030,11,17,ES1 2,0.0
mean,2030,11,18,ES1 2,0.0
mean,2030,11,19,ES1 2,0.0
mean,2030,11,20,ES1 2,0.0
mean,2030,11,21,ES1 2,0.0
mean,2030,11,22,ES1 2,0.0
mean,2030,11,23,ES1 2,0.0
mean,2030,11,24,ES1 2,0.0
mean,2030,11,25,ES1 2,0.0
mean,2030,11,26,ES1 2,0.0
mean,2030,11,27,ES1 2,0.0
mean,2030,11,28,ES1 2,0.0
mean,2030,11,29,ES1 2,0.0
mean,2030,11,30,ES1 2,0.0
mean,2030,11,31,ES1 2,0.0
mean,2030,11,32,ES1 2,0.0
mean,2030,11,33,ES1 2,0.0
mean,2030,11,34,ES1 2,0.0
mean,2030,11,35,ES1 2,0.0
mean,2030,11,36,ES1 2,0.0
mean,2030,11,37,ES1 2,0.0
mean,2030,11,38,ES1 2,0.0
mean,2030,11,39,ES1 2,0.0
mean,2030,11,40,ES1 2,0.0
mean,2030,11,41,ES1 2,0.0
mean,2030,11,42,ES1 2,0.0
mean,2030,11,43,ES1 2,0.0
mean,2030,11,44,ES1 2,0.0
mean,2030,11,45,ES1 2,0.0
mean,2030,11,46,ES1 2,0.0
mean,2030,11,47,ES1 2,0.0
mean,2030,11,48,ES1 2,0.0
mean,2030,11,49,ES1 2,0.0
mean,2030,11,50,ES1 2,0.0
mean,2030,11,51,ES1 2,0.0
mean,2030,11,52,ES1 2,0.0
mean,2030,11,53,ES1 2,0.0
mean,2030,11,54,ES1 2,0.0
mean,2030,11,55,ES1 2,0.0
mean,2030,11,56,ES1 2,0.0
mean,2030,11,57,ES1 2,0.0
mean,2030,11,58,ES1 2,0.0
mean,2030,11,59,ES1 2,0.0
mean,2030,11,60,ES1 2,0.0
mean,2030,11,61,ES1 2,0.0
mean,2030,11,62,ES1 2,0.0
mean,2030,11,63,ES1 2,0.0
mean,2030,11,64,ES1 2,0.0
mean,2030,11,65,ES1 2,0.0
mean,2030,11,66,ES1 2,0.0
mean,2030,11,67,ES1 2,0.0
mean,2030,11,68,ES1 2,0.0
mean,2030,11,69,ES1 2,0.0
mean,2030,11,70,ES1 2,0.0
mean,2030,11,71,ES1 2,0.0
mean,2030,11,72,ES1 2,0.0
mean,2030,11,73,ES1 2,0.0
mean,2030,11,74,ES1 2,0.0
mean,2030,11,75,ES1 2,0.0
mean,2030,11,76,ES1 2,0.0
mean,2030,11,77,ES1 2,0.0
mean,2030,11,78,ES1 2,0.0
mean,2030,11,79,ES1 2,0.0
mean,2030,11,80,ES1 2,0.0
mean,2030,11,81,ES1 2,0.0
mean,2030,11,82,ES1 2,0.0
mean,2030,11,83,ES1 2,0.0
mean,2030,11,84,ES1 2,0.0
mean,2030,11,85,ES1 2,0.0
mean,2030,11,86,ES1 2,0.0
mean,2030,11,87,ES1 2,0.0
mean,2030,11,88,ES1 2,0.0
mean,2030,11,89,ES1 2,0.0
mean,2030,11,90,ES1 2,0.0
mean,2030,11,91,ES1 2,0.0
mean,2030,11,92,ES1 2,0.0
mean,2030,11,93,ES1 2,0.0
mean,2030,11,94,ES1 2,0.0
mean,2030,11,95,ES1 2,0.0
mean,2030,11,96,ES1 2,0.0
mean,2030,11,97,ES1 2,0.0
mean,2030,11,98,ES1 2,0.0
mean,2030,11,99,ES1 2,0.0
mean,2030,11,100,ES1 2,0.0
mean,2030,11,101,ES1 2,0.0
mean,2030,11,102,ES1 2,0.0
mean,2030,11,103,ES1 2,0.0
mean,2030,11,104,ES1 2,0.0
mean,2030,11,105,ES1 2,0.0
mean,2030,11,106,ES1 2,0.0
mean,2030,11,107,ES1 2,0.0
mean,2030,11,108,ES1 2,0.0
mean,2030,11,109,ES1 2,0.0
mean,2030,11,110,ES1 2,0.0
mean,2030,11,111,ES1 2,0.0
mean,2030,11,112,ES1 2,0.0
mean,2030,11,113,ES1 2,0.0
mean,2030,11,114,ES1 2,0.0
mean,2030,11,115,ES1 2,0.0
mean,2030,11,116,ES1 2,0.0
mean,2030,11,117,ES1 2,0.0
mean,2030,11,118,ES1 2,0.0
mean,2030,11,119,ES1 2,0.0
mean,2030,11,120,ES1 2,0.0
mean,2030,11,121,ES1 2,0.0
mean,2030,11,122,ES1 2,0.0
mean,2030,11,123,ES1 2,0.0
mean,2030,11,124,ES1 2,0.0
mean,2030,11,125,ES1 2,0.0
mean,2030,11,126,ES1 2,0.0
mean,2030,11,127,ES1 2,0.0
mean,2030,11,128,ES1 2,0.0
mean,2030,11,129,ES1 2,0.0
mean,2030,11,130,ES1 2,0.0
mean,2030,11,131,ES1 2,0.0
mean,2030,11,132,ES1 2,0.0
mean,2030,11,133,ES1 2,0.0
mean,2030,11,134,ES1 2,0.0
mean,2030,11,135,ES1 2,0.0
mean,2030,11,136,ES1 2,0.0
mean,2030,11,137,ES1 2,0.0
mean,2030,11,138,ES1 2,0.0
mean,2030,11,139,ES1 2,0.0
mean,2030,11,140,ES1 2,0.0
mean,2030,11,141,ES1 2,0.0
mean,2030,11,142,ES1 2,0.0
mean,2030,11,143,ES1 2,0.0
mean,2030,11,144,ES1 2,0.0
mean,2030,11,145,ES1 2,0.0
mean,2030,11,146,ES1 2,0.0
mean,2030,11,147,ES1 2,0.0
mean,2030,11,148,ES1 2,0.0
mean,2030,11,149,ES1 2,0.0
mean,2030,11,150,ES1 2,0.0
mean,2030,11,151,ES1 2,0.0
mean,2030,11,152,ES1 2,0.0
mean,2030,11,153,ES1 2,0.0
mean,2030,11,154,ES1 2,0.0
mean,2030,11,155,ES1 2,0.0
mean,2030,11,156,ES1 2,0.0
mean,2030,11,157,ES1 2,0.0
mean,2030,11,158,ES1 2,0.0
mean,2030,11,159,ES1 2,0.0
mean,2030,11,160,ES1 2,0.0
mean,2030,11,161,ES1 2,0.0
mean,2030,11,162,ES1 2,0.0
mean,2030,11,163,ES1 2,0.0
mean,2030,11,164,ES1 2,0.0
mean,2030,11,165,ES1 2,0.0
mean,2030,11,166,ES1 2,0.0
mean,2030,11,167,ES1 2,0.0
mean,2030,21,0,ES1 2,0.0
mean,2030,21,1,ES1 2,0.0
mean,2030,21,2,ES1 2,0.0
mean,2030,21,3,ES1 2,0.0
mean,2030,21,4,ES1 2,0.0
mean,2030,21,5,ES1 2,0.0
mean,2030,21,6,ES1 2,0.0
mean,2030,21,7,ES1 2,0.0
mean,2030,21,8,ES1 2,0.0
mean,2030,21,9,ES1 2,0.0
mean,2030,21,10,ES1 2,0.0
mean,2030,21,11,ES1 2,0.0
mean,2030,21,12,ES1 2,0.0
mean,2030,21,13,ES1 2,0.0
mean,2030,21,14,ES1 2,0.0
mean,2030,21,15,ES1 2,0.0
mean,2030,21,16,ES1 2,0.0
mean,2030,21,17,ES1 2,0.0
mean,2030,21,18,ES1 2,0.0
mean,2030,21,19,ES1 2,0.0
mean,2030,21,20,ES1 2,0.0
mean,2030,21,21,ES1 2,0.0
mean,2030,21,22,ES1 2,0.0
mean,2030,21,23,ES1 2,0.0
mean,2030,21,24,ES1 2,0.0
mean,2030,21,25,ES1 2,0.0
mean,2030,21,26,ES1 2,0.0
mean,2030,21,27,ES1 2,0.0
mean,2030,21,28,ES1 2,0.0
mean,2030,21,29,ES1 2,0.0
mean,2030,21,30,ES1 2,0.0
mean,2030,21,31,ES1 2,0.0
mean,2030,21,32,ES1 2,0.0
mean,2030,21,33,ES1 2,0.0
mean,2030,21,34,ES1 2,0.0
mean,2030,21,35,ES1 2,0.0
mean,2030,21,36,ES1 2,0.0
mean,2030,21,37,ES1 2,0.0
mean,2030,21,38,ES1 2,0.0
mean,2030,21,39,ES1 2,0.0
mean,2030,21,40,ES1 2,0.0
mean,2030,21,41,ES1 2,0.0
mean,2030,21,42,ES1 2,0.0
mean,2030,21,43,ES1 2,0.0
mean,2030,21,44,ES1 2,0.0
mean,2030,21,45,ES1 2,0.0
mean,2030,21,46,ES1 2,0.0
mean,2030,21,47,ES1 2,0.0
mean,2030,21,48,ES1 2,0.0
mean,2030,21,49,ES1 2,0.0
mean,2030,21,50,ES1 2,0.0
mean,2030,21,51,ES1 2,0.0
mean,2030,21,52,ES1 2,0.0
mean,2030,21,53,ES1 2,0.0
mean,2030,21,54,ES1 2,0.0
mean,2030,21,55,ES1 2,0.0
mean,2030,21,56,ES1 2,0.0
mean,2030,21,57,ES1 2,0.0
mean,2030,21,58,ES1 2,0.0
mean,2030,21,59,ES1 2,0.0
mean,2030,21,60,ES1 2,0.0
mean,2030,21,61,ES1 2,0.0
mean,2030,21,62,ES1 2,0.0
mean,2030,21,63,ES1 2,0.0
mean,2030,21,64,ES1 2,0.0
mean,2030,21,65,ES1 2,0.0
mean,2030,21,66,ES1 2,0.0
mean,2030,21,67,ES1 2,0.0
mean,2030,21,68,ES1 2,0.0
mean,2030,21,69,ES1 2,0.0
mean,2030,21,70,ES1 2,0.0
mean,2030,21,71,ES1 2,0.0
mean,2030,21,72,ES1 2,0.0
mean,2030,21,73,ES1 2,0.0
mean,2030,21,74,ES1 2,0.0
mean,2030,21,75,ES1 2,0.0
mean,2030,21,76,ES1 2,0.0
mean,2030,21,77,ES1 2,0.0
mean,2030,21,78,ES1 2,0.0
mean,2030,21,79,ES1 2,0.0
mean,2030,21,80,ES1 2,0.0
mean,2030,21,81,ES1 2,0.0
mean,2030,21,82,ES1 2,0.0
mean,2030,21,83,ES1 2,0.0
mean,2030,21,84,ES1 2,0.0
mean,2030,21,85,ES1 2,0.0
mean,2030,21,86,ES1 2,0.0
mean,2030,21,87,ES1 2,0.0
mean,2030,21,88,ES1 2,0.0
mean,2030,21,89,ES1 2,0.0
mean,2030,21,90,ES1 2,0.0
mean,2030,21,91,ES1 2,0.0
mean,2030,21,92,ES1 2,0.0
mean,2030,21,93,ES1 2,0.0
mean,2030,21,94,ES1 2,0.0
mean,2030,21,95,ES1 2,0.0
mean,2030,21,96,ES1 2,0.0
mean,2030,21,97,ES1 2,0.0
mean,2030,21,98,ES1 2,0.0
mean,2030,21,99,ES1 2,0.0
mean,2030,21,100,ES1 2,0.0
mean,2030,21,101,ES1 2,0.0
mean,2030,21,102,ES1 2,0.0
mean,2030,21,103,ES1 2,0.0
mean,2030,21,104,ES1 2,0.0
mean,2030,21,105,ES1 2,0.0
mean,2030,21,106,ES1 2,0.0
mean,2030,21,107,ES1 2,0.0
mean,2030,21,108,ES1 2,0.0
mean,2030,21,109,ES1 2,0.0
mean,2030,21,110,ES1 2,0.0
mean,2030,21,111,ES1 2,0.0
mean,2030,21,112,ES1 2,0.0
mean,2030,21,113,ES1 2,0.0
mean,2030,21,114,ES1 2,0.0
mean,2030,21,115,ES1 2,0.0
mean,2030,21,116,ES1 2,0.0
mean,2030,21,117,ES1 2,0.0
mean,2030,21,118,ES1 2,0.0
mean,2030,21,119,ES1 2,0.0
mean,2030,21,120,ES1 2,0.0
mean,2030,21,121,ES1 2,0.0
mean,2030,21,122,ES1 2,0.0
mean,2030,21,123,ES1 2,0.0
mean,2030,21,124,ES1 2,0.0
mean,2030,21,125,ES1 2,0.0
mean,2030,21,126,ES1 2,0.0
mean,2030,21,127,ES1 2,0.0
mean,2030,21,128,ES1 2,0.0
mean,2030,21,129,ES1 2,0.0
mean,2030,21,130,ES1 2,0.0
mean,2030,21,131,ES1 2,0.0
mean,2030,21,132,ES1 2,0.0
mean,2030,21,133,ES1 2,0.0
mean,2030,21,134,ES1 2,0.0
mean,2030,21,135,ES1 2,0.0
mean,2030,21,136,ES1 2,0.0
mean,2030,21,137,ES1 2,0.0
mean,2030,21,138,ES1 2,0.0
mean,2030,21,139,ES1 2,0.0
mean,2030,21,140,ES1 2,0.0
mean,2030,21,141,ES1 2,0.0
mean,2030,21,142,ES1 2,0.0
mean,2030,21,143,ES1 2,0.0
mean,2030,21,144,ES1 2,0.0
mean,2030,21,145,ES1 2,0.0
mean,2030,21,146,ES1 2,0.0
mean,2030,21,147,ES1 2,0.0
mean,2030,21,148,ES1 2,0.0
mean,2030,21,149,ES1 2,0.0
mean,2030,21,150,ES1 2,0.0
mean,2030,21,151,ES1 2,0.0
mean,2030,21,152,ES1 2,0.0
mean,2030,21,153,ES1 2,0.0
mean,2030,21,154,ES1 2,0.0
mean,2030,21,155,ES1 2,0.0
mean,2030,21,156,ES1 2,0.0
mean,2030,21,157,ES1 2,0.0
mean,2030,21,158,ES1 2,0.0
mean,2030,21,159,ES1 2,0.0
mean,2030,21,160,ES1 2,0.0
mean,2030,21,161,ES1 2,0.0
mean,2030,21,162,ES1 2,0.0
mean,2030,21,163,ES1 2,0.0
mean,2030,21,164,ES1 2,0.0
mean,2030,21,165,ES1 2,0.0
mean,2030,21,166,ES1 2,0.0
mean,2030,21,167,ES1 2,0.0
mean,2030,42,0,ES1 2,0.0
mean,2030,42,1,ES1 2,0.0
mean,2030,42,2,ES1 2,0.0
mean,2030,42,3,ES1 2,0.0
mean,2030,42,4,ES1 2,0.0
mean,2030,42,5,ES1 2,0.0
mean,2030,42,6,ES1 2,0.0
mean,2030,42,7,ES1 2,0.0
mean,2030,42,8,ES1 2,0.0
mean,2030,42,9,ES1 2,0.0
mean,2030,42,10,ES1 2,0.0
mean,2030,42,11,ES1 2,0.0
mean,2030,42,12,ES1 2,0.0
mean,2030,42,13,ES1 2,0.0
mean,2030,42,14,ES1 2,0.0
mean,2030,42,15,ES1 2,0.0
mean,2030,42,16,ES1 2,0.0
mean,2030,42,17,ES1 2,0.0
mean,2030,42,18,ES1 2,0.0
mean,2030,42,19,ES1 2,0.0
mean,2030,42,20,ES1 2,0.0
mean,2030,42,21,ES1 2,0.0
mean,2030,42,22,ES1 2,0.0
mean,2030,42,23,ES1 2,0.0
mean,2030,42,24,ES1 2,0.0
mean,2030,42,25,ES1 2,0.0
mean,2030,42,26,ES1 2,0.0
mean,2030,42,27,ES1 2,0.0
mean,2030,42,28,ES1 2,0.0
mean,2030,42,29,ES1 2,0.0
mean,2030,42,30,ES1 2,0.0
mean,2030,42,31,ES1 2,0.0
mean,2030,42,32,ES1 2,0.0
mean,2030,42,33,ES1 2,0.0
mean,2030,42,34,ES1 2,0.0
mean,2030,42,35,ES1 2,0.0
mean,2030,42,36,ES1 2,0.0
mean,2030,42,37,ES1 2,0.0
mean,2030,42,38,ES1 2,0.0
mean,2030,42,39,ES1 2,0.0
mean,2030,42,40,ES1 2,0.0
mean,2030,42,41,ES1 2,0.0
mean,2030,42,42,ES1 2,0.0
mean,2030,42,43,ES1 2,0.0
mean,2030,42,44,ES1 2,0.0
mean,2030,42,45,ES1 2,0.0
mean,2030,42,46,ES1 2,0.0
mean,2030,42,47,ES1 2,0.0
mean,2030,42,48,ES1 2,0.0
mean,2030,42,49,ES1 2,0.0
mean,2030,42,50,ES1 2,0.0
mean,2030,42,51,ES1 2,0.0
mean,2030,42,52,ES1 2,0.0
mean,2030,42,53,ES1 2,0.0
mean,2030,42,54,ES1 2,0.0
mean,2030,42,55,ES1 2,0.0
mean,2030,42,56,ES1 2,0.0
mean,2030,42,57,ES1 2,0.0
mean,2030,42,58,ES1 2,0.0
mean,2030,42,59,ES1 2,0.0
mean,2030,42,60,ES1 2,0.0
mean,2030,42,61,ES1 2,0.0
mean,2030,42,62,ES1 2,0.0
mean,2030,42,63,ES1 2,0.0
mean,2030,42,64,ES1 2,0.0
mean,2030,42,65,ES1 2,0.0
mean,2030,42,66,ES1 2,0.0
mean,2030,42,67,ES1 2,0.0
mean,2030,42,68,ES1 2,0.0
mean,2030,42,69,ES1 2,0.0
mean,2030,42,70,ES1 2,0.0
mean,2030,42,71,ES1 2,0.0
mean,2030,42,72,ES1 2,0.0
mean,2030,42,73,ES1 2,0.0
mean,2030,42,74,ES1 2,0.0
mean,2030,42,75,ES1 2,0.0
mean,2030,42,76,ES1 2,0.0
mean,2030,42,77,ES1 2,0.0
mean,2030,42,78,ES1 2,0.0
mean,2030,42,79,ES1 2,0.0
mean,2030,42,80,ES1 2,0.0
mean,2030,42,81,ES1 2,0.0
mean,2030,42,82,ES1 2,0.0
mean,2030,42,83,ES1 2,0.0
mean,2030,42,84,ES1 2,0.0
mean,2030,42,85,ES1 2,0.0
mean,2030,42,86,ES1 2,0.0
mean,2030,42,87,ES1 2,0.0
mean,2030,42,88,ES1 2,0.0
mean,2030,42,89,ES1 2,0.0
mean,2030,42,90,ES1 2,0.0
mean,2030,42,91,ES1 2,0.0
mean,2030,42,92,ES1 2,0.0
mean,2030,42,93,ES1 2,0.0
mean,2030,42,94,ES1 2,0.0
mean,2030,42,95,ES1 2,0.0
mean,2030,42,96,ES1 2,0.0
mean,2030,42,97,ES1 2,0.0
mean,2030,42,98,ES1 2,0.0
mean,2030,42,99,ES1 2,0.0
mean,2030,42,100,ES1 2,0.0
mean,2030,42,101,ES1 2,0.0
mean,2030,42,102,ES1 2,0.0
mean,2030,42,103,ES1 2,0.0
mean,2030,42,104,ES1 2,0.0
mean,2030,42,105,ES1 2,0.0
mean,2030,42,106,ES1 2,0.0
mean,2030,42,107,ES1 2,0.0
mean,2030,42,108,ES1 2,0.0
mean,2030,42,109,ES1 2,0.0
mean,2030,42,110,ES1 2,0.0
mean,2030,42,111,ES1 2,0.0
mean,2030,42,112,ES1 2,0.0
mean,2030,42,113,ES1 2,0.0
mean,2030,42,114,ES1 2,0.0
mean,2030,42,115,ES1 2,0.0
mean,2030,42,116,ES1 2,0.0
mean,2030,42,117,ES1 2,0.0
mean,2030,42,118,ES1 2,0.0
mean,2030,42,119,ES1 2,0.0
mean,2030,42,120,ES1 2,0.0
mean,2030,42,121,ES1 2,0.0
mean,2030,42,122,ES1 2,0.0
mean,2030,42,123,ES1 2,0.0
mean,2030,42,124,ES1 2,0.0
mean,2030,42,125,ES1 2,0.0
mean,2030,42,126,ES1 2,0.0
mean,2030,42,127,ES1 2,0.0
mean,2030,42,128,ES1 2,0.0
mean,2030,42,129,ES1 2,0.0
mean,2030,42,130,ES1 2,0.0
mean,2030,42,131,ES1 2,0.0
mean,2030,42,132,ES1 2,0.0
mean,2030,42,133,ES1 2,0.0
mean,2030,42,134,ES1 2,0.0
mean,2030,42,135,ES1 2,0.0
mean,2030,42,136,ES1 2,0.0
mean,2030,42,137,ES1 2,0.0
mean,2030,42,138,ES1 2,0.0
mean,2030,42,139,ES1 2,0.0
mean,2030,42,140,ES1 2,0.0
mean,2030,42,141,ES1 2,0.0
mean,2030,42,142,ES1 2,0.0
mean,2030,42,143,ES1 2,0.0
mean,2030,42,144,ES1 2,0.0
mean,2030,42,145,ES1 2,0.0
mean,2030,42,146,ES1 2,0.0
mean,2030,42,147,ES1 2,0.0
mean,2030,42,148,ES1 2,0.0
mean,2030,42,149,ES1 2,0.0
mean,2030,42,150,ES1 2,0.0
mean,2030,42,151,ES1 2,0.0
mean,2030,42,152,ES1 2,0.0
mean,2030,42,153,ES1 2,0.0
mean,2030,42,154,ES1 2,0.0
mean,2030,42,155,ES1 2,0.0
mean,2030,42,156,ES1 2,0.0
mean,2030,42,157,ES1 2,0.0
mean,2030,42,158,ES1 2,0.0
mean,2030,42,159,ES1 2,0.0
mean,2030,42,160,ES1 2,0.0
mean,2030,42,161,ES1 2,0.0
mean,2030,42,162,ES1 2,0.0
mean,2030,42,163,ES1 2,0.0
mean,2030,42,164,ES1 2,0.0
mean,2030,42,165,ES1 2,0.0
mean,2030,42,166,ES1 2,0.0
mean,2030,42,167,ES1 2,0.0
mean,2030,52,0,ES1 2,0.0
mean,2030,52,1,ES1 2,0.0
mean,2030,52,2,ES1 2,0.0
mean,2030,52,3,ES1 2,0.0
mean,2030,52,4,ES1 2,0.0
mean,2030,52,5,ES1 2,0.0
mean,2030,52,6,ES1 2,0.0
mean,2030,52,7,ES1 2,0.0
mean,2030,52,8,ES1 2,0.0
mean,2030,52,9,ES1 2,0.0
mean,2030,52,10,ES1 2,0.0
mean,2030,52,11,ES1 2,0.0
mean,2030,52,12,ES1 2,0.0
mean,2030,52,13,ES1 2,0.0
mean,2030,52,14,ES1 2,0.0
mean,2030,52,15,ES1 2,0.0
mean,2030,52,16,ES1 2,0.0
mean,2030,52,17,ES1 2,0.0
mean,2030,52,18,ES1 2,0.0
mean,2030,52,19,ES1 2,0.0
mean,2030,52,20,ES1 2,0.0
mean,2030,52,21,ES1 2,0.0
mean,2030,52,22,ES1 2,0.0
mean,2030,52,23,ES1 2,0.0
mean,2030,52,24,ES1 2,0.0
mean,2030,52,25,ES1 2,0.0
mean,2030,52,26,ES1 2,0.0
mean,2030,52,27,ES1 2,0.0
mean,2030,52,28,ES1 2,0.0
mean,2030,52,29,ES1 2,0.0
mean,2030,52,30,ES1 2,0.0
mean,2030,52,31,ES1 2,0.0
mean,2030,52,32,ES1 2,0.0
mean,2030,52,33,ES1 2,0.0
mean,2030,52,34,ES1 2,0.0
mean,2030,52,35,ES1 2,0.0
mean,2030,52,36,ES1 2,0.0
mean,2030,52,37,ES1 2,0.0
mean,2030,52,38,ES1 2,0.0
mean,2030,52,39,ES1 2,0.0
mean,2030,52,40,ES1 2,0.0
mean,2030,52,41,ES1 2,0.0
mean,2030,52,42,ES1 2,0.0
mean,2030,52,43,ES1 2,0.0
mean,2030,52,44,ES1 2,0.0
mean,2030,52,45,ES1 2,0.0
mean,2030,52,46,ES1 2,0.0
mean,2030,52,47,ES1 2,0.0
mean,2030,52,48,ES1 2,0.0
mean,2030,52,49,ES1 2,0.0
mean,2030,52,50,ES1 2,0.0
mean,2030,52,51,ES1 2,0.0
mean,2030,52,52,ES1 2,0.0
mean,2030,52,53,ES1 2,0.0
mean,2030,52,54,ES1 2,0.0
mean,2030,52,55,ES1 2,0.0
mean,2030,52,56,ES1 2,0.0
mean,2030,52,57,ES1 2,0.0
mean,2030,52,58,ES1 2,0.0
mean,2030,52,59,ES1 2,0.0
mean,2030,52,60,ES1 2,0.0
mean,2030,52,61,ES1 2,0.0
mean,2030,52,62,ES1 2,0.0
mean,2030,52,63,ES1 2,0.0
mean,2030,52,64,ES1 2,0.0
mean,2030,52,65,ES1 2,0.0
mean,2030,52,66,ES1 2,0.0
mean,2030,52,67,ES1 2,0.0
mean,2030,52,68,ES1 2,0.0
mean,2030,52,69,ES1 2,0.0
mean,2030,52,70,ES1 2,0.0
mean,2030,52,71,ES1 2,0.0
mean,2030,52,72,ES1 2,0.0
mean,2030,52,73,ES1 2,0.0
mean,2030,52,74,ES1 2,0.0
mean,2030,52,75,ES1 2,0.0
mean,2030,52,76,ES1 2,0.0
mean,2030,52,77,ES1 2,0.0
mean,2030,52,78,ES1 2,0.0
mean,2030,52,79,ES1 2,0.0
mean,2030,52,80,ES1 2,0.0
mean,2030,52,81,ES1 2,0.0
mean,2030,52,82,ES1 2,0.0
mean,2030,52,83,ES1 2,0.0
mean,2030,52,84,ES1 2,0.0
mean,2030,52,85,ES1 2,0.0
mean,2030,52,86,ES1 2,0.0
mean,2030,52,87,ES1 2,0.0
mean,2030,52,88,ES1 2,0.0
mean,2030,52,89,ES1 2,0.0
mean,2030,52,90,ES1 2,0.0
mean,2030,52,91,ES1 2,0.0
mean,2030,52,92,ES1 2,0.0
mean,2030,52,93,ES1 2,0.0
mean,2030,52,94,ES1 2,0.0
mean,2030,52,95,ES1 2,0.0
mean,2030,52,96,ES1 2,0.0
mean,2030,52,97,ES1 2,0.0
mean,2030,52,98,ES1 2,0.0
mean,2030,52,99,ES1 2,0.0
mean,2030,52,100,ES1 2,0.0
mean,2030,52,101,ES1 2,0.0
mean,2030,52,102,ES1 2,0.0
mean,2030,52,103,ES1 2,0.0
mean,2030,52,104,ES1 2,0.0
mean,2030,52,105,ES1 2,0.0
mean,2030,52,106,ES1 2,0.0
mean,2030,52,107,ES1 2,0.0
mean,2030,52,108,ES1 2,0.0
mean,2030,52,109,ES1 2,0.0
mean,2030,52,110,ES1 2,0.0
mean,2030,52,111,ES1 2,0.0
mean,2030,52,112,ES1 2,0.0
mean,2030,52,113,ES1 2,0.0
mean,2030,52,114,ES1 2,0.0
mean,2030,52,115,ES1 2,0.0
mean,2030,52,116,ES1 2,0.0
mean,2030,52,117,ES1 2,0.0
mean,2030,52,118,ES1 2,0.0
mean,2030,52,119,ES1 2,0.0
mean,2030,52,120,ES1 2,0.0
mean,2030,52,121,ES1 2,0.0
mean,2030,52,122,ES1 2,0.0
mean,2030,52,123,ES1 2,0.0
mean,2030,52,124,ES1 2,0.0
mean,2030,52,125,ES1 2,0.0
mean,2030,52,126,ES1 2,0.0
mean,2030,52,127,ES1 2,0.0
mean,2030,52,128,ES1 2,0.0
mean,2030,52,129,ES1 2,0.0
mean,2030,52,130,ES1 2,0.0
mean,2030,52,131,ES1 2,0.0
mean,2030,52,132,ES1 2,0.0
mean,2030,52,133,ES1 2,0.0
mean,2030,52,134,ES1 2,0.0
mean,2030,52,135,ES1 2,0.0
mean,2030,52,136,ES1 2,0.0
mean,2030,52,137,ES1 2,0.0
mean,2030,52,138,ES1 2,0.0
mean,2030,52,139,ES1 2,0.0
mean,2030,52,140,ES1 2,0.0
mean,2030,52,141,ES1 2,0.0
mean,2030,52,142,ES1 2,0.0
mean,2030,52,143,ES1 2,0.0
mean,2030,52,144,ES1 2,0.0
mean,2030,52,145,ES1 2,0.0
mean,2030,52,146,ES1 2,0.0
mean,2030,52,147,ES1 2,0.0
mean,2030,52,148,ES1 2,0.0
mean,2030,52,149,ES1 2,0.0
mean,2030,52,150,ES1 2,0.0
mean,2030,52,151,ES1 2,0.0
mean,2030,52,152,ES1 2,0.0
mean,2030,52,153,ES1 2,0.0
mean,2030,52,154,ES1 2,0.0
mean,2030,52,155,ES1 2,0.0
mean,2030,52,156,ES1 2,0.0
mean,2030,52,157,ES1 2,0.0
mean,2030,52,158,ES1 2,0.0
mean,2030,52,159,ES1 2,0.0
mean,2030,52,160,ES1 2,0.0
mean,2030,52,161,ES1 2,0.0
mean,2030,52,162,ES1 2,0.0
mean,2030,52,163,ES1 2,0.0
mean,2030,52,164,ES1 2,0.0
mean,2030,52,165,ES1 2,0.0
mean,2030,52,166,ES1 2,0.0
mean,2030,52,167,ES1 2,0.0
mean,2040,11,0,ES1 2,0.0
mean,2040,11,1,ES1 2,0.0
mean,2040,11,2,ES1 2,0.0
mean,2040,11,3,ES1 2,0.0
mean,2040,11,4,ES1 2,0.0
mean,2040,11,5,ES1 2,0.0
mean,2040,11,6,ES1 2,0.0
mean,2040,11,7,ES1 2,0.0
mean,2040,11,8,ES1 2,0.0
mean,2040,11,9,ES1 2,0.0
mean,2040,11,10,ES1 2,0.0
mean,2040,11,11,ES1 2,0.0
mean,2040,11,12,ES1 2,0.0
mean,2040,11,13,ES1 2,0.0
mean,2040,11,14,ES1 2,0.0
mean,2040,11,15,ES1 2,0.0
mean,2040,11,16,ES1 2,0.0
mean,2040,11,17,ES1 2,0.0
mean,2040,11,18,ES1 2,0.0
mean,2040,11,19,ES1 2,0.0
mean,2040,11,20,ES1 2,0.0
mean,2040,11,21,ES1 2,0.0
mean,2040,11,22,ES1 2,0.0
mean,2040,11,23,ES1 2,0.0
mean,2040,11,24,ES1 2,0.0
mean,2040,11,25,ES1 2,0.0
mean,2040,11,26,ES1 2,0.0
mean,2040,11,27,ES1 2,0.0
mean,2040,11,28,ES1 2,0.0
mean,2040,11,29,ES1 2,0.0
mean,2040,11,30,ES1 2,0.0
mean,2040,11,31,ES1 2,0.0
mean,2040,11,32,ES1 2,0.0
mean,2040,11,33,ES1 2,0.0
mean,2040,11,34,ES1 2,0.0
mean,2040,11,35,ES1 2,0.0
mean,2040,11,36,ES1 2,0.0
mean,2040,11,37,ES1 2,0.0
mean,2040,11,38,ES1 2,0.0
mean,2040,11,39,ES1 2,0.0
mean,2040,11,40,ES1 2,0.0
mean,2040,11,41,ES1 2,0.0
mean,2040,11,42,ES1 2,0.0
mean,2040,11,43,ES1 2,0.0
mean,2040,11,44,ES1 2,0.0
mean,2040,11,45,ES1 2,0.0
mean,2040,11,46,ES1 2,0.0
mean,2040,11,47,ES1 2,0.0
mean,2040,11,48,ES1 2,0.0
mean,2040,11,49,ES1 2,0.0
mean,2040,11,50,ES1 2,0.0
mean,2040,11,51,ES1 2,0.0
mean,2040,11,52,ES1 2,0.0
mean,2040,11,53,ES1 2,0.0
mean,2040,11,54,ES1 2,0.0
mean,2040,11,55,ES1 2,0.0
mean,2040,11,56,ES1 2,0.0
mean,2040,11,57,ES1 2,0.0
mean,2040,11,58,ES1 2,0.0
mean,2040,11,59,ES1 2,0.0
mean,2040,11,60,ES1 2,0.0
mean,2040,11,61,ES1 2,0.0
mean,2040,11,62,ES1 2,0.0
mean,2040,11,63,ES1 2,0.0
mean,2040,11,64,ES1 2,0.0
mean,2040,11,65,ES1 2,0.0
mean,2040,11,66,ES1 2,0.0
mean,2040,11,67,ES1 2,0.0
mean,2040,11,68,ES1 2,0.0
mean,2040,11,69,ES1 2,0.0
mean,2040,11,70,ES1 2,0.0
mean,2040,11,71,ES1 2,0.0
mean,2040,11,72,ES1 2,0.0
mean,2040,11,73,ES1 2,0.0
mean,2040,11,74,ES1 2,0.0
mean,2040,11,75,ES1 2,0.0
mean,2040,11,76,ES1 2,0.0
mean,2040,11,77,ES1 2,0.0
mean,2040,11,78,ES1 2,0.0
mean,2040,11,79,ES1 2,0.0
mean,2040,11,80,ES1 2,0.0
mean,2040,11,81,ES1 2,0.0
mean,2040,11,82,ES1 2,0.0
mean,2040,11,83,ES1 2,0.0
mean,2040,11,84,ES1 2,0.0
mean,2040,11,85,ES1 2,0.0
mean,2040,11,86,ES1 2,0.0
mean,2040,11,87,ES1 2,0.0
mean,2040,11,88,ES1 2,0.0
mean,2040,11,89,ES1 2,0.0
mean,2040,11,90,ES1 2,0.0
mean,2040,11,91,ES1 2,0.0
mean,2040,11,92,ES1 2,0.0
mean,2040,11,93,ES1 2,0.0
mean,2040,11,94,ES1 2,0.0
mean,2040,11,95,ES1 2,0.0
mean,2040,11,96,ES1 2,0.0
mean,2040,11,97,ES1 2,0.0
mean,2040,11,98,ES1 2,0.0
mean,2040,11,99,ES1 2,0.0
mean,2040,11,100,ES1 2,0.0
mean,2040,11,101,ES1 2,0.0
mean,2040,11,102,ES1 2,0.0
mean,2040,11,103,ES1 2,0.0
mean,2040,11,104,ES1 2,0.0
mean,2040,11,105,ES1 2,0.0
mean,2040,11,106,ES1 2,0.0
mean,2040,11,107,ES1 2,0.0
mean,2040,11,108,ES1 2,0.0
mean,2040,11,109,ES1 2,0.0
mean,2040,11,110,ES1 2,0.0
mean,2040,11,111,ES1 2,0.0
mean,2040,11,112,ES1 2,0.0
mean,2040,11,113,ES1 2,0.0
mean,2040,11,114,ES1 2,0.0
mean,2040,11,115,ES1 2,0.0
mean,2040,11,116,ES1 2,0.0
mean,2040,11,117,ES1 2,0.0
mean,2040,11,118,ES1 2,0.0
mean,2040,11,119,ES1 2,0.0
mean,2040,11,120,ES1 2,0.0
mean,2040,11,121,ES1 2,0.0
mean,2040,11,122,ES1 2,0.0
mean,2040,11,123,ES1 2,0.0
mean,2040,11,124,ES1 2,0.0
mean,2040,11,125,ES1 2,0.0
mean,2040,11,126,ES1 2,0.0
mean,2040,11,127,ES1 2,0.0
mean,2040,11,128,ES1 2,0.0
mean,2040,11,129,ES1 2,0.0
mean,2040,11,130,ES1 2,0.0
mean,2040,11,131,ES1 2,0.0
mean,2040,11,132,ES1 2,0.0
mean,2040,11,133,ES1 2,0.0
mean,2040,11,134,ES1 2,0.0
mean,2040,11,135,ES1 2,0.0
mean,2040,11,136,ES1 2,0.0
mean,2040,11,137,ES1 2,0.0
mean,2040,11,138,ES1 2,0.0
mean,2040,11,139,ES1 2,0.0
mean,2040,11,140,ES1 2,0.0
mean,2040,11,141,ES1 2,0.0
mean,2040,11,142,ES1 2,0.0
mean,2040,11,143,ES1 2,0.0
mean,2040,11,144,ES1 2,0.0
mean,2040,11,145,ES1 2,0.0
mean,2040,11,146,ES1 2,0.0
mean,2040,11,147,ES1 2,0.0
mean,2040,11,148,ES1 2,0.0
mean,2040,11,149,ES1 2,0.0
mean,2040,11,150,ES1 2,0.0
mean,2040,11,151,ES1 2,0.0
mean,2040,11,152,ES1 2,0.0
mean,2040,11,153,ES1 2,0.0
mean,2040,11,154,ES1 2,0.0
mean,2040,11,155,ES1 2,0.0
mean,2040,11,156,ES1 2,0.0
mean,2040,11,157,ES1 2,0.0
mean,2040,11,158,ES1 2,0.0
mean,2040,11,159,ES1 2,0.0
mean,2040,11,160,ES1 2,0.0
mean,2040,11,161,ES1 2,0.0
mean,2040,11,162,ES1 2,0.0
mean,2040,11,163,ES1 2,0.0
mean,2040,11,164,ES1 2,0.0
mean,2040,11,165,ES1 2,0.0
mean,2040,11,166,ES1 2,0.0
mean,2040,11,167,ES1 2,0.0
mean,2040,21,0,ES1 2,0.0
mean,2040,21,1,ES1 2,0.0
mean,2040,21,2,ES1 2,0.0
mean,2040,21,3,ES1 2,0.0
mean,2040,21,4,ES1 2,0.0
mean,2040,21,5,ES1 2,0.0
mean,2040,21,6,ES1 2,0.0
mean,2040,21,7,ES1 2,0.0
mean,2040,21,8,ES1 2,0.0
mean,2040,21,9,ES1 2,0.0
mean,2040,21,10,ES1 2,0.0
mean,2040,21,11,ES1 2,0.0
mean,2040,21,12,ES1 2,0.0
mean,2040,21,13,ES1 2,0.0
mean,2040,21,14,ES1 2,0.0
mean,2040,21,15,ES1 2,0.0
mean,2040,21,16,ES1 2,0.0
mean,2040,21,17,ES1 2,0.0
mean,2040,21,18,ES1 2,0.0
mean,2040,21,19,ES1 2,0.0
mean,2040,21,20,ES1 2,0.0
mean,2040,21,21,ES1 2,0.0
mean,2040,21,22,ES1 2,0.0
mean,2040,21,23,ES1 2,0.0
mean,2040,21,24,ES1 2,0.0
mean,2040,21,25,ES1 2,0.0
mean,2040,21,26,ES1 2,0.0
mean,2040,21,27,ES1 2,0.0
mean,2040,21,28,ES1 2,0.0
mean,2040,21,29,ES1 2,0.0
mean,2040,21,30,ES1 2,0.0
mean,2040,21,31,ES1 2,0.0
mean,2040,21,32,ES1 2,0.0
mean,2040,21,33,ES1 2,0.0
mean,2040,21,34,ES1 2,0.0
mean,2040,21,35,ES1 2,0.0
mean,2040,21,36,ES1 2,0.0
mean,2040,21,37,ES1 2,0.0
mean,2040,21,38,ES1 2,0.0
mean,2040,21,39,ES1 2,0.0
mean,2040,21,40,ES1 2,0.0
mean,2040,21,41,ES1 2,0.0
mean,2040,21,42,ES1 2,0.0
mean,2040,21,43,ES1 2,0.0
mean,2040,21,44,ES1 2,0.0
mean,2040,21,45,ES1 2,0.0
mean,2040,21,46,ES1 2,0.0
mean,2040,21,47,ES1 2,0.0
mean,2040,21,48,ES1 2,0.0
mean,2040,21,49,ES1 2,0.0
mean,2040,21,50,ES1 2,0.0
mean,2040,21,51,ES1 2,0.0
mean,2040,21,52,ES1 2,0.0
mean,2040,21,53,ES1 2,0.0
mean,2040,21,54,ES1 2,0.0
mean,2040,21,55,ES1 2,0.0
mean,2040,21,56,ES1 2,0.0
mean,2040,21,57,ES1 2,0.0
mean,2040,21,58,ES1 2,0.0
mean,2040,21,59,ES1 2,0.0
mean,2040,21,60,ES1 2,0.0
mean,2040,21,61,ES1 2,0.0
mean,2040,21,62,ES1 2,0.0
mean,2040,21,63,ES1 2,0.0
mean,2040,21,64,ES1 2,0.0
mean,2040,21,65,ES1 2,0.0
mean,2040,21,66,ES1 2,0.0
mean,2040,21,67,ES1 2,0.0
mean,2040,21,68,ES1 2,0.0
mean,2040,21,69,ES1 2,0.0
mean,2040,21,70,ES1 2,0.0
mean,2040,21,71,ES1 2,0.0
mean,2040,21,72,ES1 2,0.0
mean,2040,21,73,ES1 2,0.0
mean,2040,21,74,ES1 2,0.0
mean,2040,21,75,ES1 2,0.0
mean,2040,21,76,ES1 2,0.0
mean,2040,21,77,ES1 2,0.0
mean,2040,21,78,ES1 2,0.0
mean,2040,21,79,ES1 2,0.0
mean,2040,21,80,ES1 2,0.0
mean,2040,21,81,ES1 2,0.0
mean,2040,21,82,ES1 2,0.0
mean,2040,21,83,ES1 2,0.0
mean,2040,21,84,ES1 2,0.0
mean,2040,21,85,ES1 2,0.0
mean,2040,21,86,ES1 2,0.0
mean,2040,21,87,ES1 2,0.0
mean,2040,21,88,ES1 2,0.0
mean,2040,21,89,ES1 2,0.0
mean,2040,21,90,ES1 2,0.0
mean,2040,21,91,ES1 2,0.0
mean,2040,21,92,ES1 2,0.0
mean,2040,21,93,ES1 2,0.0
mean,2040,21,94,ES1 2,0.0
mean,2040,21,95,ES1 2,0.0
mean,2040,21,96,ES1 2,0.0
mean,2040,21,97,ES1 2,0.0
mean,2040,21,98,ES1 2,0.0
mean,2040,21,99,ES1 2,0.0
mean,2040,21,100,ES1 2,0.0
mean,2040,21,101,ES1 2,0.0
mean,2040,21,102,ES1 2,0.0
mean,2040,21,103,ES1 2,0.0
mean,2040,21,104,ES1 2,0.0
mean,2040,21,105,ES1 2,0.0
mean,2040,21,106,ES1 2,0.0
mean,2040,21,107,ES1 2,0.0
mean,2040,21,108,ES1 2,0.0
mean,2040,21,109,ES1 2,0.0
mean,2040,21,110,ES1 2,0.0
mean,2040,21,111,ES1 2,0.0
mean,2040,21,112,ES1 2,0.0
mean,2040,21,113,ES1 2,0.0
mean,2040,21,114,ES1 2,0.0
mean,2040,21,115,ES1 2,0.0
mean,2040,21,116,ES1 2,0.0
mean,2040,21,117,ES1 2,0.0
mean,2040,21,118,ES1 2,0.0
mean,2040,21,119,ES1 2,0.0
mean,2040,21,120,ES1 2,0.0
mean,2040,21,121,ES1 2,0.0
mean,2040,21,122,ES1 2,0.0
mean,2040,21,123,ES1 2,0.0
mean,2040,21,124,ES1 2,0.0
mean,2040,21,125,ES1 2,0.0
mean,2040,21,126,ES1 2,0.0
mean,2040,21,127,ES1 2,0.0
mean,2040,21,128,ES1 2,0.0
mean,2040,21,129,ES1 2,0.0
mean,2040,21,130,ES1 2,0.0
mean,2040,21,131,ES1 2,0.0
mean,2040,21,132,ES1 2,0.0
mean,2040,21,133,ES1 2,0.0
mean,2040,21,134,ES1 2,0.0
mean,2040,21,135,ES1 2,0.0
mean,2040,21,136,ES1 2,0.0
mean,2040,21,137,ES1 2,0.0
mean,2040,21,138,ES1 2,0.0
mean,2040,21,139,ES1 2,0.0
mean,2040,21,140,ES1 2,0.0
mean,2040,21,141,ES1 2,0.0
mean,2040,21,142,ES1 2,0.0
mean,2040,21,143,ES1 2,0.0
mean,2040,21,144,ES1 2,0.0
mean,2040,21,145,ES1 2,0.0
mean,2040,21,146,ES1 2,0.0
mean,2040,21,147,ES1 2,0.0
mean,2040,21,148,ES1 2,0.0
mean,2040,21,149,ES1 2,0.0
mean,2040,21,150,ES1 2,0.0
mean,2040,21,151,ES1 2,0.0
mean,2040,21,152,ES1 2,0.0
mean,2040,21,153,ES1 2,0.0
mean,2040,21,154,ES1 2,0.0
mean,2040,21,155,ES1 2,0.0
mean,2040,21,156,ES1 2,0.0
mean,2040,21,157,ES1 2,0.0
mean,2040,21,158,ES1 2,0.0
mean,2040,21,159,ES1 2,0.0
mean,2040,21,160,ES1 2,0.0
mean,2040,21,161,ES1 2,0.0
mean,2040,21,162,ES1 2,0.0
mean,2040,21,163,ES1 2,0.0
mean,2040,21,164,ES1 2,0.0
mean,2040,21,165,ES1 2,0.0
mean,2040,21,166,ES1 2,0.0
mean,2040,21,167,ES1 2,0.0
mean,2040,42,0,ES1 2,0.0
mean,2040,42,1,ES1 2,0.0
mean,2040,42,2,ES1 2,0.0
mean,2040,42,3,ES1 2,0.0
mean,2040,42,4,ES1 2,0.0
mean,2040,42,5,ES1 2,0.0
mean,2040,42,6,ES1 2,0.0
mean,2040,42,7,ES1 2,0.0
mean,2040,42,8,ES1 2,0.0
mean,2040,42,9,ES1 2,0.0
mean,2040,42,10,ES1 2,0.0
mean,2040,42,11,ES1 2,0.0
mean,2040,42,12,ES1 2,0.0
mean,2040,42,13,ES1 2,0.0
mean,2040,42,14,ES1 2,0.0
mean,2040,42,15,ES1 2,0.0
mean,2040,42,16,ES1 2,0.0
mean,2040,42,17,ES1 2,0.0
mean,2040,42,18,ES1 2,0.0
mean,2040,42,19,ES1 2,0.0
mean,2040,42,20,ES1 2,0.0
mean,2040,42,21,ES1 2,0.0
mean,2040,42,22,ES1 2,0.0
mean,2040,42,23,ES1 2,0.0
mean,2040,42,24,ES1 2,0.0
mean,2040,42,25,ES1 2,0.0
mean,2040,42,26,ES1 2,0.0
mean,2040,42,27,ES1 2,0.0
mean,2040,42,28,ES1 2,0.0
mean,2040,42,29,ES1 2,0.0
mean,2040,42,30,ES1 2,0.0
mean,2040,42,31,ES1 2,0.0
mean,2040,42,32,ES1 2,0.0
mean,2040,42,33,ES1 2,0.0
mean,2040,42,34,ES1 2,0.0
mean,2040,42,35,ES1 2,0.0
mean,2040,42,36,ES1 2,0.0
mean,2040,42,37,ES1 2,0.0
mean,2040,42,38,ES1 2,0.0
mean,2040,42,39,ES1 2,0.0
mean,2040,42,40,ES1 2,0.0
mean,2040,42,41,ES1 2,0.0
mean,2040,42,42,ES1 2,0.0
mean,2040,42,43,ES1 2,0.0
mean,2040,42,44,ES1 2,0.0
mean,2040,42,45,ES1 2,0.0
mean,2040,42,46,ES1 2,0.0
mean,2040,42,47,ES1 2,0.0
mean,2040,42,48,ES1 2,0.0
mean,2040,42,49,ES1 2,0.0
mean,2040,42,50,ES1 2,0.0
mean,2040,42,51,ES1 2,0.0
mean,2040,42,52,ES1 2,0.0
mean,2040,42,53,ES1 2,0.0
mean,2040,42,54,ES1 2,0.0
mean,2040,42,55,ES1 2,0.0
mean,2040,42,56,ES1 2,0.0
mean,2040,42,57,ES1 2,0.0
mean,2040,42,58,ES1 2,0.0
mean,2040,42,59,ES1 2,0.0
mean,2040,42,60,ES1 2,0.0
mean,2040,42,61,ES1 2,0.0
mean,2040,42,62,ES1 2,0.0
mean,2040,42,63,ES1 2,0.0
mean,2040,42,64,ES1 2,0.0
mean,2040,42,65,ES1 2,0.0
mean,2040,42,66,ES1 2,0.0
mean,2040,42,67,ES1 2,0.0
mean,2040,42,68,ES1 2,0.0
mean,2040,42,69,ES1 2,0.0
mean,2040,42,70,ES1 2,0.0
mean,2040,42,71,ES1 2,0.0
mean,2040,42,72,ES1 2,0.0
mean,2040,42,73,ES1 2,0.0
mean,2040,42,74,ES1 2,0.0
mean,2040,42,75,ES1 2,0.0
mean,2040,42,76,ES1 2,0.0
mean,2040,42,77,ES1 2,0.0
mean,2040,42,78,ES1 2,0.0
mean,2040,42,79,ES1 2,0.0
mean,2040,42,80,ES1 2,0.0
mean,2040,42,81,ES1 2,0.0
mean,2040,42,82,ES1 2,0.0
mean,2040,42,83,ES1 2,0.0
mean,2040,42,84,ES1 2,0.0
mean,2040,42,85,ES1 2,0.0
mean,2040,42,86,ES1 2,0.0
mean,2040,42,87,ES1 2,0.0
mean,2040,42,88,ES1 2,0.0
mean,2040,42,89,ES1 2,0.0
mean,2040,42,90,ES1 2,0.0
mean,2040,42,91,ES1 2,0.0
mean,2040,42,92,ES1 2,0.0
mean,2040,42,93,ES1 2,0.0
mean,2040,42,94,ES1 2,0.0
mean,2040,42,95,ES1 2,0.0
mean,2040,42,96,ES1 2,0.0
mean,2040,42,97,ES1 2,0.0
mean,2040,42,98,ES1 2,0.0
mean,2040,42,99,ES1 2,0.0
mean,2040,42,100,ES1 2,0.0
mean,2040,42,101,ES1 2,0.0
mean,2040,42,102,ES1 2,0.0
mean,2040,42,103,ES1 2,0.0
mean,2040,42,104,ES1 2,0.0
mean,2040,42,105,ES1 2,0.0
mean,2040,42,106,ES1 2,0.0
mean,2040,42,107,ES1 2,0.0
mean,2040,42,108,ES1 2,0.0
mean,2040,42,109,ES1 2,0.0
mean,2040,42,110,ES1 2,0.0
mean,2040,42,111,ES1 2,0.0
mean,2040,42,112,ES1 2,0.0
mean,2040,42,113,ES1 2,0.0
mean,2040,42,114,ES1 2,0.0
mean,2040,42,115,ES1 2,0.0
mean,2040,42,116,ES1 2,0.0
mean,2040,42,117,ES1 2,0.0
mean,2040,42,118,ES1 2,0.0
mean,2040,42,119,ES1 2,0.0
mean,2040,42,120,ES1 2,0.0
mean,2040,42,121,ES1 2,0.0
mean,2040,42,122,ES1 2,0.0
mean,2040,42,123,ES1 2,0.0
mean,2040,42,124,ES1 2,0.0
mean,2040,42,125,ES1 2,0.0
mean,2040,42,126,ES1 2,0.0
mean,2040,42,127,ES1 2,0.0
mean,2040,42,128,ES1 2,0.0
mean,2040,42,129,ES1 2,0.0
mean,2040,42,130,ES1 2,0.0
mean,2040,42,131,ES1 2,0.0
mean,2040,42,132,ES1 2,0.0
mean,2040,42,133,ES1 2,0.0
mean,2040,42,134,ES1 2,0.0
mean,2040,42,135,ES1 2,0.0
mean,2040,42,136,ES1 2,0.0
mean,2040,42,137,ES1 2,0.0
mean,2040,42,138,ES1 2,0.0
mean,2040,42,139,ES1 2,0.0
mean,2040,42,140,ES1 2,0.0
mean,2040,42,141,ES1 2,0.0
mean,2040,42,142,ES1 2,0.0
mean,2040,42,143,ES1 2,0.0
mean,2040,42,144,ES1 2,0.0
mean,2040,42,145,ES1 2,0.0
mean,2040,42,146,ES1 2,0.0
mean,2040,42,147,ES1 2,0.0
mean,2040,42,148,ES1 2,0.0
mean,2040,42,149,ES1 2,0.0
mean,2040,42,150,ES1 2,0.0
mean,2040,42,151,ES1 2,0.0
mean,2040,42,152,ES1 2,0.0
mean,2040,42,153,ES1 2,0.0
mean,2040,42,154,ES1 2,0.0
mean,2040,42,155,ES1 2,0.0
mean,2040,42,156,ES1 2,0.0
mean,2040,42,157,ES1 2,0.0
mean,2040,42,158,ES1 2,0.0
mean,2040,42,159,ES1 2,0.0
mean,2040,42,160,ES1 2,0.0
mean,2040,42,161,ES1 2,0.0
mean,2040,42,162,ES1 2,0.0
mean,2040,42,163,ES1 2,0.0
mean,2040,42,164,ES1 2,0.0
mean,2040,42,165,ES1 2,0.0
mean,2040,42,166,ES1 2,0.0
mean,2040,42,167,ES1 2,0.0
mean,2040,52,0,ES1 2,0.0
mean,2040,52,1,ES1 2,0.0
mean,2040,52,2,ES1 2,0.0
mean,2040,52,3,ES1 2,0.0
mean,2040,52,4,ES1 2,0.0
mean,2040,52,5,ES1 2,0.0
mean,2040,52,6,ES1 2,0.0
mean,2040,52,7,ES1 2,0.0
mean,2040,52,8,ES1 2,0.0
mean,2040,52,9,ES1 2,0.0
mean,2040,52,10,ES1 2,0.0
mean,2040,52,11,ES1 2,0.0
mean,2040,52,12,ES1 2,0.0
mean,2040,52,13,ES1 2,0.0
mean,2040,52,14,ES1 2,0.0
mean,2040,52,15,ES1 2,0.0
mean,2040,52,16,ES1 2,0.0
mean,2040,52,17,ES1 2,0.0
mean,2040,52,18,ES1 2,0.0
mean,2040,52,19,ES1 2,0.0
mean,2040,52,20,ES1 2,0.0
mean,2040,52,21,ES1 2,0.0
mean,2040,52,22,ES1 2,0.0
mean,2040,52,23,ES1 2,0.0
mean,2040,52,24,ES1 2,0.0
mean,2040,52,25,ES1 2,0.0
mean,2040,52,26,ES1 2,0.0
mean,2040,52,27,ES1 2,0.0
mean,2040,52,28,ES1 2,0.0
mean,2040,52,29,ES1 2,0.0
mean,2040,52,30,ES1 2,0.0
mean,2040,52,31,ES1 2,0.0
mean,2040,52,32,ES1 2,0.0
mean,2040,52,33,ES1 2,0.0
mean,2040,52,34,ES1 2,0.0
mean,2040,52,35,ES1 2,0.0
mean,2040,52,36,ES1 2,0.0
mean,2040,52,37,ES1 2,0.0
mean,2040,52,38,ES1 2,0.0
mean,2040,52,39,ES1 2,0.0
mean,2040,52,40,ES1 2,0.0
mean,2040,52,41,ES1 2,0.0
mean,2040,52,42,ES1 2,0.0
mean,2040,52,43,ES1 2,0.0
mean,2040,52,44,ES1 2,0.0
mean,2040,52,45,ES1 2,0.0
mean,2040,52,46,ES1 2,0.0
mean,2040,52,47,ES1 2,0.0
mean,2040,52,48,ES1 2,0.0
mean,2040,52,49,ES1 2,0.0
mean,2040,52,50,ES1 2,0.0
mean,2040,52,51,ES1 2,0.0
mean,2040,52,52,ES1 2,0.0
mean,2040,52,53,ES1 2,0.0
mean,2040,52,54,ES1 2,0.0
mean,2040,52,55,ES1 2,0.0
mean,2040,52,56,ES1 2,0.0
mean,2040,52,57,ES1 2,0.0
mean,2040,52,58,ES1 2,0.0
mean,2040,52,59,ES1 2,0.0
mean,2040,52,60,ES1 2,0.0
mean,2040,52,61,ES1 2,0.0
mean,2040,52,62,ES1 2,0.0
mean,2040,52,63,ES1 2,0.0
mean,2040,52,64,ES1 2,0.0
mean,2040,52,65,ES1 2,0.0
mean,2040,52,66,ES1 2,0.0
mean,2040,52,67,ES1 2,0.0
mean,2040,52,68,ES1 2,0.0
mean,2040,52,69,ES1 2,0.0
mean,2040,52,70,ES1 2,0.0
mean,2040,52,71,ES1 2,0.0
mean,2040,52,72,ES1 2,0.0
mean,2040,52,73,ES1 2,0.0
mean,2040,52,74,ES1 2,0.0
mean,2040,52,75,ES1 2,0.0
mean,2040,52,76,ES1 2,0.0
mean,2040,52,77,ES1 2,0.0
mean,2040,52,78,ES1 2,0.0
mean,2040,52,79,ES1 2,0.0
mean,2040,52,80,ES1 2,0.0
mean,2040,52,81,ES1 2,0.0
mean,2040,52,82,ES1 2,0.0
mean,2040,52,83,ES1 2,0.0
mean,2040,52,84,ES1 2,0.0
mean,2040,52,85,ES1 2,0.0
mean,2040,52,86,ES1 2,0.0
mean,2040,52,87,ES1 2,0.0
mean,2040,52,88,ES1 2,0.0
mean,2040,52,89,ES1 2,0.0
mean,2040,52,90,ES1 2,0.0
mean,2040,52,91,ES1 2,0.0
mean,2040,52,92,ES1 2,0.0
mean,2040,52,93,ES1 2,0.0
mean,2040,52,94,ES1 2,0.0
mean,2040,52,95,ES1 2,0.0
mean,2040,52,96,ES1 2,0.0
mean,2040,52,97,ES1 2,0.0
mean,2040,52,98,ES1 2,0.0
mean,2040,52,99,ES1 2,0.0
mean,2040,52,100,ES1 2,0.0
mean,2040,52,101,ES1 2,0.0
mean,2040,52,102,ES1 2,0.0
mean,2040,52,103,ES1 2,0.0
mean,2040,52,104,ES1 2,0.0
mean,2040,52,105,ES1 2,0.0
mean,2040,52,106,ES1 2,0.0
mean,2040,52,107,ES1 2,0.0
mean,2040,52,108,ES1 2,0.0
mean,2040,52,109,ES1 2,0.0
mean,2040,52,110,ES1 2,0.0
mean,2040,52,111,ES1 2,0.0
mean,2040,52,112,ES1 2,0.0
mean,2040,52,113,ES1 2,0.0
mean,2040,52,114,ES1 2,0.0
mean,2040,52,115,ES1 2,0.0
mean,2040,52,116,ES1 2,0.0
mean,2040,52,117,ES1 2,0.0
mean,2040,52,118,ES1 2,0.0
mean,2040,52,119,ES1 2,0.0
mean,2040,52,120,ES1 2,0.0
mean,2040,52,121,ES1 2,0.0
mean,2040,52,122,ES1 2,0.0
mean,2040,52,123,ES1 2,0.0
mean,2040,52,124,ES1 2,0.0
mean,2040,52,125,ES1 2,0.0
mean,2040,52,126,ES1 2,0.0
mean,2040,52,127,ES1 2,0.0
mean,2040,52,128,ES1 2,0.0
mean,2040,52,129,ES1 2,0.0
mean,2040,52,130,ES1 2,0.0
mean,2040,52,131,ES1 2,0.0
mean,2040,52,132,ES1 2,0.0
mean,2040,52,133,ES1 2,0.0
mean,2040,52,134,ES1 2,0.0
mean,2040,52,135,ES1 2,0.0
mean,2040,52,136,ES1 2,0.0
mean,2040,52,137,ES1 2,0.0
mean,2040,52,138,ES1 2,0.0
mean,2040,52,139,ES1 2,0.0
mean,2040,52,140,ES1 2,0.0
mean,2040,52,141,ES1 2,0.0
mean,2040,52,142,ES1 2,0.0
mean,2040,52,143,ES1 2,0.0
mean,2040,52,144,ES1 2,0.0
mean,2040,52,145,ES1 2,0.0
mean,2040,52,146,ES1 2,0.0
mean,2040,52,147,ES1 2,0.0
mean,2040,52,148,ES1 2,0.0
mean,2040,52,149,ES1 2,0.0
mean,2040,52,150,ES1 2,0.0
mean,2040,52,151,ES1 2,0.0
mean,2040,52,152,ES1 2,0.0
mean,2040,52,153,ES1 2,0.0
mean,2040,52,154,ES1 2,0.0
mean,2040,52,155,ES1 2,0.0
mean,2040,52,156,ES1 2,0.0
mean,2040,52,157,ES1 2,0.0
mean,2040,52,158,ES1 2,0.0
mean,2040,52,159,ES1 2,0.0
mean,2040,52,160,ES1 2,0.0
mean,2040,52,161,ES1 2,0.0
mean,2040,52,162,ES1 2,0.0
mean,2040,52,163,ES1 2,0.0
mean,2040,52,164,ES1 2,0.0
mean,2040,52,165,ES1 2,0.0
mean,2040,52,166,ES1 2,0.0
mean,2040,52,167,ES1 2,0.0
mean,2050,11,0,ES1 2,0.0
mean,2050,11,1,ES1 2,0.0
mean,2050,11,2,ES1 2,0.0
mean,2050,11,3,ES1 2,0.0
mean,2050,11,4,ES1 2,0.0
mean,2050,11,5,ES1 2,0.0
mean,2050,11,6,ES1 2,0.0
mean,2050,11,7,ES1 2,0.0
mean,2050,11,8,ES1 2,0.0
mean,2050,11,9,ES1 2,0.0
mean,2050,11,10,ES1 2,0.0
mean,2050,11,11,ES1 2,0.0
mean,2050,11,12,ES1 2,0.0
mean,2050,11,13,ES1 2,0.0
mean,2050,11,14,ES1 2,0.0
mean,2050,11,15,ES1 2,0.0
mean,2050,11,16,ES1 2,0.0
mean,2050,11,17,ES1 2,0.0
mean,2050,11,18,ES1 2,0.0
mean,2050,11,19,ES1 2,0.0
mean,2050,11,20,ES1 2,0.0
mean,2050,11,21,ES1 2,0.0
mean,2050,11,22,ES1 2,0.0
mean,2050,11,23,ES1 2,0.0
mean,2050,11,24,ES1 2,0.0
mean,2050,11,25,ES1 2,0.0
mean,2050,11,26,ES1 2,0.0
mean,2050,11,27,ES1 2,0.0
mean,2050,11,28,ES1 2,0.0
mean,2050,11,29,ES1 2,0.0
mean,2050,11,30,ES1 2,0.0
mean,2050,11,31,ES1 2,0.0
mean,2050,11,32,ES1 2,0.0
mean,2050,11,33,ES1 2,0.0
mean,2050,11,34,ES1 2,0.0
mean,2050,11,35,ES1 2,0.0
mean,2050,11,36,ES1 2,0.0
mean,2050,11,37,ES1 2,0.0
mean,2050,11,38,ES1 2,0.0
mean,2050,11,39,ES1 2,0.0
mean,2050,11,40,ES1 2,0.0
mean,2050,11,41,ES1 2,0.0
mean,2050,11,42,ES1 2,0.0
mean,2050,11,43,ES1 2,0.0
mean,2050,11,44,ES1 2,0.0
mean,2050,11,45,ES1 2,0.0
mean,2050,11,46,ES1 2,0.0
mean,2050,11,47,ES1 2,0.0
mean,2050,11,48,ES1 2,0.0
mean,2050,11,49,ES1 2,0.0
mean,2050,11,50,ES1 2,0.0
mean,2050,11,51,ES1 2,0.0
mean,2050,11,52,ES1 2,0.0
mean,2050,11,53,ES1 2,0.0
mean,2050,11,54,ES1 2,0.0
mean,2050,11,55,ES1 2,0.0
mean,2050,11,56,ES1 2,0.0
mean,2050,11,57,ES1 2,0.0
mean,2050,11,58,ES1 2,0.0
mean,2050,11,59,ES1 2,0.0
mean,2050,11,60,ES1 2,0.0
mean,2050,11,61,ES1 2,0.0
mean,2050,11,62,ES1 2,0.0
mean,2050,11,63,ES1 2,0.0
mean,2050,11,64,ES1 2,0.0
mean,2050,11,65,ES1 2,0.0
mean,2050,11,66,ES1 2,0.0
mean,2050,11,67,ES1 2,0.0
mean,2050,11,68,ES1 2,0.0
mean,2050,11,69,ES1 2,0.0
mean,2050,11,70,ES1 2,0.0
mean,2050,11,71,ES1 2,0.0
mean,2050,11,72,ES1 2,0.0
mean,2050,11,73,ES1 2,0.0
mean,2050,11,74,ES1 2,0.0
mean,2050,11,75,ES1 2,0.0
mean,2050,11,76,ES1 2,0.0
mean,2050,11,77,ES1 2,0.0
mean,2050,11,78,ES1 2,0.0
mean,2050,11,79,ES1 2,0.0
mean,2050,11,80,ES1 2,0.0
mean,2050,11,81,ES1 2,0.0
mean,2050,11,82,ES1 2,0.0
mean,2050,11,83,ES1 2,0.0
mean,2050,11,84,ES1 2,0.0
mean,2050,11,85,ES1 2,0.0
mean,2050,11,86,ES1 2,0.0
mean,2050,11,87,ES1 2,0.0
mean,2050,11,88,ES1 2,0.0
mean,2050,11,89,ES1 2,0.0
mean,2050,11,90,ES1 2,0.0
mean,2050,11,91,ES1 2,0.0
mean,2050,11,92,ES1 2,0.0
mean,2050,11,93,ES1 2,0.0
mean,2050,11,94,ES1 2,0.0
mean,2050,11,95,ES1 2,0.0
mean,2050,11,96,ES1 2,0.0
mean,2050,11,97,ES1 2,0.0
mean,2050,11,98,ES1 2,0.0
mean,2050,11,99,ES1 2,0.0
mean,2050,11,100,ES1 2,0.0
mean,2050,11,101,ES1 2,0.0
mean,2050,11,102,ES1 2,0.0
mean,2050,11,103,ES1 2,0.0
mean,2050,11,104,ES1 2,0.0
mean,2050,11,105,ES1 2,0.0
mean,2050,11,106,ES1 2,0.0
mean,2050,11,107,ES1 2,0.0
mean,2050,11,108,ES1 2,0.0
mean,2050,11,109,ES1 2,0.0
mean,2050,11,110,ES1 2,0.0
mean,2050,11,111,ES1 2,0.0
mean,2050,11,112,ES1 2,0.0
mean,2050,11,113,ES1 2,0.0
mean,2050,11,114,ES1 2,0.0
mean,2050,11,115,ES1 2,0.0
mean,2050,11,116,ES1 2,0.0
mean,2050,11,117,ES1 2,0.0
mean,2050,11,118,ES1 2,0.0
mean,2050,11,119,ES1 2,0.0
mean,2050,11,120,ES1 2,0.0
mean,2050,11,121,ES1 2,0.0
mean,2050,11,122,ES1 2,0.0
mean,2050,11,123,ES1 2,0.0
mean,2050,11,124,ES1 2,0.0
mean,2050,11,125,ES1 2,0.0
mean,2050,11,126,ES1 2,0.0
mean,2050,11,127,ES1 2,0.0
mean,2050,11,128,ES1 2,0.0
mean,2050,11,129,ES1 2,0.0
mean,2050,11,130,ES1 2,0.0
mean,2050,11,131,ES1 2,0.0
mean,2050,11,132,ES1 2,0.0
mean,2050,11,133,ES1 2,0.0
mean,2050,11,134,ES1 2,0.0
mean,2050,11,135,ES1 2,0.0
mean,2050,11,136,ES1 2,0.0
mean,2050,11,137,ES1 2,0.0
mean,2050,11,138,ES1 2,0.0
mean,2050,11,139,ES1 2,0.0
mean,2050,11,140,ES1 2,0.0
mean,2050,11,141,ES1 2,0.0
mean,2050,11,142,ES1 2,0.0
mean,2050,11,143,ES1 2,0.0
mean,2050,11,144,ES1 2,0.0
mean,2050,11,145,ES1 2,0.0
mean,2050,11,146,ES1 2,0.0
mean,2050,11,147,ES1 2,0.0
mean,2050,11,148,ES1 2,0.0
mean,2050,11,149,ES1 2,0.0
mean,2050,11,150,ES1 2,0.0
mean,2050,11,151,ES1 2,0.0
mean,2050,11,152,ES1 2,0.0
mean,2050,11,153,ES1 2,0.0
mean,2050,11,154,ES1 2,0.0
mean,2050,11,155,ES1 2,0.0
mean,2050,11,156,ES1 2,0.0
mean,2050,11,157,ES1 2,0.0
mean,2050,11,158,ES1 2,0.0
mean,2050,11,159,ES1 2,0.0
mean,2050,11,160,ES1 2,0.0
mean,2050,11,161,ES1 2,0.0
mean,2050,11,162,ES1 2,0.0
mean,2050,11,163,ES1 2,0.0
mean,2050,11,164,ES1 2,0.0
mean,2050,11,165,ES1 2,0.0
mean,2050,11,166,ES1 2,0.0
mean,2050,11,167,ES1 2,0.0
mean,2050,21,0,ES1 2,0.0
mean,2050,21,1,ES1 2,0.0
mean,2050,21,2,ES1 2,0.0
mean,2050,21,3,ES1 2,0.0
mean,2050,21,4,ES1 2,0.0
mean,2050,21,5,ES1 2,0.0
mean,2050,21,6,ES1 2,0.0
mean,2050,21,7,ES1 2,0.0
mean,2050,21,8,ES1 2,0.0
mean,2050,21,9,ES1 2,0.0
mean,2050,21,10,ES1 2,0.0
mean,2050,21,11,ES1 2,0.0
mean,2050,21,12,ES1 2,0.0
mean,2050,21,13,ES1 2,0.0
mean,2050,21,14,ES1 2,0.0
mean,2050,21,15,ES1 2,0.0
mean,2050,21,16,ES1 2,0.0
mean,2050,21,17,ES1 2,0.0
mean,2050,21,18,ES1 2,0.0
mean,2050,21,19,ES1 2,0.0
mean,2050,21,20,ES1 2,0.0
mean,2050,21,21,ES1 2,0.0
mean,2050,21,22,ES1 2,0.0
mean,2050,21,23,ES1 2,0.0
mean,2050,21,24,ES1 2,0.0
mean,2050,21,25,ES1 2,0.0
mean,2050,21,26,ES1 2,0.0
mean,2050,21,27,ES1 2,0.0
mean,2050,21,28,ES1 2,0.0
mean,2050,21,29,ES1 2,0.0
mean,2050,21,30,ES1 2,0.0
mean,2050,21,31,ES1 2,0.0
mean,2050,21,32,ES1 2,0.0
mean,2050,21,33,ES1 2,0.0
mean,2050,21,34,ES1 2,0.0
mean,2050,21,35,ES1 2,0.0
mean,2050,21,36,ES1 2,0.0
mean,2050,21,37,ES1 2,0.0
mean,2050,21,38,ES1 2,0.0
mean,2050,21,39,ES1 2,0.0
mean,2050,21,40,ES1 2,0.0
mean,2050,21,41,ES1 2,0.0
mean,2050,21,42,ES1 2,0.0
mean,2050,21,43,ES1 2,0.0
mean,2050,21,44,ES1 2,0.0
mean,2050,21,45,ES1 2,0.0
mean,2050,21,46,ES1 2,0.0
mean,2050,21,47,ES1 2,0.0
mean,2050,21,48,ES1 2,0.0
mean,2050,21,49,ES1 2,0.0
mean,2050,21,50,ES1 2,0.0
mean,2050,21,51,ES1 2,0.0
mean,2050,21,52,ES1 2,0.0
mean,2050,21,53,ES1 2,0.0
mean,2050,21,54,ES1 2,0.0
mean,2050,21,55,ES1 2,0.0
mean,2050,21,56,ES1 2,0.0
mean,2050,21,57,ES1 2,0.0
mean,2050,21,58,ES1 2,0.0
mean,2050,21,59,ES1 2,0.0
mean,2050,21,60,ES1 2,0.0
mean,2050,21,61,ES1 2,0.0
mean,2050,21,62,ES1 2,0.0
mean,2050,21,63,ES1 2,0.0
mean,2050,21,64,ES1 2,0.0
mean,2050,21,65,ES1 2,0.0
mean,2050,21,66,ES1 2,0.0
mean,2050,21,67,ES1 2,0.0
mean,2050,21,68,ES1 2,0.0
mean,2050,21,69,ES1 2,0.0
mean,2050,21,70,ES1 2,0.0
mean,2050,21,71,ES1 2,0.0
mean,2050,21,72,ES1 2,0.0
mean,2050,21,73,ES1 2,0.0
mean,2050,21,74,ES1 2,0.0
mean,2050,21,75,ES1 2,0.0
mean,2050,21,76,ES1 2,0.0
mean,2050,21,77,ES1 2,0.0
mean,2050,21,78,ES1 2,0.0
mean,2050,21,79,ES1 2,0.0
mean,2050,21,80,ES1 2,0.0
mean,2050,21,81,ES1 2,0.0
mean,2050,21,82,ES1 2,0.0
mean,2050,21,83,ES1 2,0.0
mean,2050,21,84,ES1 2,0.0
mean,2050,21,85,ES1 2,0.0
mean,2050,21,86,ES1 2,0.0
mean,2050,21,87,ES1 2,0.0
mean,2050,21,88,ES1 2,0.0
mean,2050,21,89,ES1 2,0.0
mean,2050,21,90,ES1 2,0.0
mean,2050,21,91,ES1 2,0.0
mean,2050,21,92,ES1 2,0.0
mean,2050,21,93,ES1 2,0.0
mean,2050,21,94,ES1 2,0.0
mean,2050,21,95,ES1 2,0.0
mean,2050,21,96,ES1 2,0.0
mean,2050,21,97,ES1 2,0.0
mean,2050,21,98,ES1 2,0.0
mean,2050,21,99,ES1 2,0.0
mean,2050,21,100,ES1 2,0.0
mean,2050,21,101,ES1 2,0.0
mean,2050,21,102,ES1 2,0.0
mean,2050,21,103,ES1 2,0.0
mean,2050,21,104,ES1 2,0.0
mean,2050,21,105,ES1 2,0.0
mean,2050,21,106,ES1 2,0.0
mean,2050,21,107,ES1 2,0.0
mean,2050,21,108,ES1 2,0.0
mean,2050,21,109,ES1 2,0.0
mean,2050,21,110,ES1 2,0.0
mean,2050,21,111,ES1 2,0.0
mean,2050,21,112,ES1 2,0.0
mean,2050,21,113,ES1 2,0.0
mean,2050,21,114,ES1 2,0.0
mean,2050,21,115,ES1 2,0.0
mean,2050,21,116,ES1 2,0.0
mean,2050,21,117,ES1 2,0.0
mean,2050,21,118,ES1 2,0.0
mean,2050,21,119,ES1 2,0.0
mean,2050,21,120,ES1 2,0.0
mean,2050,21,121,ES1 2,0.0
mean,2050,21,122,ES1 2,0.0
mean,2050,21,123,ES1 2,0.0
mean,2050,21,124,ES1 2,0.0
mean,2050,21,125,ES1 2,0.0
mean,2050,21,126,ES1 2,0.0
mean,2050,21,127,ES1 2,0.0
mean,2050,21,128,ES1 2,0.0
mean,2050,21,129,ES1 2,0.0
mean,2050,21,130,ES1 2,0.0
mean,2050,21,131,ES1 2,0.0
mean,2050,21,132,ES1 2,0.0
mean,2050,21,133,ES1 2,0.0
mean,2050,21,134,ES1 2,0.0
mean,2050,21,135,ES1 2,0.0
mean,2050,21,136,ES1 2,0.0
mean,2050,21,137,ES1 2,0.0
mean,2050,21,138,ES1 2,0.0
mean,2050,21,139,ES1 2,0.0
mean,2050,21,140,ES1 2,0.0
mean,2050,21,141,ES1 2,0.0
mean,2050,21,142,ES1 2,0.0
mean,2050,21,143,ES1 2,0.0
mean,2050,21,144,ES1 2,0.0
mean,2050,21,145,ES1 2,0.0
mean,2050,21,146,ES1 2,0.0
mean,2050,21,147,ES1 2,0.0
mean,2050,21,148,ES1 2,0.0
mean,2050,21,149,ES1 2,0.0
mean,2050,21,150,ES1 2,0.0
mean,2050,21,151,ES1 2,0.0
mean,2050,21,152,ES1 2,0.0
mean,2050,21,153,ES1 2,0.0
mean,2050,21,154,ES1 2,0.0
mean,2050,21,155,ES1 2,0.0
mean,2050,21,156,ES1 2,0.0
mean,2050,21,157,ES1 2,0.0
mean,2050,21,158,ES1 2,0.0
mean,2050,21,159,ES1 2,0.0
mean,2050,21,160,ES1 2,0.0
mean,2050,21,161,ES1 2,0.0
mean,2050,21,162,ES1 2,0.0
mean,2050,21,163,ES1 2,0.0
mean,2050,21,164,ES1 2,0.0
mean,2050,21,165,ES1 2,0.0
mean,2050,21,166,ES1 2,0.0
mean,2050,21,167,ES1 2,0.0
mean,2050,42,0,ES1 2,0.0
mean,2050,42,1,ES1 2,0.0
mean,2050,42,2,ES1 2,0.0
mean,2050,42,3,ES1 2,0.0
mean,2050,42,4,ES1 2,0.0
mean,2050,42,5,ES1 2,0.0
mean,2050,42,6,ES1 2,0.0
mean,2050,42,7,ES1 2,0.0
mean,2050,42,8,ES1 2,0.0
mean,2050,42,9,ES1 2,0.0
mean,2050,42,10,ES1 2,0.0
mean,2050,42,11,ES1 2,0.0
mean,2050,42,12,ES1 2,0.0
mean,2050,42,13,ES1 2,0.0
mean,2050,42,14,ES1 2,0.0
mean,2050,42,15,ES1 2,0.0
mean,2050,42,16,ES1 2,0.0
mean,2050,42,17,ES1 2,0.0
mean,2050,42,18,ES1 2,0.0
mean,2050,42,19,ES1 2,0.0
mean,2050,42,20,ES1 2,0.0
mean,2050,42,21,ES1 2,0.0
mean,2050,42,22,ES1 2,0.0
mean,2050,42,23,ES1 2,0.0
mean,2050,42,24,ES1 2,0.0
mean,2050,42,25,ES1 2,0.0
mean,2050,42,26,ES1 2,0.0
mean,2050,42,27,ES1 2,0.0
mean,2050,42,28,ES1 2,0.0
mean,2050,42,29,ES1 2,0.0
mean,2050,42,30,ES1 2,0.0
mean,2050,42,31,ES1 2,0.0
mean,2050,42,32,ES1 2,0.0
mean,2050,42,33,ES1 2,0.0
mean,2050,42,34,ES1 2,0.0
mean,2050,42,35,ES1 2,0.0
mean,2050,42,36,ES1 2,0.0
mean,2050,42,37,ES1 2,0.0
mean,2050,42,38,ES1 2,0.0
mean,2050,42,39,ES1 2,0.0
mean,2050,42,40,ES1 2,0.0
mean,2050,42,41,ES1 2,0.0
mean,2050,42,42,ES1 2,0.0
mean,2050,42,43,ES1 2,0.0
mean,2050,42,44,ES1 2,0.0
mean,2050,42,45,ES1 2,0.0
mean,2050,42,46,ES1 2,0.0
mean,2050,42,47,ES1 2,0.0
mean,2050,42,48,ES1 2,0.0
mean,2050,42,49,ES1 2,0.0
mean,2050,42,50,ES1 2,0.0
mean,2050,42,51,ES1 2,0.0
mean,2050,42,52,ES1 2,0.0
mean,2050,42,53,ES1 2,0.0
mean,2050,42,54,ES1 2,0.0
mean,2050,42,55,ES1 2,0.0
mean,2050,42,56,ES1 2,0.0
mean,2050,42,57,ES1 2,0.0
mean,2050,42,58,ES1 2,0.0
mean,2050,42,59,ES1 2,0.0
mean,2050,42,60,ES1 2,0.0
mean,2050,42,61,ES1 2,0.0
mean,2050,42,62,ES1 2,0.0
mean,2050,42,63,ES1 2,0.0
mean,2050,42,64,ES1 2,0.0
mean,2050,42,65,ES1 2,0.0
mean,2050,42,66,ES1 2,0.0
mean,2050,42,67,ES1 2,0.0
mean,2050,42,68,ES1 2,0.0
mean,2050,42,69,ES1 2,0.0
mean,2050,42,70,ES1 2,0.0
mean,2050,42,71,ES1 2,0.0
mean,2050,42,72,ES1 2,0.0
mean,2050,42,73,ES1 2,0.0
mean,2050,42,74,ES1 2,0.0
mean,2050,42,75,ES1 2,0.0
mean,2050,42,76,ES1 2,0.0
mean,2050,42,77,ES1 2,0.0
mean,2050,42,78,ES1 2,0.0
mean,2050,42,79,ES1 2,0.0
mean,2050,42,80,ES1 2,0.0
mean,2050,42,81,ES1 2,0.0
mean,2050,42,82,ES1 2,0.0
mean,2050,42,83,ES1 2,0.0
mean,2050,42,84,ES1 2,0.0
mean,2050,42,85,ES1 2,0.0
mean,2050,42,86,ES1 2,0.0
mean,2050,42,87,ES1 2,0.0
mean,2050,42,88,ES1 2,0.0
mean,2050,42,89,ES1 2,0.0
mean,2050,42,90,ES1 2,0.0
mean,2050,42,91,ES1 2,0.0
mean,2050,42,92,ES1 2,0.0
mean,2050,42,93,ES1 2,0.0
mean,2050,42,94,ES1 2,0.0
mean,2050,42,95,ES1 2,0.0
mean,2050,42,96,ES1 2,0.0
mean,2050,42,97,ES1 2,0.0
mean,2050,42,98,ES1 2,0.0
mean,2050,42,99,ES1 2,0.0
mean,2050,42,100,ES1 2,0.0
mean,2050,42,101,ES1 2,0.0
mean,2050,42,102,ES1 2,0.0
mean,2050,42,103,ES1 2,0.0
mean,2050,42,104,ES1 2,0.0
mean,2050,42,105,ES1 2,0.0
mean,2050,42,106,ES1 2,0.0
mean,2050,42,107,ES1 2,0.0
mean,2050,42,108,ES1 2,0.0
mean,2050,42,109,ES1 2,0.0
mean,2050,42,110,ES1 2,0.0
mean,2050,42,111,ES1 2,0.0
mean,2050,42,112,ES1 2,0.0
mean,2050,42,113,ES1 2,0.0
mean,2050,42,114,ES1 2,0.0
mean,2050,42,115,ES1 2,0.0
mean,2050,42,116,ES1 2,0.0
mean,2050,42,117,ES1 2,0.0
mean,2050,42,118,ES1 2,0.0
mean,2050,42,119,ES1 2,0.0
mean,2050,42,120,ES1 2,0.0
mean,2050,42,121,ES1 2,0.0
mean,2050,42,122,ES1 2,0.0
mean,2050,42,123,ES1 2,0.0
mean,2050,42,124,ES1 2,0.0
mean,2050,42,125,ES1 2,0.0
mean,2050,42,126,ES1 2,0.0
mean,2050,42,127,ES1 2,0.0
mean,2050,42,128,ES1 2,0.0
mean,2050,42,129,ES1 2,0.0
mean,2050,42,130,ES1 2,0.0
mean,2050,42,131,ES1 2,0.0
mean,2050,42,132,ES1 2,0.0
mean,2050,42,133,ES1 2,0.0
mean,2050,42,134,ES1 2,0.0
mean,2050,42,135,ES1 2,0.0
mean,2050,42,136,ES1 2,0.0
mean,2050,42,137,ES1 2,0.0
mean,2050,42,138,ES1 2,0.0
mean,2050,42,139,ES1 2,0.0
mean,2050,42,140,ES1 2,0.0
mean,2050,42,141,ES1 2,0.0
mean,2050,42,142,ES1 2,0.0
mean,2050,42,143,ES1 2,0.0
mean,2050,42,144,ES1 2,0.0
mean,2050,42,145,ES1 2,0.0
mean,2050,42,146,ES1 2,0.0
mean,2050,42,147,ES1 2,0.0
mean,2050,42,148,ES1 2,0.0
mean,2050,42,149,ES1 2,0.0
mean,2050,42,150,ES1 2,0.0
mean,2050,42,151,ES1 2,0.0
mean,2050,42,152,ES1 2,0.0
mean,2050,42,153,ES1 2,0.0
mean,2050,42,154,ES1 2,0.0
mean,2050,42,155,ES1 2,0.0
mean,2050,42,156,ES1 2,0.0
mean,2050,42,157,ES1 2,0.0
mean,2050,42,158,ES1 2,0.0
mean,2050,42,159,ES1 2,0.0
mean,2050,42,160,ES1 2,0.0
mean,2050,42,161,ES1 2,0.0
mean,2050,42,162,ES1 2,0.0
mean,2050,42,163,ES1 2,0.0
mean,2050,42,164,ES1 2,0.0
mean,2050,42,165,ES1 2,0.0
mean,2050,42,166,ES1 2,0.0
mean,2050,42,167,ES1 2,0.0
mean,2050,52,0,ES1 2,0.0
mean,2050,52,1,ES1 2,0.0
mean,2050,52,2,ES1 2,0.0
mean,2050,52,3,ES1 2,0.0
mean,2050,52,4,ES1 2,0.0
mean,2050,52,5,ES1 2,0.0
mean,2050,52,6,ES1 2,0.0
mean,2050,52,7,ES1 2,0.0
mean,2050,52,8,ES1 2,0.0
mean,2050,52,9,ES1 2,0.0
mean,2050,52,10,ES1 2,0.0
mean,2050,52,11,ES1 2,0.0
mean,2050,52,12,ES1 2,0.0
mean,2050,52,13,ES1 2,0.0
mean,2050,52,14,ES1 2,0.0
mean,2050,52,15,ES1 2,0.0
mean,2050,52,16,ES1 2,0.0
mean,2050,52,17,ES1 2,0.0
mean,2050,52,18,ES1 2,0.0
mean,2050,52,19,ES1 2,0.0
mean,2050,52,20,ES1 2,0.0
mean,2050,52,21,ES1 2,0.0
mean,2050,52,22,ES1 2,0.0
mean,2050,52,23,ES1 2,0.0
mean,2050,52,24,ES1 2,0.0
mean,2050,52,25,ES1 2,0.0
mean,2050,52,26,ES1 2,0.0
mean,2050,52,27,ES1 2,0.0
mean,2050,52,28,ES1 2,0.0
mean,2050,52,29,ES1 2,0.0
mean,2050,52,30,ES1 2,0.0
mean,2050,52,31,ES1 2,0.0
mean,2050,52,32,ES1 2,0.0
mean,2050,52,33,ES1 2,0.0
mean,2050,52,34,ES1 2,0.0
mean,2050,52,35,ES1 2,0.0
mean,2050,52,36,ES1 2,0.0
mean,2050,52,37,ES1 2,0.0
mean,2050,52,38,ES1 2,0.0
mean,2050,52,39,ES1 2,0.0
mean,2050,52,40,ES1 2,0.0
mean,2050,52,41,ES1 2,0.0
mean,2050,52,42,ES1 2,0.0
mean,2050,52,43,ES1 2,0.0
mean,2050,52,44,ES1 2,0.0
mean,2050,52,45,ES1 2,0.0
mean,2050,52,46,ES1 2,0.0
mean,2050,52,47,ES1 2,0.0
mean,2050,52,48,ES1 2,0.0
mean,2050,52,49,ES1 2,0.0
mean,2050,52,50,ES1 2,0.0
mean,2050,52,51,ES1 2,0.0
mean,2050,52,52,ES1 2,0.0
mean,2050,52,53,ES1 2,0.0
mean,2050,52,54,ES1 2,0.0
mean,2050,52,55,ES1 2,0.0
mean,2050,52,56,ES1 2,0.0
mean,2050,52,57,ES1 2,0.0
mean,2050,52,58,ES1 2,0.0
mean,2050,52,59,ES1 2,0.0
mean,2050,52,60,ES1 2,0.0
mean,2050,52,61,ES1 2,0.0
mean,2050,52,62,ES1 2,0.0
mean,2050,52,63,ES1 2,0.0
mean,2050,52,64,ES1 2,0.0
mean,2050,52,65,ES1 2,0.0
mean,2050,52,66,ES1 2,0.0
mean,2050,52,67,ES1 2,0.0
mean,2050,52,68,ES1 2,0.0
mean,2050,52,69,ES1 2,0.0
mean,2050,52,70,ES1 2,0.0
mean,2050,52,71,ES1 2,0.0
mean,2050,52,72,ES1 2,0.0
mean,2050,52,73,ES1 2,0.0
mean,2050,52,74,ES1 2,0.0
mean,2050,52,75,ES1 2,0.0
mean,2050,52,76,ES1 2,0.0
mean,2050,52,77,ES1 2,0.0
mean,2050,52,78,ES1 2,0.0
mean,2050,52,79,ES1 2,0.0
mean,2050,52,80,ES1 2,0.0
mean,2050,52,81,ES1 2,0.0
mean,2050,52,82,ES1 2,0.0
mean,2050,52,83,ES1 2,0.0
mean,2050,52,84,ES1 2,0.0
mean,2050,52,85,ES1 2,0.0
mean,2050,52,86,ES1 2,0.0
mean,2050,52,87,ES1 2,0.0
mean,2050,52,88,ES1 2,0.0
mean,2050,52,89,ES1 2,0.0
mean,2050,52,90,ES1 2,0.0
mean,2050,52,91,ES1 2,0.0
mean,2050,52,92,ES1 2,0.0
mean,2050,52,93,ES1 2,0.0
mean,2050,52,94,ES1 2,0.0
mean,2050,52,95,ES1 2,0.0
mean,2050,52,96,ES1 2,0.0
mean,2050,52,97,ES1 2,0.0
mean,2050,52,98,ES1 2,0.0
mean,2050,52,99,ES1 2,0.0
mean,2050,52,100,ES1 2,0.0
mean,2050,52,101,ES1 2,0.0
mean,2050,52,102,ES1 2,0.0
mean,2050,52,103,ES1 2,0.0
mean,2050,52,104,ES1 2,0.0
mean,2050,52,105,ES1 2,0.0
mean,2050,52,106,ES1 2,0.0
mean,2050,52,107,ES1 2,0.0
mean,2050,52,108,ES1 2,0.0
mean,2050,52,109,ES1 2,0.0
mean,2050,52,110,ES1 2,0.0
mean,2050,52,111,ES1 2,0.0
mean,2050,52,112,ES1 2,0.0
mean,2050,52,113,ES1 2,0.0
mean,2050,52,114,ES1 2,0.0
mean,2050,52,115,ES1 2,0.0
mean,2050,52,116,ES1 2,0.0
mean,2050,52,117,ES1 2,0.0
mean,2050,52,118,ES1 2,0.0
mean,2050,52,119,ES1 2,0.0
mean,2050,52,120,ES1 2,0.0
mean,2050,52,121,ES1 2,0.0
mean,2050,52,122,ES1 2,0.0
mean,2050,52,123,ES1 2,0.0
mean,2050,52,124,ES1 2,0.0
mean,2050,52,125,ES1 2,0.0
mean,2050,52,126,ES1 2,0.0
mean,2050,52,127,ES1 2,0.0
mean,2050,52,128,ES1 2,0.0
mean,2050,52,129,ES1 2,0.0
mean,2050,52,130,ES1 2,0.0
mean,2050,52,131,ES1 2,0.0
mean,2050,52,132,ES1 2,0.0
mean,2050,52,133,ES1 2,0.0
mean,2050,52,134,ES1 2,0.0
mean,2050,52,135,ES1 2,0.0
mean,2050,52,136,ES1 2,0.0
mean,2050,52,137,ES1 2,0.0
mean,2050,52,138,ES1 2,0.0
mean,2050,52,139,ES1 2,0.0
mean,2050,52,140,ES1 2,0.0
mean,2050,52,141,ES1 2,0.0
mean,2050,52,142,ES1 2,0.0
mean,2050,52,143,ES1 2,0.0
mean,2050,52,144,ES1 2,0.0
mean,2050,52,145,ES1 2,0.0
mean,2050,52,146,ES1 2,0.0
mean,2050,52,147,ES1 2,0.0
mean,2050,52,148,ES1 2,0.0
mean,2050,52,149,ES1 2,0.0
mean,2050,52,150,ES1 2,0.0
mean,2050,52,151,ES1 2,0.0
mean,2050,52,152,ES1 2,0.0
mean,2050,52,153,ES1 2,0.0
mean,2050,52,154,ES1 2,0.0
mean,2050,52,155,ES1 2,0.0
mean,2050,52,156,ES1 2,0.0
mean,2050,52,157,ES1 2,0.0
mean,2050,52,158,ES1 2,0.0
mean,2050,52,159,ES1 2,0.0
mean,2050,52,160,ES1 2,0.0
mean,2050,52,161,ES1 2,0.0
mean,2050,52,162,ES1 2,0.0
mean,2050,52,163,ES1 2,0.0
mean,2050,52,164,ES1 2,0.0
mean,2050,52,165,ES1 2,0.0
mean,2050,52,166,ES1 2,0.0
mean,2050,52,167,ES1 2,0.0
mean,2025,11,0,ES1 3,0.0
mean,2025,11,1,ES1 3,0.0
mean,2025,11,2,ES1 3,0.0
mean,2025,11,3,ES1 3,0.0
mean,2025,11,4,ES1 3,0.0
mean,2025,11,5,ES1 3,0.0
mean,2025,11,6,ES1 3,0.0
mean,2025,11,7,ES1 3,0.0
mean,2025,11,8,ES1 3,0.0
mean,2025,11,9,ES1 3,0.0
mean,2025,11,10,ES1 3,0.0
mean,2025,11,11,ES1 3,0.0
mean,2025,11,12,ES1 3,0.0
mean,2025,11,13,ES1 3,0.0
mean,2025,11,14,ES1 3,0.0
mean,2025,11,15,ES1 3,0.0
mean,2025,11,16,ES1 3,0.0
mean,2025,11,17,ES1 3,0.0
mean,2025,11,18,ES1 3,0.0
mean,2025,11,19,ES1 3,0.0
mean,2025,11,20,ES1 3,0.0
mean,2025,11,21,ES1 3,0.0
mean,2025,11,22,ES1 3,0.0
mean,2025,11,23,ES1 3,0.0
mean,2025,11,24,ES1 3,0.0
mean,2025,11,25,ES1 3,0.0
mean,2025,11,26,ES1 3,0.0
mean,2025,11,27,ES1 3,0.0
mean,2025,11,28,ES1 3,0.0
mean,2025,11,29,ES1 3,0.0
mean,2025,11,30,ES1 3,0.0
mean,2025,11,31,ES1 3,0.0
mean,2025,11,32,ES1 3,0.0
mean,2025,11,33,ES1 3,0.0
mean,2025,11,34,ES1 3,0.0
mean,2025,11,35,ES1 3,0.0
mean,2025,11,36,ES1 3,0.0
mean,2025,11,37,ES1 3,0.0
mean,2025,11,38,ES1 3,0.0
mean,2025,11,39,ES1 3,0.0
mean,2025,11,40,ES1 3,0.0
mean,2025,11,41,ES1 3,0.0
mean,2025,11,42,ES1 3,0.0
mean,2025,11,43,ES1 3,0.0
mean,2025,11,44,ES1 3,0.0
mean,2025,11,45,ES1 3,0.0
mean,2025,11,46,ES1 3,0.0
mean,2025,11,47,ES1 3,0.0
mean,2025,11,48,ES1 3,0.0
mean,2025,11,49,ES1 3,0.0
mean,2025,11,50,ES1 3,0.0
mean,2025,11,51,ES1 3,0.0
mean,2025,11,52,ES1 3,0.0
mean,2025,11,53,ES1 3,0.0
mean,2025,11,54,ES1 3,0.0
mean,2025,11,55,ES1 3,0.0
mean,2025,11,56,ES1 3,0.0
mean,2025,11,57,ES1 3,0.0
mean,2025,11,58,ES1 3,0.0
mean,2025,11,59,ES1 3,0.0
mean,2025,11,60,ES1 3,0.0
mean,2025,11,61,ES1 3,0.0
mean,2025,11,62,ES1 3,0.0
mean,2025,11,63,ES1 3,0.0
mean,2025,11,64,ES1 3,0.0
mean,2025,11,65,ES1 3,0.0
mean,2025,11,66,ES1 3,0.0
mean,2025,11,67,ES1 3,0.0
mean,2025,11,68,ES1 3,0.0
mean,2025,11,69,ES1 3,0.0
mean,2025,11,70,ES1 3,0.0
mean,2025,11,71,ES1 3,0.0
mean,2025,11,72,ES1 3,0.0
mean,2025,11,73,ES1 3,0.0
mean,2025,11,74,ES1 3,0.0
mean,2025,11,75,ES1 3,0.0
mean,2025,11,76,ES1 3,0.0
mean,2025,11,77,ES1 3,0.0
mean,2025,11,78,ES1 3,0.0
mean,2025,11,79,ES1 3,0.0
mean,2025,11,80,ES1 3,0.0
mean,2025,11,81,ES1 3,0.0
mean,2025,11,82,ES1 3,0.0
mean,2025,11,83,ES1 3,0.0
mean,2025,11,84,ES1 3,0.0
mean,2025,11,85,ES1 3,0.0
mean,2025,11,86,ES1 3,0.0
mean,2025,11,87,ES1 3,0.0
mean,2025,11,88,ES1 3,0.0
mean,2025,11,89,ES1 3,0.0
mean,2025,11,90,ES1 3,0.0
mean,2025,11,91,ES1 3,0.0
mean,2025,11,92,ES1 3,0.0
mean,2025,11,93,ES1 3,0.0
mean,2025,11,94,ES1 3,0.0
mean,2025,11,95,ES1 3,0.0
mean,2025,11,96,ES1 3,0.0
mean,2025,11,97,ES1 3,0.0
mean,2025,11,98,ES1 3,0.0
mean,2025,11,99,ES1 3,0.0
mean,2025,11,100,ES1 3,0.0
mean,2025,11,101,ES1 3,0.0
mean,2025,11,102,ES1 3,0.0
mean,2025,11,103,ES1 3,0.0
mean,2025,11,104,ES1 3,0.0
mean,2025,11,105,ES1 3,0.0
mean,2025,11,106,ES1 3,0.0
mean,2025,11,107,ES1 3,0.0
mean,2025,11,108,ES1 3,0.0
mean,2025,11,109,ES1 3,0.0
mean,2025,11,110,ES1 3,0.0
mean,2025,11,111,ES1 3,0.0
mean,2025,11,112,ES1 3,0.0
mean,2025,11,113,ES1 3,0.0
mean,2025,11,114,ES1 3,0.0
mean,2025,11,115,ES1 3,0.0
mean,2025,11,116,ES1 3,0.0
mean,2025,11,117,ES1 3,0.0
mean,2025,11,118,ES1 3,0.0
mean,2025,11,119,ES1 3,0.0
mean,2025,11,120,ES1 3,0.0
mean,2025,11,121,ES1 3,0.0
mean,2025,11,122,ES1 3,0.0
mean,2025,11,123,ES1 3,0.0
mean,2025,11,124,ES1 3,0.0
mean,2025,11,125,ES1 3,0.0
mean,2025,11,126,ES1 3,0.0
mean,2025,11,127,ES1 3,0.0
mean,2025,11,128,ES1 3,0.0
mean,2025,11,129,ES1 3,0.0
mean,2025,11,130,ES1 3,0.0
mean,2025,11,131,ES1 3,0.0
mean,2025,11,132,ES1 3,0.0
mean,2025,11,133,ES1 3,0.0
mean,2025,11,134,ES1 3,0.0
mean,2025,11,135,ES1 3,0.0
mean,2025,11,136,ES1 3,0.0
mean,2025,11,137,ES1 3,0.0
mean,2025,11,138,ES1 3,0.0
mean,2025,11,139,ES1 3,0.0
mean,2025,11,140,ES1 3,0.0
mean,2025,11,141,ES1 3,0.0
mean,2025,11,142,ES1 3,0.0
mean,2025,11,143,ES1 3,0.0
mean,2025,11,144,ES1 3,0.0
mean,2025,11,145,ES1 3,0.0
mean,2025,11,146,ES1 3,0.0
mean,2025,11,147,ES1 3,0.0
mean,2025,11,148,ES1 3,0.0
mean,2025,11,149,ES1 3,0.0
mean,2025,11,150,ES1 3,0.0
mean,2025,11,151,ES1 3,0.0
mean,2025,11,152,ES1 3,0.0
mean,2025,11,153,ES1 3,0.0
mean,2025,11,154,ES1 3,0.0
mean,2025,11,155,ES1 3,0.0
mean,2025,11,156,ES1 3,0.0
mean,2025,11,157,ES1 3,0.0
mean,2025,11,158,ES1 3,0.0
mean,2025,11,159,ES1 3,0.0
mean,2025,11,160,ES1 3,0.0
mean,2025,11,161,ES1 3,0.0
mean,2025,11,162,ES1 3,0.0
mean,2025,11,163,ES1 3,0.0
mean,2025,11,164,ES1 3,0.0
mean,2025,11,165,ES1 3,0.0
mean,2025,11,166,ES1 3,0.0
mean,2025,11,167,ES1 3,0.0
mean,2025,21,0,ES1 3,0.0
mean,2025,21,1,ES1 3,0.0
mean,2025,21,2,ES1 3,0.0
mean,2025,21,3,ES1 3,0.0
mean,2025,21,4,ES1 3,0.0
mean,2025,21,5,ES1 3,0.0
mean,2025,21,6,ES1 3,0.0
mean,2025,21,7,ES1 3,0.0
mean,2025,21,8,ES1 3,0.0
mean,2025,21,9,ES1 3,0.0
mean,2025,21,10,ES1 3,0.0
mean,2025,21,11,ES1 3,0.0
mean,2025,21,12,ES1 3,0.0
mean,2025,21,13,ES1 3,0.0
mean,2025,21,14,ES1 3,0.0
mean,2025,21,15,ES1 3,0.0
mean,2025,21,16,ES1 3,0.0
mean,2025,21,17,ES1 3,0.0
mean,2025,21,18,ES1 3,0.0
mean,2025,21,19,ES1 3,0.0
mean,2025,21,20,ES1 3,0.0
mean,2025,21,21,ES1 3,0.0
mean,2025,21,22,ES1 3,0.0
mean,2025,21,23,ES1 3,0.0
mean,2025,21,24,ES1 3,0.0
mean,2025,21,25,ES1 3,0.0
mean,2025,21,26,ES1 3,0.0
mean,2025,21,27,ES1 3,0.0
mean,2025,21,28,ES1 3,0.0
mean,2025,21,29,ES1 3,0.0
mean,2025,21,30,ES1 3,0.0
mean,2025,21,31,ES1 3,0.0
mean,2025,21,32,ES1 3,0.0
mean,2025,21,33,ES1 3,0.0
mean,2025,21,34,ES1 3,0.0
mean,2025,21,35,ES1 3,0.0
mean,2025,21,36,ES1 3,0.0
mean,2025,21,37,ES1 3,0.0
mean,2025,21,38,ES1 3,0.0
mean,2025,21,39,ES1 3,0.0
mean,2025,21,40,ES1 3,0.0
mean,2025,21,41,ES1 3,0.0
mean,2025,21,42,ES1 3,0.0
mean,2025,21,43,ES1 3,0.0
mean,2025,21,44,ES1 3,0.0
mean,2025,21,45,ES1 3,0.0
mean,2025,21,46,ES1 3,0.0
mean,2025,21,47,ES1 3,0.0
mean,2025,21,48,ES1 3,0.0
mean,2025,21,49,ES1 3,0.0
mean,2025,21,50,ES1 3,0.0
mean,2025,21,51,ES1 3,0.0
mean,2025,21,52,ES1 3,0.0
mean,2025,21,53,ES1 3,0.0
mean,2025,21,54,ES1 3,0.0
mean,2025,21,55,ES1 3,0.0
mean,2025,21,56,ES1 3,0.0
mean,2025,21,57,ES1 3,0.0
mean,2025,21,58,ES1 3,0.0
mean,2025,21,59,ES1 3,0.0
mean,2025,21,60,ES1 3,0.0
mean,2025,21,61,ES1 3,0.0
mean,2025,21,62,ES1 3,0.0
mean,2025,21,63,ES1 3,0.0
mean,2025,21,64,ES1 3,0.0
mean,2025,21,65,ES1 3,0.0
mean,2025,21,66,ES1 3,0.0
mean,2025,21,67,ES1 3,0.0
mean,2025,21,68,ES1 3,0.0
mean,2025,21,69,ES1 3,0.0
mean,2025,21,70,ES1 3,0.0
mean,2025,21,71,ES1 3,0.0
mean,2025,21,72,ES1 3,0.0
mean,2025,21,73,ES1 3,0.0
mean,2025,21,74,ES1 3,0.0
mean,2025,21,75,ES1 3,0.0
mean,2025,21,76,ES1 3,0.0
mean,2025,21,77,ES1 3,0.0
mean,2025,21,78,ES1 3,0.0
mean,2025,21,79,ES1 3,0.0
mean,2025,21,80,ES1 3,0.0
mean,2025,21,81,ES1 3,0.0
mean,2025,21,82,ES1 3,0.0
mean,2025,21,83,ES1 3,0.0
mean,2025,21,84,ES1 3,0.0
mean,2025,21,85,ES1 3,0.0
mean,2025,21,86,ES1 3,0.0
mean,2025,21,87,ES1 3,0.0
mean,2025,21,88,ES1 3,0.0
mean,2025,21,89,ES1 3,0.0
mean,2025,21,90,ES1 3,0.0
mean,2025,21,91,ES1 3,0.0
mean,2025,21,92,ES1 3,0.0
mean,2025,21,93,ES1 3,0.0
mean,2025,21,94,ES1 3,0.0
mean,2025,21,95,ES1 3,0.0
mean,2025,21,96,ES1 3,0.0
mean,2025,21,97,ES1 3,0.0
mean,2025,21,98,ES1 3,0.0
mean,2025,21,99,ES1 3,0.0
mean,2025,21,100,ES1 3,0.0
mean,2025,21,101,ES1 3,0.0
mean,2025,21,102,ES1 3,0.0
mean,2025,21,103,ES1 3,0.0
mean,2025,21,104,ES1 3,0.0
mean,2025,21,105,ES1 3,0.0
mean,2025,21,106,ES1 3,0.0
mean,2025,21,107,ES1 3,0.0
mean,2025,21,108,ES1 3,0.0
mean,2025,21,109,ES1 3,0.0
mean,2025,21,110,ES1 3,0.0
mean,2025,21,111,ES1 3,0.0
mean,2025,21,112,ES1 3,0.0
mean,2025,21,113,ES1 3,0.0
mean,2025,21,114,ES1 3,0.0
mean,2025,21,115,ES1 3,0.0
mean,2025,21,116,ES1 3,0.0
mean,2025,21,117,ES1 3,0.0
mean,2025,21,118,ES1 3,0.0
mean,2025,21,119,ES1 3,0.0
mean,2025,21,120,ES1 3,0.0
mean,2025,21,121,ES1 3,0.0
mean,2025,21,122,ES1 3,0.0
mean,2025,21,123,ES1 3,0.0
mean,2025,21,124,ES1 3,0.0
mean,2025,21,125,ES1 3,0.0
mean,2025,21,126,ES1 3,0.0
mean,2025,21,127,ES1 3,0.0
mean,2025,21,128,ES1 3,0.0
mean,2025,21,129,ES1 3,0.0
mean,2025,21,130,ES1 3,0.0
mean,2025,21,131,ES1 3,0.0
mean,2025,21,132,ES1 3,0.0
mean,2025,21,133,ES1 3,0.0
mean,2025,21,134,ES1 3,0.0
mean,2025,21,135,ES1 3,0.0
mean,2025,21,136,ES1 3,0.0
mean,2025,21,137,ES1 3,0.0
mean,2025,21,138,ES1 3,0.0
mean,2025,21,139,ES1 3,0.0
mean,2025,21,140,ES1 3,0.0
mean,2025,21,141,ES1 3,0.0
mean,2025,21,142,ES1 3,0.0
mean,2025,21,143,ES1 3,0.0
mean,2025,21,144,ES1 3,0.0
mean,2025,21,145,ES1 3,0.0
mean,2025,21,146,ES1 3,0.0
mean,2025,21,147,ES1 3,0.0
mean,2025,21,148,ES1 3,0.0
mean,2025,21,149,ES1 3,0.0
mean,2025,21,150,ES1 3,0.0
mean,2025,21,151,ES1 3,0.0
mean,2025,21,152,ES1 3,0.0
mean,2025,21,153,ES1 3,0.0
mean,2025,21,154,ES1 3,0.0
mean,2025,21,155,ES1 3,0.0
mean,2025,21,156,ES1 3,0.0
mean,2025,21,157,ES1 3,0.0
mean,2025,21,158,ES1 3,0.0
mean,2025,21,159,ES1 3,0.0
mean,2025,21,160,ES1 3,0.0
mean,2025,21,161,ES1 3,0.0
mean,2025,21,162,ES1 3,0.0
mean,2025,21,163,ES1 3,0.0
mean,2025,21,164,ES1 3,0.0
mean,2025,21,165,ES1 3,0.0
mean,2025,21,166,ES1 3,0.0
mean,2025,21,167,ES1 3,0.0
mean,2025,42,0,ES1 3,0.0
mean,2025,42,1,ES1 3,0.0
mean,2025,42,2,ES1 3,0.0
mean,2025,42,3,ES1 3,0.0
mean,2025,42,4,ES1 3,0.0
mean,2025,42,5,ES1 3,0.0
mean,2025,42,6,ES1 3,0.0
mean,2025,42,7,ES1 3,0.0
mean,2025,42,8,ES1 3,0.0
mean,2025,42,9,ES1 3,0.0
mean,2025,42,10,ES1 3,0.0
mean,2025,42,11,ES1 3,0.0
mean,2025,42,12,ES1 3,0.0
mean,2025,42,13,ES1 3,0.0
mean,2025,42,14,ES1 3,0.0
mean,2025,42,15,ES1 3,0.0
mean,2025,42,16,ES1 3,0.0
mean,2025,42,17,ES1 3,0.0
mean,2025,42,18,ES1 3,0.0
mean,2025,42,19,ES1 3,0.0
mean,2025,42,20,ES1 3,0.0
mean,2025,42,21,ES1 3,0.0
mean,2025,42,22,ES1 3,0.0
mean,2025,42,23,ES1 3,0.0
mean,2025,42,24,ES1 3,0.0
mean,2025,42,25,ES1 3,0.0
mean,2025,42,26,ES1 3,0.0
mean,2025,42,27,ES1 3,0.0
mean,2025,42,28,ES1 3,0.0
mean,2025,42,29,ES1 3,0.0
mean,2025,42,30,ES1 3,0.0
mean,2025,42,31,ES1 3,0.0
mean,2025,42,32,ES1 3,0.0
mean,2025,42,33,ES1 3,0.0
mean,2025,42,34,ES1 3,0.0
mean,2025,42,35,ES1 3,0.0
mean,2025,42,36,ES1 3,0.0
mean,2025,42,37,ES1 3,0.0
mean,2025,42,38,ES1 3,0.0
mean,2025,42,39,ES1 3,0.0
mean,2025,42,40,ES1 3,0.0
mean,2025,42,41,ES1 3,0.0
mean,2025,42,42,ES1 3,0.0
mean,2025,42,43,ES1 3,0.0
mean,2025,42,44,ES1 3,0.0
mean,2025,42,45,ES1 3,0.0
mean,2025,42,46,ES1 3,0.0
mean,2025,42,47,ES1 3,0.0
mean,2025,42,48,ES1 3,0.0
mean,2025,42,49,ES1 3,0.0
mean,2025,42,50,ES1 3,0.0
mean,2025,42,51,ES1 3,0.0
mean,2025,42,52,ES1 3,0.0
mean,2025,42,53,ES1 3,0.0
mean,2025,42,54,ES1 3,0.0
mean,2025,42,55,ES1 3,0.0
mean,2025,42,56,ES1 3,0.0
mean,2025,42,57,ES1 3,0.0
mean,2025,42,58,ES1 3,0.0
mean,2025,42,59,ES1 3,0.0
mean,2025,42,60,ES1 3,0.0
mean,2025,42,61,ES1 3,0.0
mean,2025,42,62,ES1 3,0.0
mean,2025,42,63,ES1 3,0.0
mean,2025,42,64,ES1 3,0.0
mean,2025,42,65,ES1 3,0.0
mean,2025,42,66,ES1 3,0.0
mean,2025,42,67,ES1 3,0.0
mean,2025,42,68,ES1 3,0.0
mean,2025,42,69,ES1 3,0.0
mean,2025,42,70,ES1 3,0.0
mean,2025,42,71,ES1 3,0.0
mean,2025,42,72,ES1 3,0.0
mean,2025,42,73,ES1 3,0.0
mean,2025,42,74,ES1 3,0.0
mean,2025,42,75,ES1 3,0.0
mean,2025,42,76,ES1 3,0.0
mean,2025,42,77,ES1 3,0.0
mean,2025,42,78,ES1 3,0.0
mean,2025,42,79,ES1 3,0.0
mean,2025,42,80,ES1 3,0.0
mean,2025,42,81,ES1 3,0.0
mean,2025,42,82,ES1 3,0.0
mean,2025,42,83,ES1 3,0.0
mean,2025,42,84,ES1 3,0.0
mean,2025,42,85,ES1 3,0.0
mean,2025,42,86,ES1 3,0.0
mean,2025,42,87,ES1 3,0.0
mean,2025,42,88,ES1 3,0.0
mean,2025,42,89,ES1 3,0.0
mean,2025,42,90,ES1 3,0.0
mean,2025,42,91,ES1 3,0.0
mean,2025,42,92,ES1 3,0.0
mean,2025,42,93,ES1 3,0.0
mean,2025,42,94,ES1 3,0.0
mean,2025,42,95,ES1 3,0.0
mean,2025,42,96,ES1 3,0.0
mean,2025,42,97,ES1 3,0.0
mean,2025,42,98,ES1 3,0.0
mean,2025,42,99,ES1 3,0.0
mean,2025,42,100,ES1 3,0.0
mean,2025,42,101,ES1 3,0.0
mean,2025,42,102,ES1 3,0.0
mean,2025,42,103,ES1 3,0.0
mean,2025,42,104,ES1 3,0.0
mean,2025,42,105,ES1 3,0.0
mean,2025,42,106,ES1 3,0.0
mean,2025,42,107,ES1 3,0.0
mean,2025,42,108,ES1 3,0.0
mean,2025,42,109,ES1 3,0.0
mean,2025,42,110,ES1 3,0.0
mean,2025,42,111,ES1 3,0.0
mean,2025,42,112,ES1 3,0.0
mean,2025,42,113,ES1 3,0.0
mean,2025,42,114,ES1 3,0.0
mean,2025,42,115,ES1 3,0.0
mean,2025,42,116,ES1 3,0.0
mean,2025,42,117,ES1 3,0.0
mean,2025,42,118,ES1 3,0.0
mean,2025,42,119,ES1 3,0.0
mean,2025,42,120,ES1 3,0.0
mean,2025,42,121,ES1 3,0.0
mean,2025,42,122,ES1 3,0.0
mean,2025,42,123,ES1 3,0.0
mean,2025,42,124,ES1 3,0.0
mean,2025,42,125,ES1 3,0.0
mean,2025,42,126,ES1 3,0.0
mean,2025,42,127,ES1 3,0.0
mean,2025,42,128,ES1 3,0.0
mean,2025,42,129,ES1 3,0.0
mean,2025,42,130,ES1 3,0.0
mean,2025,42,131,ES1 3,0.0
mean,2025,42,132,ES1 3,0.0
mean,2025,42,133,ES1 3,0.0
mean,2025,42,134,ES1 3,0.0
mean,2025,42,135,ES1 3,0.0
mean,2025,42,136,ES1 3,0.0
mean,2025,42,137,ES1 3,0.0
mean,2025,42,138,ES1 3,0.0
mean,2025,42,139,ES1 3,0.0
mean,2025,42,140,ES1 3,0.0
mean,2025,42,141,ES1 3,0.0
mean,2025,42,142,ES1 3,0.0
mean,2025,42,143,ES1 3,0.0
mean,2025,42,144,ES1 3,0.0
mean,2025,42,145,ES1 3,0.0
mean,2025,42,146,ES1 3,0.0
mean,2025,42,147,ES1 3,0.0
mean,2025,42,148,ES1 3,0.0
mean,2025,42,149,ES1 3,0.0
mean,2025,42,150,ES1 3,0.0
mean,2025,42,151,ES1 3,0.0
mean,2025,42,152,ES1 3,0.0
mean,2025,42,153,ES1 3,0.0
mean,2025,42,154,ES1 3,0.0
mean,2025,42,155,ES1 3,0.0
mean,2025,42,156,ES1 3,0.0
mean,2025,42,157,ES1 3,0.0
mean,2025,42,158,ES1 3,0.0
mean,2025,42,159,ES1 3,0.0
mean,2025,42,160,ES1 3,0.0
mean,2025,42,161,ES1 3,0.0
mean,2025,42,162,ES1 3,0.0
mean,2025,42,163,ES1 3,0.0
mean,2025,42,164,ES1 3,0.0
mean,2025,42,165,ES1 3,0.0
mean,2025,42,166,ES1 3,0.0
mean,2025,42,167,ES1 3,0.0
mean,2025,52,0,ES1 3,0.0
mean,2025,52,1,ES1 3,0.0
mean,2025,52,2,ES1 3,0.0
mean,2025,52,3,ES1 3,0.0
mean,2025,52,4,ES1 3,0.0
mean,2025,52,5,ES1 3,0.0
mean,2025,52,6,ES1 3,0.0
mean,2025,52,7,ES1 3,0.0
mean,2025,52,8,ES1 3,0.0
mean,2025,52,9,ES1 3,0.0
mean,2025,52,10,ES1 3,0.0
mean,2025,52,11,ES1 3,0.0
mean,2025,52,12,ES1 3,0.0
mean,2025,52,13,ES1 3,0.0
mean,2025,52,14,ES1 3,0.0
mean,2025,52,15,ES1 3,0.0
mean,2025,52,16,ES1 3,0.0
mean,2025,52,17,ES1 3,0.0
mean,2025,52,18,ES1 3,0.0
mean,2025,52,19,ES1 3,0.0
mean,2025,52,20,ES1 3,0.0
mean,2025,52,21,ES1 3,0.0
mean,2025,52,22,ES1 3,0.0
mean,2025,52,23,ES1 3,0.0
mean,2025,52,24,ES1 3,0.0
mean,2025,52,25,ES1 3,0.0
mean,2025,52,26,ES1 3,0.0
mean,2025,52,27,ES1 3,0.0
mean,2025,52,28,ES1 3,0.0
mean,2025,52,29,ES1 3,0.0
mean,2025,52,30,ES1 3,0.0
mean,2025,52,31,ES1 3,0.0
mean,2025,52,32,ES1 3,0.0
mean,2025,52,33,ES1 3,0.0
mean,2025,52,34,ES1 3,0.0
mean,2025,52,35,ES1 3,0.0
mean,2025,52,36,ES1 3,0.0
mean,2025,52,37,ES1 3,0.0
mean,2025,52,38,ES1 3,0.0
mean,2025,52,39,ES1 3,0.0
mean,2025,52,40,ES1 3,0.0
mean,2025,52,41,ES1 3,0.0
mean,2025,52,42,ES1 3,0.0
mean,2025,52,43,ES1 3,0.0
mean,2025,52,44,ES1 3,0.0
mean,2025,52,45,ES1 3,0.0
mean,2025,52,46,ES1 3,0.0
mean,2025,52,47,ES1 3,0.0
mean,2025,52,48,ES1 3,0.0
mean,2025,52,49,ES1 3,0.0
mean,2025,52,50,ES1 3,0.0
mean,2025,52,51,ES1 3,0.0
mean,2025,52,52,ES1 3,0.0
mean,2025,52,53,ES1 3,0.0
mean,2025,52,54,ES1 3,0.0
mean,2025,52,55,ES1 3,0.0
mean,2025,52,56,ES1 3,0.0
mean,2025,52,57,ES1 3,0.0
mean,2025,52,58,ES1 3,0.0
mean,2025,52,59,ES1 3,0.0
mean,2025,52,60,ES1 3,0.0
mean,2025,52,61,ES1 3,0.0
mean,2025,52,62,ES1 3,0.0
mean,2025,52,63,ES1 3,0.0
mean,2025,52,64,ES1 3,0.0
mean,2025,52,65,ES1 3,0.0
mean,2025,52,66,ES1 3,0.0
mean,2025,52,67,ES1 3,0.0
mean,2025,52,68,ES1 3,0.0
mean,2025,52,69,ES1 3,0.0
mean,2025,52,70,ES1 3,0.0
mean,2025,52,71,ES1 3,0.0
mean,2025,52,72,ES1 3,0.0
mean,2025,52,73,ES1 3,0.0
mean,2025,52,74,ES1 3,0.0
mean,2025,52,75,ES1 3,0.0
mean,2025,52,76,ES1 3,0.0
mean,2025,52,77,ES1 3,0.0
mean,2025,52,78,ES1 3,0.0
mean,2025,52,79,ES1 3,0.0
mean,2025,52,80,ES1 3,0.0
mean,2025,52,81,ES1 3,0.0
mean,2025,52,82,ES1 3,0.0
mean,2025,52,83,ES1 3,0.0
mean,2025,52,84,ES1 3,0.0
mean,2025,52,85,ES1 3,0.0
mean,2025,52,86,ES1 3,0.0
mean,2025,52,87,ES1 3,0.0
mean,2025,52,88,ES1 3,0.0
mean,2025,52,89,ES1 3,0.0
mean,2025,52,90,ES1 3,0.0
mean,2025,52,91,ES1 3,0.0
mean,2025,52,92,ES1 3,0.0
mean,2025,52,93,ES1 3,0.0
mean,2025,52,94,ES1 3,0.0
mean,2025,52,95,ES1 3,0.0
mean,2025,52,96,ES1 3,0.0
mean,2025,52,97,ES1 3,0.0
mean,2025,52,98,ES1 3,0.0
mean,2025,52,99,ES1 3,0.0
mean,2025,52,100,ES1 3,0.0
mean,2025,52,101,ES1 3,0.0
mean,2025,52,102,ES1 3,0.0
mean,2025,52,103,ES1 3,0.0
mean,2025,52,104,ES1 3,0.0
mean,2025,52,105,ES1 3,0.0
mean,2025,52,106,ES1 3,0.0
mean,2025,52,107,ES1 3,0.0
mean,2025,52,108,ES1 3,0.0
mean,2025,52,109,ES1 3,0.0
mean,2025,52,110,ES1 3,0.0
mean,2025,52,111,ES1 3,0.0
mean,2025,52,112,ES1 3,0.0
mean,2025,52,113,ES1 3,0.0
mean,2025,52,114,ES1 3,0.0
mean,2025,52,115,ES1 3,0.0
mean,2025,52,116,ES1 3,0.0
mean,2025,52,117,ES1 3,0.0
mean,2025,52,118,ES1 3,0.0
mean,2025,52,119,ES1 3,0.0
mean,2025,52,120,ES1 3,0.0
mean,2025,52,121,ES1 3,0.0
mean,2025,52,122,ES1 3,0.0
mean,2025,52,123,ES1 3,0.0
mean,2025,52,124,ES1 3,0.0
mean,2025,52,125,ES1 3,0.0
mean,2025,52,126,ES1 3,0.0
mean,2025,52,127,ES1 3,0.0
mean,2025,52,128,ES1 3,0.0
mean,2025,52,129,ES1 3,0.0
mean,2025,52,130,ES1 3,0.0
mean,2025,52,131,ES1 3,0.0
mean,2025,52,132,ES1 3,0.0
mean,2025,52,133,ES1 3,0.0
mean,2025,52,134,ES1 3,0.0
mean,2025,52,135,ES1 3,0.0
mean,2025,52,136,ES1 3,0.0
mean,2025,52,137,ES1 3,0.0
mean,2025,52,138,ES1 3,0.0
mean,2025,52,139,ES1 3,0.0
mean,2025,52,140,ES1 3,0.0
mean,2025,52,141,ES1 3,0.0
mean,2025,52,142,ES1 3,0.0
mean,2025,52,143,ES1 3,0.0
mean,2025,52,144,ES1 3,0.0
mean,2025,52,145,ES1 3,0.0
mean,2025,52,146,ES1 3,0.0
mean,2025,52,147,ES1 3,0.0
mean,2025,52,148,ES1 3,0.0
mean,2025,52,149,ES1 3,0.0
mean,2025,52,150,ES1 3,0.0
mean,2025,52,151,ES1 3,0.0
mean,2025,52,152,ES1 3,0.0
mean,2025,52,153,ES1 3,0.0
mean,2025,52,154,ES1 3,0.0
mean,2025,52,155,ES1 3,0.0
mean,2025,52,156,ES1 3,0.0
mean,2025,52,157,ES1 3,0.0
mean,2025,52,158,ES1 3,0.0
mean,2025,52,159,ES1 3,0.0
mean,2025,52,160,ES1 3,0.0
mean,2025,52,161,ES1 3,0.0
mean,2025,52,162,ES1 3,0.0
mean,2025,52,163,ES1 3,0.0
mean,2025,52,164,ES1 3,0.0
mean,2025,52,165,ES1 3,0.0
mean,2025,52,166,ES1 3,0.0
mean,2025,52,167,ES1 3,0.0
mean,2030,11,0,ES1 3,0.0
mean,2030,11,1,ES1 3,0.0
mean,2030,11,2,ES1 3,0.0
mean,2030,11,3,ES1 3,0.0
mean,2030,11,4,ES1 3,0.0
mean,2030,11,5,ES1 3,0.0
mean,2030,11,6,ES1 3,0.0
mean,2030,11,7,ES1 3,0.0
mean,2030,11,8,ES1 3,0.0
mean,2030,11,9,ES1 3,0.0
mean,2030,11,10,ES1 3,0.0
mean,2030,11,11,ES1 3,0.0
mean,2030,11,12,ES1 3,0.0
mean,2030,11,13,ES1 3,0.0
mean,2030,11,14,ES1 3,0.0
mean,2030,11,15,ES1 3,0.0
mean,2030,11,16,ES1 3,0.0
mean,2030,11,17,ES1 3,0.0
mean,2030,11,18,ES1 3,0.0
mean,2030,11,19,ES1 3,0.0
mean,2030,11,20,ES1 3,0.0
mean,2030,11,21,ES1 3,0.0
mean,2030,11,22,ES1 3,0.0
mean,2030,11,23,ES1 3,0.0
mean,2030,11,24,ES1 3,0.0
mean,2030,11,25,ES1 3,0.0
mean,2030,11,26,ES1 3,0.0
mean,2030,11,27,ES1 3,0.0
mean,2030,11,28,ES1 3,0.0
mean,2030,11,29,ES1 3,0.0
mean,2030,11,30,ES1 3,0.0
mean,2030,11,31,ES1 3,0.0
mean,2030,11,32,ES1 3,0.0
mean,2030,11,33,ES1 3,0.0
mean,2030,11,34,ES1 3,0.0
mean,2030,11,35,ES1 3,0.0
mean,2030,11,36,ES1 3,0.0
mean,2030,11,37,ES1 3,0.0
mean,2030,11,38,ES1 3,0.0
mean,2030,11,39,ES1 3,0.0
mean,2030,11,40,ES1 3,0.0
mean,2030,11,41,ES1 3,0.0
mean,2030,11,42,ES1 3,0.0
mean,2030,11,43,ES1 3,0.0
mean,2030,11,44,ES1 3,0.0
mean,2030,11,45,ES1 3,0.0
mean,2030,11,46,ES1 3,0.0
mean,2030,11,47,ES1 3,0.0
mean,2030,11,48,ES1 3,0.0
mean,2030,11,49,ES1 3,0.0
mean,2030,11,50,ES1 3,0.0
mean,2030,11,51,ES1 3,0.0
mean,2030,11,52,ES1 3,0.0
mean,2030,11,53,ES1 3,0.0
mean,2030,11,54,ES1 3,0.0
mean,2030,11,55,ES1 3,0.0
mean,2030,11,56,ES1 3,0.0
mean,2030,11,57,ES1 3,0.0
mean,2030,11,58,ES1 3,0.0
mean,2030,11,59,ES1 3,0.0
mean,2030,11,60,ES1 3,0.0
mean,2030,11,61,ES1 3,0.0
mean,2030,11,62,ES1 3,0.0
mean,2030,11,63,ES1 3,0.0
mean,2030,11,64,ES1 3,0.0
mean,2030,11,65,ES1 3,0.0
mean,2030,11,66,ES1 3,0.0
mean,2030,11,67,ES1 3,0.0
mean,2030,11,68,ES1 3,0.0
mean,2030,11,69,ES1 3,0.0
mean,2030,11,70,ES1 3,0.0
mean,2030,11,71,ES1 3,0.0
mean,2030,11,72,ES1 3,0.0
mean,2030,11,73,ES1 3,0.0
mean,2030,11,74,ES1 3,0.0
mean,2030,11,75,ES1 3,0.0
mean,2030,11,76,ES1 3,0.0
mean,2030,11,77,ES1 3,0.0
mean,2030,11,78,ES1 3,0.0
mean,2030,11,79,ES1 3,0.0
mean,2030,11,80,ES1 3,0.0
mean,2030,11,81,ES1 3,0.0
mean,2030,11,82,ES1 3,0.0
mean,2030,11,83,ES1 3,0.0
mean,2030,11,84,ES1 3,0.0
mean,2030,11,85,ES1 3,0.0
mean,2030,11,86,ES1 3,0.0
mean,2030,11,87,ES1 3,0.0
mean,2030,11,88,ES1 3,0.0
mean,2030,11,89,ES1 3,0.0
mean,2030,11,90,ES1 3,0.0
mean,2030,11,91,ES1 3,0.0
mean,2030,11,92,ES1 3,0.0
mean,2030,11,93,ES1 3,0.0
mean,2030,11,94,ES1 3,0.0
mean,2030,11,95,ES1 3,0.0
mean,2030,11,96,ES1 3,0.0
mean,2030,11,97,ES1 3,0.0
mean,2030,11,98,ES1 3,0.0
mean,2030,11,99,ES1 3,0.0
mean,2030,11,100,ES1 3,0.0
mean,2030,11,101,ES1 3,0.0
mean,2030,11,102,ES1 3,0.0
mean,2030,11,103,ES1 3,0.0
mean,2030,11,104,ES1 3,0.0
mean,2030,11,105,ES1 3,0.0
mean,2030,11,106,ES1 3,0.0
mean,2030,11,107,ES1 3,0.0
mean,2030,11,108,ES1 3,0.0
mean,2030,11,109,ES1 3,0.0
mean,2030,11,110,ES1 3,0.0
mean,2030,11,111,ES1 3,0.0
mean,2030,11,112,ES1 3,0.0
mean,2030,11,113,ES1 3,0.0
mean,2030,11,114,ES1 3,0.0
mean,2030,11,115,ES1 3,0.0
mean,2030,11,116,ES1 3,0.0
mean,2030,11,117,ES1 3,0.0
mean,2030,11,118,ES1 3,0.0
mean,2030,11,119,ES1 3,0.0
mean,2030,11,120,ES1 3,0.0
mean,2030,11,121,ES1 3,0.0
mean,2030,11,122,ES1 3,0.0
mean,2030,11,123,ES1 3,0.0
mean,2030,11,124,ES1 3,0.0
mean,2030,11,125,ES1 3,0.0
mean,2030,11,126,ES1 3,0.0
mean,2030,11,127,ES1 3,0.0
mean,2030,11,128,ES1 3,0.0
mean,2030,11,129,ES1 3,0.0
mean,2030,11,130,ES1 3,0.0
mean,2030,11,131,ES1 3,0.0
mean,2030,11,132,ES1 3,0.0
mean,2030,11,133,ES1 3,0.0
mean,2030,11,134,ES1 3,0.0
mean,2030,11,135,ES1 3,0.0
mean,2030,11,136,ES1 3,0.0
mean,2030,11,137,ES1 3,0.0
mean,2030,11,138,ES1 3,0.0
mean,2030,11,139,ES1 3,0.0
mean,2030,11,140,ES1 3,0.0
mean,2030,11,141,ES1 3,0.0
mean,2030,11,142,ES1 3,0.0
mean,2030,11,143,ES1 3,0.0
mean,2030,11,144,ES1 3,0.0
mean,2030,11,145,ES1 3,0.0
mean,2030,11,146,ES1 3,0.0
mean,2030,11,147,ES1 3,0.0
mean,2030,11,148,ES1 3,0.0
mean,2030,11,149,ES1 3,0.0
mean,2030,11,150,ES1 3,0.0
mean,2030,11,151,ES1 3,0.0
mean,2030,11,152,ES1 3,0.0
mean,2030,11,153,ES1 3,0.0
mean,2030,11,154,ES1 3,0.0
mean,2030,11,155,ES1 3,0.0
mean,2030,11,156,ES1 3,0.0
mean,2030,11,157,ES1 3,0.0
mean,2030,11,158,ES1 3,0.0
mean,2030,11,159,ES1 3,0.0
mean,2030,11,160,ES1 3,0.0
mean,2030,11,161,ES1 3,0.0
mean,2030,11,162,ES1 3,0.0
mean,2030,11,163,ES1 3,0.0
mean,2030,11,164,ES1 3,0.0
mean,2030,11,165,ES1 3,0.0
mean,2030,11,166,ES1 3,0.0
mean,2030,11,167,ES1 3,0.0
mean,2030,21,0,ES1 3,0.0
mean,2030,21,1,ES1 3,0.0
mean,2030,21,2,ES1 3,0.0
mean,2030,21,3,ES1 3,0.0
mean,2030,21,4,ES1 3,0.0
mean,2030,21,5,ES1 3,0.0
mean,2030,21,6,ES1 3,0.0
mean,2030,21,7,ES1 3,0.0
mean,2030,21,8,ES1 3,0.0
mean,2030,21,9,ES1 3,0.0
mean,2030,21,10,ES1 3,0.0
mean,2030,21,11,ES1 3,0.0
mean,2030,21,12,ES1 3,0.0
mean,2030,21,13,ES1 3,0.0
mean,2030,21,14,ES1 3,0.0
mean,2030,21,15,ES1 3,0.0
mean,2030,21,16,ES1 3,0.0
mean,2030,21,17,ES1 3,0.0
mean,2030,21,18,ES1 3,0.0
mean,2030,21,19,ES1 3,0.0
mean,2030,21,20,ES1 3,0.0
mean,2030,21,21,ES1 3,0.0
mean,2030,21,22,ES1 3,0.0
mean,2030,21,23,ES1 3,0.0
mean,2030,21,24,ES1 3,0.0
mean,2030,21,25,ES1 3,0.0
mean,2030,21,26,ES1 3,0.0
mean,2030,21,27,ES1 3,0.0
mean,2030,21,28,ES1 3,0.0
mean,2030,21,29,ES1 3,0.0
mean,2030,21,30,ES1 3,0.0
mean,2030,21,31,ES1 3,0.0
mean,2030,21,32,ES1 3,0.0
mean,2030,21,33,ES1 3,0.0
mean,2030,21,34,ES1 3,0.0
mean,2030,21,35,ES1 3,0.0
mean,2030,21,36,ES1 3,0.0
mean,2030,21,37,ES1 3,0.0
mean,2030,21,38,ES1 3,0.0
mean,2030,21,39,ES1 3,0.0
mean,2030,21,40,ES1 3,0.0
mean,2030,21,41,ES1 3,0.0
mean,2030,21,42,ES1 3,0.0
mean,2030,21,43,ES1 3,0.0
mean,2030,21,44,ES1 3,0.0
mean,2030,21,45,ES1 3,0.0
mean,2030,21,46,ES1 3,0.0
mean,2030,21,47,ES1 3,0.0
mean,2030,21,48,ES1 3,0.0
mean,2030,21,49,ES1 3,0.0
mean,2030,21,50,ES1 3,0.0
mean,2030,21,51,ES1 3,0.0
mean,2030,21,52,ES1 3,0.0
mean,2030,21,53,ES1 3,0.0
mean,2030,21,54,ES1 3,0.0
mean,2030,21,55,ES1 3,0.0
mean,2030,21,56,ES1 3,0.0
mean,2030,21,57,ES1 3,0.0
mean,2030,21,58,ES1 3,0.0
mean,2030,21,59,ES1 3,0.0
mean,2030,21,60,ES1 3,0.0
mean,2030,21,61,ES1 3,0.0
mean,2030,21,62,ES1 3,0.0
mean,2030,21,63,ES1 3,0.0
mean,2030,21,64,ES1 3,0.0
mean,2030,21,65,ES1 3,0.0
mean,2030,21,66,ES1 3,0.0
mean,2030,21,67,ES1 3,0.0
mean,2030,21,68,ES1 3,0.0
mean,2030,21,69,ES1 3,0.0
mean,2030,21,70,ES1 3,0.0
mean,2030,21,71,ES1 3,0.0
mean,2030,21,72,ES1 3,0.0
mean,2030,21,73,ES1 3,0.0
mean,2030,21,74,ES1 3,0.0
mean,2030,21,75,ES1 3,0.0
mean,2030,21,76,ES1 3,0.0
mean,2030,21,77,ES1 3,0.0
mean,2030,21,78,ES1 3,0.0
mean,2030,21,79,ES1 3,0.0
mean,2030,21,80,ES1 3,0.0
mean,2030,21,81,ES1 3,0.0
mean,2030,21,82,ES1 3,0.0
mean,2030,21,83,ES1 3,0.0
mean,2030,21,84,ES1 3,0.0
mean,2030,21,85,ES1 3,0.0
mean,2030,21,86,ES1 3,0.0
mean,2030,21,87,ES1 3,0.0
mean,2030,21,88,ES1 3,0.0
mean,2030,21,89,ES1 3,0.0
mean,2030,21,90,ES1 3,0.0
mean,2030,21,91,ES1 3,0.0
mean,2030,21,92,ES1 3,0.0
mean,2030,21,93,ES1 3,0.0
mean,2030,21,94,ES1 3,0.0
mean,2030,21,95,ES1 3,0.0
mean,2030,21,96,ES1 3,0.0
mean,2030,21,97,ES1 3,0.0
mean,2030,21,98,ES1 3,0.0
mean,2030,21,99,ES1 3,0.0
mean,2030,21,100,ES1 3,0.0
mean,2030,21,101,ES1 3,0.0
mean,2030,21,102,ES1 3,0.0
mean,2030,21,103,ES1 3,0.0
mean,2030,21,104,ES1 3,0.0
mean,2030,21,105,ES1 3,0.0
mean,2030,21,106,ES1 3,0.0
mean,2030,21,107,ES1 3,0.0
mean,2030,21,108,ES1 3,0.0
mean,2030,21,109,ES1 3,0.0
mean,2030,21,110,ES1 3,0.0
mean,2030,21,111,ES1 3,0.0
mean,2030,21,112,ES1 3,0.0
mean,2030,21,113,ES1 3,0.0
mean,2030,21,114,ES1 3,0.0
mean,2030,21,115,ES1 3,0.0
mean,2030,21,116,ES1 3,0.0
mean,2030,21,117,ES1 3,0.0
mean,2030,21,118,ES1 3,0.0
mean,2030,21,119,ES1 3,0.0
mean,2030,21,120,ES1 3,0.0
mean,2030,21,121,ES1 3,0.0
mean,2030,21,122,ES1 3,0.0
mean,2030,21,123,ES1 3,0.0
mean,2030,21,124,ES1 3,0.0
mean,2030,21,125,ES1 3,0.0
mean,2030,21,126,ES1 3,0.0
mean,2030,21,127,ES1 3,0.0
mean,2030,21,128,ES1 3,0.0
mean,2030,21,129,ES1 3,0.0
mean,2030,21,130,ES1 3,0.0
mean,2030,21,131,ES1 3,0.0
mean,2030,21,132,ES1 3,0.0
mean,2030,21,133,ES1 3,0.0
mean,2030,21,134,ES1 3,0.0
mean,2030,21,135,ES1 3,0.0
mean,2030,21,136,ES1 3,0.0
mean,2030,21,137,ES1 3,0.0
mean,2030,21,138,ES1 3,0.0
mean,2030,21,139,ES1 3,0.0
mean,2030,21,140,ES1 3,0.0
mean,2030,21,141,ES1 3,0.0
mean,2030,21,142,ES1 3,0.0
mean,2030,21,143,ES1 3,0.0
mean,2030,21,144,ES1 3,0.0
mean,2030,21,145,ES1 3,0.0
mean,2030,21,146,ES1 3,0.0
mean,2030,21,147,ES1 3,0.0
mean,2030,21,148,ES1 3,0.0
mean,2030,21,149,ES1 3,0.0
mean,2030,21,150,ES1 3,0.0
mean,2030,21,151,ES1 3,0.0
mean,2030,21,152,ES1 3,0.0
mean,2030,21,153,ES1 3,0.0
mean,2030,21,154,ES1 3,0.0
mean,2030,21,155,ES1 3,0.0
mean,2030,21,156,ES1 3,0.0
mean,2030,21,157,ES1 3,0.0
mean,2030,21,158,ES1 3,0.0
mean,2030,21,159,ES1 3,0.0
mean,2030,21,160,ES1 3,0.0
mean,2030,21,161,ES1 3,0.0
mean,2030,21,162,ES1 3,0.0
mean,2030,21,163,ES1 3,0.0
mean,2030,21,164,ES1 3,0.0
mean,2030,21,165,ES1 3,0.0
mean,2030,21,166,ES1 3,0.0
mean,2030,21,167,ES1 3,0.0
mean,2030,42,0,ES1 3,0.0
mean,2030,42,1,ES1 3,0.0
mean,2030,42,2,ES1 3,0.0
mean,2030,42,3,ES1 3,0.0
mean,2030,42,4,ES1 3,0.0
mean,2030,42,5,ES1 3,0.0
mean,2030,42,6,ES1 3,0.0
mean,2030,42,7,ES1 3,0.0
mean,2030,42,8,ES1 3,0.0
mean,2030,42,9,ES1 3,0.0
mean,2030,42,10,ES1 3,0.0
mean,2030,42,11,ES1 3,0.0
mean,2030,42,12,ES1 3,0.0
mean,2030,42,13,ES1 3,0.0
mean,2030,42,14,ES1 3,0.0
mean,2030,42,15,ES1 3,0.0
mean,2030,42,16,ES1 3,0.0
mean,2030,42,17,ES1 3,0.0
mean,2030,42,18,ES1 3,0.0
mean,2030,42,19,ES1 3,0.0
mean,2030,42,20,ES1 3,0.0
mean,2030,42,21,ES1 3,0.0
mean,2030,42,22,ES1 3,0.0
mean,2030,42,23,ES1 3,0.0
mean,2030,42,24,ES1 3,0.0
mean,2030,42,25,ES1 3,0.0
mean,2030,42,26,ES1 3,0.0
mean,2030,42,27,ES1 3,0.0
mean,2030,42,28,ES1 3,0.0
mean,2030,42,29,ES1 3,0.0
mean,2030,42,30,ES1 3,0.0
mean,2030,42,31,ES1 3,0.0
mean,2030,42,32,ES1 3,0.0
mean,2030,42,33,ES1 3,0.0
mean,2030,42,34,ES1 3,0.0
mean,2030,42,35,ES1 3,0.0
mean,2030,42,36,ES1 3,0.0
mean,2030,42,37,ES1 3,0.0
mean,2030,42,38,ES1 3,0.0
mean,2030,42,39,ES1 3,0.0
mean,2030,42,40,ES1 3,0.0
mean,2030,42,41,ES1 3,0.0
mean,2030,42,42,ES1 3,0.0
mean,2030,42,43,ES1 3,0.0
mean,2030,42,44,ES1 3,0.0
mean,2030,42,45,ES1 3,0.0
mean,2030,42,46,ES1 3,0.0
mean,2030,42,47,ES1 3,0.0
mean,2030,42,48,ES1 3,0.0
mean,2030,42,49,ES1 3,0.0
mean,2030,42,50,ES1 3,0.0
mean,2030,42,51,ES1 3,0.0
mean,2030,42,52,ES1 3,0.0
mean,2030,42,53,ES1 3,0.0
mean,2030,42,54,ES1 3,0.0
mean,2030,42,55,ES1 3,0.0
mean,2030,42,56,ES1 3,0.0
mean,2030,42,57,ES1 3,0.0
mean,2030,42,58,ES1 3,0.0
mean,2030,42,59,ES1 3,0.0
mean,2030,42,60,ES1 3,0.0
mean,2030,42,61,ES1 3,0.0
mean,2030,42,62,ES1 3,0.0
mean,2030,42,63,ES1 3,0.0
mean,2030,42,64,ES1 3,0.0
mean,2030,42,65,ES1 3,0.0
mean,2030,42,66,ES1 3,0.0
mean,2030,42,67,ES1 3,0.0
mean,2030,42,68,ES1 3,0.0
mean,2030,42,69,ES1 3,0.0
mean,2030,42,70,ES1 3,0.0
mean,2030,42,71,ES1 3,0.0
mean,2030,42,72,ES1 3,0.0
mean,2030,42,73,ES1 3,0.0
mean,2030,42,74,ES1 3,0.0
mean,2030,42,75,ES1 3,0.0
mean,2030,42,76,ES1 3,0.0
mean,2030,42,77,ES1 3,0.0
mean,2030,42,78,ES1 3,0.0
mean,2030,42,79,ES1 3,0.0
mean,2030,42,80,ES1 3,0.0
mean,2030,42,81,ES1 3,0.0
mean,2030,42,82,ES1 3,0.0
mean,2030,42,83,ES1 3,0.0
mean,2030,42,84,ES1 3,0.0
mean,2030,42,85,ES1 3,0.0
mean,2030,42,86,ES1 3,0.0
mean,2030,42,87,ES1 3,0.0
mean,2030,42,88,ES1 3,0.0
mean,2030,42,89,ES1 3,0.0
mean,2030,42,90,ES1 3,0.0
mean,2030,42,91,ES1 3,0.0
mean,2030,42,92,ES1 3,0.0
mean,2030,42,93,ES1 3,0.0
mean,2030,42,94,ES1 3,0.0
mean,2030,42,95,ES1 3,0.0
mean,2030,42,96,ES1 3,0.0
mean,2030,42,97,ES1 3,0.0
mean,2030,42,98,ES1 3,0.0
mean,2030,42,99,ES1 3,0.0
mean,2030,42,100,ES1 3,0.0
mean,2030,42,101,ES1 3,0.0
mean,2030,42,102,ES1 3,0.0
mean,2030,42,103,ES1 3,0.0
mean,2030,42,104,ES1 3,0.0
mean,2030,42,105,ES1 3,0.0
mean,2030,42,106,ES1 3,0.0
mean,2030,42,107,ES1 3,0.0
mean,2030,42,108,ES1 3,0.0
mean,2030,42,109,ES1 3,0.0
mean,2030,42,110,ES1 3,0.0
mean,2030,42,111,ES1 3,0.0
mean,2030,42,112,ES1 3,0.0
mean,2030,42,113,ES1 3,0.0
mean,2030,42,114,ES1 3,0.0
mean,2030,42,115,ES1 3,0.0
mean,2030,42,116,ES1 3,0.0
mean,2030,42,117,ES1 3,0.0
mean,2030,42,118,ES1 3,0.0
mean,2030,42,119,ES1 3,0.0
mean,2030,42,120,ES1 3,0.0
mean,2030,42,121,ES1 3,0.0
mean,2030,42,122,ES1 3,0.0
mean,2030,42,123,ES1 3,0.0
mean,2030,42,124,ES1 3,0.0
mean,2030,42,125,ES1 3,0.0
mean,2030,42,126,ES1 3,0.0
mean,2030,42,127,ES1 3,0.0
mean,2030,42,128,ES1 3,0.0
mean,2030,42,129,ES1 3,0.0
mean,2030,42,130,ES1 3,0.0
mean,2030,42,131,ES1 3,0.0
mean,2030,42,132,ES1 3,0.0
mean,2030,42,133,ES1 3,0.0
mean,2030,42,134,ES1 3,0.0
mean,2030,42,135,ES1 3,0.0
mean,2030,42,136,ES1 3,0.0
mean,2030,42,137,ES1 3,0.0
mean,2030,42,138,ES1 3,0.0
mean,2030,42,139,ES1 3,0.0
mean,2030,42,140,ES1 3,0.0
mean,2030,42,141,ES1 3,0.0
mean,2030,42,142,ES1 3,0.0
mean,2030,42,143,ES1 3,0.0
mean,2030,42,144,ES1 3,0.0
mean,2030,42,145,ES1 3,0.0
mean,2030,42,146,ES1 3,0.0
mean,2030,42,147,ES1 3,0.0
mean,2030,42,148,ES1 3,0.0
mean,2030,42,149,ES1 3,0.0
mean,2030,42,150,ES1 3,0.0
mean,2030,42,151,ES1 3,0.0
mean,2030,42,152,ES1 3,0.0
mean,2030,42,153,ES1 3,0.0
mean,2030,42,154,ES1 3,0.0
mean,2030,42,155,ES1 3,0.0
mean,2030,42,156,ES1 3,0.0
mean,2030,42,157,ES1 3,0.0
mean,2030,42,158,ES1 3,0.0
mean,2030,42,159,ES1 3,0.0
mean,2030,42,160,ES1 3,0.0
mean,2030,42,161,ES1 3,0.0
mean,2030,42,162,ES1 3,0.0
mean,2030,42,163,ES1 3,0.0
mean,2030,42,164,ES1 3,0.0
mean,2030,42,165,ES1 3,0.0
mean,2030,42,166,ES1 3,0.0
mean,2030,42,167,ES1 3,0.0
mean,2030,52,0,ES1 3,0.0
mean,2030,52,1,ES1 3,0.0
mean,2030,52,2,ES1 3,0.0
mean,2030,52,3,ES1 3,0.0
mean,2030,52,4,ES1 3,0.0
mean,2030,52,5,ES1 3,0.0
mean,2030,52,6,ES1 3,0.0
mean,2030,52,7,ES1 3,0.0
mean,2030,52,8,ES1 3,0.0
mean,2030,52,9,ES1 3,0.0
mean,2030,52,10,ES1 3,0.0
mean,2030,52,11,ES1 3,0.0
mean,2030,52,12,ES1 3,0.0
mean,2030,52,13,ES1 3,0.0
mean,2030,52,14,ES1 3,0.0
mean,2030,52,15,ES1 3,0.0
mean,2030,52,16,ES1 3,0.0
mean,2030,52,17,ES1 3,0.0
mean,2030,52,18,ES1 3,0.0
mean,2030,52,19,ES1 3,0.0
mean,2030,52,20,ES1 3,0.0
mean,2030,52,21,ES1 3,0.0
mean,2030,52,22,ES1 3,0.0
mean,2030,52,23,ES1 3,0.0
mean,2030,52,24,ES1 3,0.0
mean,2030,52,25,ES1 3,0.0
mean,2030,52,26,ES1 3,0.0
mean,2030,52,27,ES1 3,0.0
mean,2030,52,28,ES1 3,0.0
mean,2030,52,29,ES1 3,0.0
mean,2030,52,30,ES1 3,0.0
mean,2030,52,31,ES1 3,0.0
mean,2030,52,32,ES1 3,0.0
mean,2030,52,33,ES1 3,0.0
mean,2030,52,34,ES1 3,0.0
mean,2030,52,35,ES1 3,0.0
mean,2030,52,36,ES1 3,0.0
mean,2030,52,37,ES1 3,0.0
mean,2030,52,38,ES1 3,0.0
mean,2030,52,39,ES1 3,0.0
mean,2030,52,40,ES1 3,0.0
mean,2030,52,41,ES1 3,0.0
mean,2030,52,42,ES1 3,0.0
mean,2030,52,43,ES1 3,0.0
mean,2030,52,44,ES1 3,0.0
mean,2030,52,45,ES1 3,0.0
mean,2030,52,46,ES1 3,0.0
mean,2030,52,47,ES1 3,0.0
mean,2030,52,48,ES1 3,0.0
mean,2030,52,49,ES1 3,0.0
mean,2030,52,50,ES1 3,0.0
mean,2030,52,51,ES1 3,0.0
mean,2030,52,52,ES1 3,0.0
mean,2030,52,53,ES1 3,0.0
mean,2030,52,54,ES1 3,0.0
mean,2030,52,55,ES1 3,0.0
mean,2030,52,56,ES1 3,0.0
mean,2030,52,57,ES1 3,0.0
mean,2030,52,58,ES1 3,0.0
mean,2030,52,59,ES1 3,0.0
mean,2030,52,60,ES1 3,0.0
mean,2030,52,61,ES1 3,0.0
mean,2030,52,62,ES1 3,0.0
mean,2030,52,63,ES1 3,0.0
mean,2030,52,64,ES1 3,0.0
mean,2030,52,65,ES1 3,0.0
mean,2030,52,66,ES1 3,0.0
mean,2030,52,67,ES1 3,0.0
mean,2030,52,68,ES1 3,0.0
mean,2030,52,69,ES1 3,0.0
mean,2030,52,70,ES1 3,0.0
mean,2030,52,71,ES1 3,0.0
mean,2030,52,72,ES1 3,0.0
mean,2030,52,73,ES1 3,0.0
mean,2030,52,74,ES1 3,0.0
mean,2030,52,75,ES1 3,0.0
mean,2030,52,76,ES1 3,0.0
mean,2030,52,77,ES1 3,0.0
mean,2030,52,78,ES1 3,0.0
mean,2030,52,79,ES1 3,0.0
mean,2030,52,80,ES1 3,0.0
mean,2030,52,81,ES1 3,0.0
mean,2030,52,82,ES1 3,0.0
mean,2030,52,83,ES1 3,0.0
mean,2030,52,84,ES1 3,0.0
mean,2030,52,85,ES1 3,0.0
mean,2030,52,86,ES1 3,0.0
mean,2030,52,87,ES1 3,0.0
mean,2030,52,88,ES1 3,0.0
mean,2030,52,89,ES1 3,0.0
mean,2030,52,90,ES1 3,0.0
mean,2030,52,91,ES1 3,0.0
mean,2030,52,92,ES1 3,0.0
mean,2030,52,93,ES1 3,0.0
mean,2030,52,94,ES1 3,0.0
mean,2030,52,95,ES1 3,0.0
mean,2030,52,96,ES1 3,0.0
mean,2030,52,97,ES1 3,0.0
mean,2030,52,98,ES1 3,0.0
mean,2030,52,99,ES1 3,0.0
mean,2030,52,100,ES1 3,0.0
mean,2030,52,101,ES1 3,0.0
mean,2030,52,102,ES1 3,0.0
mean,2030,52,103,ES1 3,0.0
mean,2030,52,104,ES1 3,0.0
mean,2030,52,105,ES1 3,0.0
mean,2030,52,106,ES1 3,0.0
mean,2030,52,107,ES1 3,0.0
mean,2030,52,108,ES1 3,0.0
mean,2030,52,109,ES1 3,0.0
mean,2030,52,110,ES1 3,0.0
mean,2030,52,111,ES1 3,0.0
mean,2030,52,112,ES1 3,0.0
mean,2030,52,113,ES1 3,0.0
mean,2030,52,114,ES1 3,0.0
mean,2030,52,115,ES1 3,0.0
mean,2030,52,116,ES1 3,0.0
mean,2030,52,117,ES1 3,0.0
mean,2030,52,118,ES1 3,0.0
mean,2030,52,119,ES1 3,0.0
mean,2030,52,120,ES1 3,0.0
mean,2030,52,121,ES1 3,0.0
mean,2030,52,122,ES1 3,0.0
mean,2030,52,123,ES1 3,0.0
mean,2030,52,124,ES1 3,0.0
mean,2030,52,125,ES1 3,0.0
mean,2030,52,126,ES1 3,0.0
mean,2030,52,127,ES1 3,0.0
mean,2030,52,128,ES1 3,0.0
mean,2030,52,129,ES1 3,0.0
mean,2030,52,130,ES1 3,0.0
mean,2030,52,131,ES1 3,0.0
mean,2030,52,132,ES1 3,0.0
mean,2030,52,133,ES1 3,0.0
mean,2030,52,134,ES1 3,0.0
mean,2030,52,135,ES1 3,0.0
mean,2030,52,136,ES1 3,0.0
mean,2030,52,137,ES1 3,0.0
mean,2030,52,138,ES1 3,0.0
mean,2030,52,139,ES1 3,0.0
mean,2030,52,140,ES1 3,0.0
mean,2030,52,141,ES1 3,0.0
mean,2030,52,142,ES1 3,0.0
mean,2030,52,143,ES1 3,0.0
mean,2030,52,144,ES1 3,0.0
mean,2030,52,145,ES1 3,0.0
mean,2030,52,146,ES1 3,0.0
mean,2030,52,147,ES1 3,0.0
mean,2030,52,148,ES1 3,0.0
mean,2030,52,149,ES1 3,0.0
mean,2030,52,150,ES1 3,0.0
mean,2030,52,151,ES1 3,0.0
mean,2030,52,152,ES1 3,0.0
mean,2030,52,153,ES1 3,0.0
mean,2030,52,154,ES1 3,0.0
mean,2030,52,155,ES1 3,0.0
mean,2030,52,156,ES1 3,0.0
mean,2030,52,157,ES1 3,0.0
mean,2030,52,158,ES1 3,0.0
mean,2030,52,159,ES1 3,0.0
mean,2030,52,160,ES1 3,0.0
mean,2030,52,161,ES1 3,0.0
mean,2030,52,162,ES1 3,0.0
mean,2030,52,163,ES1 3,0.0
mean,2030,52,164,ES1 3,0.0
mean,2030,52,165,ES1 3,0.0
mean,2030,52,166,ES1 3,0.0
mean,2030,52,167,ES1 3,0.0
mean,2040,11,0,ES1 3,0.0
mean,2040,11,1,ES1 3,0.0
mean,2040,11,2,ES1 3,0.0
mean,2040,11,3,ES1 3,0.0
mean,2040,11,4,ES1 3,0.0
mean,2040,11,5,ES1 3,0.0
mean,2040,11,6,ES1 3,0.0
mean,2040,11,7,ES1 3,0.0
mean,2040,11,8,ES1 3,0.0
mean,2040,11,9,ES1 3,0.0
mean,2040,11,10,ES1 3,0.0
mean,2040,11,11,ES1 3,0.0
mean,2040,11,12,ES1 3,0.0
mean,2040,11,13,ES1 3,0.0
mean,2040,11,14,ES1 3,0.0
mean,2040,11,15,ES1 3,0.0
mean,2040,11,16,ES1 3,0.0
mean,2040,11,17,ES1 3,0.0
mean,2040,11,18,ES1 3,0.0
mean,2040,11,19,ES1 3,0.0
mean,2040,11,20,ES1 3,0.0
mean,2040,11,21,ES1 3,0.0
mean,2040,11,22,ES1 3,0.0
mean,2040,11,23,ES1 3,0.0
mean,2040,11,24,ES1 3,0.0
mean,2040,11,25,ES1 3,0.0
mean,2040,11,26,ES1 3,0.0
mean,2040,11,27,ES1 3,0.0
mean,2040,11,28,ES1 3,0.0
mean,2040,11,29,ES1 3,0.0
mean,2040,11,30,ES1 3,0.0
mean,2040,11,31,ES1 3,0.0
mean,2040,11,32,ES1 3,0.0
mean,2040,11,33,ES1 3,0.0
mean,2040,11,34,ES1 3,0.0
mean,2040,11,35,ES1 3,0.0
mean,2040,11,36,ES1 3,0.0
mean,2040,11,37,ES1 3,0.0
mean,2040,11,38,ES1 3,0.0
mean,2040,11,39,ES1 3,0.0
mean,2040,11,40,ES1 3,0.0
mean,2040,11,41,ES1 3,0.0
mean,2040,11,42,ES1 3,0.0
mean,2040,11,43,ES1 3,0.0
mean,2040,11,44,ES1 3,0.0
mean,2040,11,45,ES1 3,0.0
mean,2040,11,46,ES1 3,0.0
mean,2040,11,47,ES1 3,0.0
mean,2040,11,48,ES1 3,0.0
mean,2040,11,49,ES1 3,0.0
mean,2040,11,50,ES1 3,0.0
mean,2040,11,51,ES1 3,0.0
mean,2040,11,52,ES1 3,0.0
mean,2040,11,53,ES1 3,0.0
mean,2040,11,54,ES1 3,0.0
mean,2040,11,55,ES1 3,0.0
mean,2040,11,56,ES1 3,0.0
mean,2040,11,57,ES1 3,0.0
mean,2040,11,58,ES1 3,0.0
mean,2040,11,59,ES1 3,0.0
mean,2040,11,60,ES1 3,0.0
mean,2040,11,61,ES1 3,0.0
mean,2040,11,62,ES1 3,0.0
mean,2040,11,63,ES1 3,0.0
mean,2040,11,64,ES1 3,0.0
mean,2040,11,65,ES1 3,0.0
mean,2040,11,66,ES1 3,0.0
mean,2040,11,67,ES1 3,0.0
mean,2040,11,68,ES1 3,0.0
mean,2040,11,69,ES1 3,0.0
mean,2040,11,70,ES1 3,0.0
mean,2040,11,71,ES1 3,0.0
mean,2040,11,72,ES1 3,0.0
mean,2040,11,73,ES1 3,0.0
mean,2040,11,74,ES1 3,0.0
mean,2040,11,75,ES1 3,0.0
mean,2040,11,76,ES1 3,0.0
mean,2040,11,77,ES1 3,0.0
mean,2040,11,78,ES1 3,0.0
mean,2040,11,79,ES1 3,0.0
mean,2040,11,80,ES1 3,0.0
mean,2040,11,81,ES1 3,0.0
mean,2040,11,82,ES1 3,0.0
mean,2040,11,83,ES1 3,0.0
mean,2040,11,84,ES1 3,0.0
mean,2040,11,85,ES1 3,0.0
mean,2040,11,86,ES1 3,0.0
mean,2040,11,87,ES1 3,0.0
mean,2040,11,88,ES1 3,0.0
mean,2040,11,89,ES1 3,0.0
mean,2040,11,90,ES1 3,0.0
mean,2040,11,91,ES1 3,0.0
mean,2040,11,92,ES1 3,0.0
mean,2040,11,93,ES1 3,0.0
mean,2040,11,94,ES1 3,0.0
mean,2040,11,95,ES1 3,0.0
mean,2040,11,96,ES1 3,0.0
mean,2040,11,97,ES1 3,0.0
mean,2040,11,98,ES1 3,0.0
mean,2040,11,99,ES1 3,0.0
mean,2040,11,100,ES1 3,0.0
mean,2040,11,101,ES1 3,0.0
mean,2040,11,102,ES1 3,0.0
mean,2040,11,103,ES1 3,0.0
mean,2040,11,104,ES1 3,0.0
mean,2040,11,105,ES1 3,0.0
mean,2040,11,106,ES1 3,0.0
mean,2040,11,107,ES1 3,0.0
mean,2040,11,108,ES1 3,0.0
mean,2040,11,109,ES1 3,0.0
mean,2040,11,110,ES1 3,0.0
mean,2040,11,111,ES1 3,0.0
mean,2040,11,112,ES1 3,0.0
mean,2040,11,113,ES1 3,0.0
mean,2040,11,114,ES1 3,0.0
mean,2040,11,115,ES1 3,0.0
mean,2040,11,116,ES1 3,0.0
mean,2040,11,117,ES1 3,0.0
mean,2040,11,118,ES1 3,0.0
mean,2040,11,119,ES1 3,0.0
mean,2040,11,120,ES1 3,0.0
mean,2040,11,121,ES1 3,0.0
mean,2040,11,122,ES1 3,0.0
mean,2040,11,123,ES1 3,0.0
mean,2040,11,124,ES1 3,0.0
mean,2040,11,125,ES1 3,0.0
mean,2040,11,126,ES1 3,0.0
mean,2040,11,127,ES1 3,0.0
mean,2040,11,128,ES1 3,0.0
mean,2040,11,129,ES1 3,0.0
mean,2040,11,130,ES1 3,0.0
mean,2040,11,131,ES1 3,0.0
mean,2040,11,132,ES1 3,0.0
mean,2040,11,133,ES1 3,0.0
mean,2040,11,134,ES1 3,0.0
mean,2040,11,135,ES1 3,0.0
mean,2040,11,136,ES1 3,0.0
mean,2040,11,137,ES1 3,0.0
mean,2040,11,138,ES1 3,0.0
mean,2040,11,139,ES1 3,0.0
mean,2040,11,140,ES1 3,0.0
mean,2040,11,141,ES1 3,0.0
mean,2040,11,142,ES1 3,0.0
mean,2040,11,143,ES1 3,0.0
mean,2040,11,144,ES1 3,0.0
mean,2040,11,145,ES1 3,0.0
mean,2040,11,146,ES1 3,0.0
mean,2040,11,147,ES1 3,0.0
mean,2040,11,148,ES1 3,0.0
mean,2040,11,149,ES1 3,0.0
mean,2040,11,150,ES1 3,0.0
mean,2040,11,151,ES1 3,0.0
mean,2040,11,152,ES1 3,0.0
mean,2040,11,153,ES1 3,0.0
mean,2040,11,154,ES1 3,0.0
mean,2040,11,155,ES1 3,0.0
mean,2040,11,156,ES1 3,0.0
mean,2040,11,157,ES1 3,0.0
mean,2040,11,158,ES1 3,0.0
mean,2040,11,159,ES1 3,0.0
mean,2040,11,160,ES1 3,0.0
mean,2040,11,161,ES1 3,0.0
mean,2040,11,162,ES1 3,0.0
mean,2040,11,163,ES1 3,0.0
mean,2040,11,164,ES1 3,0.0
mean,2040,11,165,ES1 3,0.0
mean,2040,11,166,ES1 3,0.0
mean,2040,11,167,ES1 3,0.0
mean,2040,21,0,ES1 3,0.0
mean,2040,21,1,ES1 3,0.0
mean,2040,21,2,ES1 3,0.0
mean,2040,21,3,ES1 3,0.0
mean,2040,21,4,ES1 3,0.0
mean,2040,21,5,ES1 3,0.0
mean,2040,21,6,ES1 3,0.0
mean,2040,21,7,ES1 3,0.0
mean,2040,21,8,ES1 3,0.0
mean,2040,21,9,ES1 3,0.0
mean,2040,21,10,ES1 3,0.0
mean,2040,21,11,ES1 3,0.0
mean,2040,21,12,ES1 3,0.0
mean,2040,21,13,ES1 3,0.0
mean,2040,21,14,ES1 3,0.0
mean,2040,21,15,ES1 3,0.0
mean,2040,21,16,ES1 3,0.0
mean,2040,21,17,ES1 3,0.0
mean,2040,21,18,ES1 3,0.0
mean,2040,21,19,ES1 3,0.0
mean,2040,21,20,ES1 3,0.0
mean,2040,21,21,ES1 3,0.0
mean,2040,21,22,ES1 3,0.0
mean,2040,21,23,ES1 3,0.0
mean,2040,21,24,ES1 3,0.0
mean,2040,21,25,ES1 3,0.0
mean,2040,21,26,ES1 3,0.0
mean,2040,21,27,ES1 3,0.0
mean,2040,21,28,ES1 3,0.0
mean,2040,21,29,ES1 3,0.0
mean,2040,21,30,ES1 3,0.0
mean,2040,21,31,ES1 3,0.0
mean,2040,21,32,ES1 3,0.0
mean,2040,21,33,ES1 3,0.0
mean,2040,21,34,ES1 3,0.0
mean,2040,21,35,ES1 3,0.0
mean,2040,21,36,ES1 3,0.0
mean,2040,21,37,ES1 3,0.0
mean,2040,21,38,ES1 3,0.0
mean,2040,21,39,ES1 3,0.0
mean,2040,21,40,ES1 3,0.0
mean,2040,21,41,ES1 3,0.0
mean,2040,21,42,ES1 3,0.0
mean,2040,21,43,ES1 3,0.0
mean,2040,21,44,ES1 3,0.0
mean,2040,21,45,ES1 3,0.0
mean,2040,21,46,ES1 3,0.0
mean,2040,21,47,ES1 3,0.0
mean,2040,21,48,ES1 3,0.0
mean,2040,21,49,ES1 3,0.0
mean,2040,21,50,ES1 3,0.0
mean,2040,21,51,ES1 3,0.0
mean,2040,21,52,ES1 3,0.0
mean,2040,21,53,ES1 3,0.0
mean,2040,21,54,ES1 3,0.0
mean,2040,21,55,ES1 3,0.0
mean,2040,21,56,ES1 3,0.0
mean,2040,21,57,ES1 3,0.0
mean,2040,21,58,ES1 3,0.0
mean,2040,21,59,ES1 3,0.0
mean,2040,21,60,ES1 3,0.0
mean,2040,21,61,ES1 3,0.0
mean,2040,21,62,ES1 3,0.0
mean,2040,21,63,ES1 3,0.0
mean,2040,21,64,ES1 3,0.0
mean,2040,21,65,ES1 3,0.0
mean,2040,21,66,ES1 3,0.0
mean,2040,21,67,ES1 3,0.0
mean,2040,21,68,ES1 3,0.0
mean,2040,21,69,ES1 3,0.0
mean,2040,21,70,ES1 3,0.0
mean,2040,21,71,ES1 3,0.0
mean,2040,21,72,ES1 3,0.0
mean,2040,21,73,ES1 3,0.0
mean,2040,21,74,ES1 3,0.0
mean,2040,21,75,ES1 3,0.0
mean,2040,21,76,ES1 3,0.0
mean,2040,21,77,ES1 3,0.0
mean,2040,21,78,ES1 3,0.0
mean,2040,21,79,ES1 3,0.0
mean,2040,21,80,ES1 3,0.0
mean,2040,21,81,ES1 3,0.0
mean,2040,21,82,ES1 3,0.0
mean,2040,21,83,ES1 3,0.0
mean,2040,21,84,ES1 3,0.0
mean,2040,21,85,ES1 3,0.0
mean,2040,21,86,ES1 3,0.0
mean,2040,21,87,ES1 3,0.0
mean,2040,21,88,ES1 3,0.0
mean,2040,21,89,ES1 3,0.0
mean,2040,21,90,ES1 3,0.0
mean,2040,21,91,ES1 3,0.0
mean,2040,21,92,ES1 3,0.0
mean,2040,21,93,ES1 3,0.0
mean,2040,21,94,ES1 3,0.0
mean,2040,21,95,ES1 3,0.0
mean,2040,21,96,ES1 3,0.0
mean,2040,21,97,ES1 3,0.0
mean,2040,21,98,ES1 3,0.0
mean,2040,21,99,ES1 3,0.0
mean,2040,21,100,ES1 3,0.0
mean,2040,21,101,ES1 3,0.0
mean,2040,21,102,ES1 3,0.0
mean,2040,21,103,ES1 3,0.0
mean,2040,21,104,ES1 3,0.0
mean,2040,21,105,ES1 3,0.0
mean,2040,21,106,ES1 3,0.0
mean,2040,21,107,ES1 3,0.0
mean,2040,21,108,ES1 3,0.0
mean,2040,21,109,ES1 3,0.0
mean,2040,21,110,ES1 3,0.0
mean,2040,21,111,ES1 3,0.0
mean,2040,21,112,ES1 3,0.0
mean,2040,21,113,ES1 3,0.0
mean,2040,21,114,ES1 3,0.0
mean,2040,21,115,ES1 3,0.0
mean,2040,21,116,ES1 3,0.0
mean,2040,21,117,ES1 3,0.0
mean,2040,21,118,ES1 3,0.0
mean,2040,21,119,ES1 3,0.0
mean,2040,21,120,ES1 3,0.0
mean,2040,21,121,ES1 3,0.0
mean,2040,21,122,ES1 3,0.0
mean,2040,21,123,ES1 3,0.0
mean,2040,21,124,ES1 3,0.0
mean,2040,21,125,ES1 3,0.0
mean,2040,21,126,ES1 3,0.0
mean,2040,21,127,ES1 3,0.0
mean,2040,21,128,ES1 3,0.0
mean,2040,21,129,ES1 3,0.0
mean,2040,21,130,ES1 3,0.0
mean,2040,21,131,ES1 3,0.0
mean,2040,21,132,ES1 3,0.0
mean,2040,21,133,ES1 3,0.0
mean,2040,21,134,ES1 3,0.0
mean,2040,21,135,ES1 3,0.0
mean,2040,21,136,ES1 3,0.0
mean,2040,21,137,ES1 3,0.0
mean,2040,21,138,ES1 3,0.0
mean,2040,21,139,ES1 3,0.0
mean,2040,21,140,ES1 3,0.0
mean,2040,21,141,ES1 3,0.0
mean,2040,21,142,ES1 3,0.0
mean,2040,21,143,ES1 3,0.0
mean,2040,21,144,ES1 3,0.0
mean,2040,21,145,ES1 3,0.0
mean,2040,21,146,ES1 3,0.0
mean,2040,21,147,ES1 3,0.0
mean,2040,21,148,ES1 3,0.0
mean,2040,21,149,ES1 3,0.0
mean,2040,21,150,ES1 3,0.0
mean,2040,21,151,ES1 3,0.0
mean,2040,21,152,ES1 3,0.0
mean,2040,21,153,ES1 3,0.0
mean,2040,21,154,ES1 3,0.0
mean,2040,21,155,ES1 3,0.0
mean,2040,21,156,ES1 3,0.0
mean,2040,21,157,ES1 3,0.0
mean,2040,21,158,ES1 3,0.0
mean,2040,21,159,ES1 3,0.0
mean,2040,21,160,ES1 3,0.0
mean,2040,21,161,ES1 3,0.0
mean,2040,21,162,ES1 3,0.0
mean,2040,21,163,ES1 3,0.0
mean,2040,21,164,ES1 3,0.0
mean,2040,21,165,ES1 3,0.0
mean,2040,21,166,ES1 3,0.0
mean,2040,21,167,ES1 3,0.0
mean,2040,42,0,ES1 3,0.0
mean,2040,42,1,ES1 3,0.0
mean,2040,42,2,ES1 3,0.0
mean,2040,42,3,ES1 3,0.0
mean,2040,42,4,ES1 3,0.0
mean,2040,42,5,ES1 3,0.0
mean,2040,42,6,ES1 3,0.0
mean,2040,42,7,ES1 3,0.0
mean,2040,42,8,ES1 3,0.0
mean,2040,42,9,ES1 3,0.0
mean,2040,42,10,ES1 3,0.0
mean,2040,42,11,ES1 3,0.0
mean,2040,42,12,ES1 3,0.0
mean,2040,42,13,ES1 3,0.0
mean,2040,42,14,ES1 3,0.0
mean,2040,42,15,ES1 3,0.0
mean,2040,42,16,ES1 3,0.0
mean,2040,42,17,ES1 3,0.0
mean,2040,42,18,ES1 3,0.0
mean,2040,42,19,ES1 3,0.0
mean,2040,42,20,ES1 3,0.0
mean,2040,42,21,ES1 3,0.0
mean,2040,42,22,ES1 3,0.0
mean,2040,42,23,ES1 3,0.0
mean,2040,42,24,ES1 3,0.0
mean,2040,42,25,ES1 3,0.0
mean,2040,42,26,ES1 3,0.0
mean,2040,42,27,ES1 3,0.0
mean,2040,42,28,ES1 3,0.0
mean,2040,42,29,ES1 3,0.0
mean,2040,42,30,ES1 3,0.0
mean,2040,42,31,ES1 3,0.0
mean,2040,42,32,ES1 3,0.0
mean,2040,42,33,ES1 3,0.0
mean,2040,42,34,ES1 3,0.0
mean,2040,42,35,ES1 3,0.0
mean,2040,42,36,ES1 3,0.0
mean,2040,42,37,ES1 3,0.0
mean,2040,42,38,ES1 3,0.0
mean,2040,42,39,ES1 3,0.0
mean,2040,42,40,ES1 3,0.0
mean,2040,42,41,ES1 3,0.0
mean,2040,42,42,ES1 3,0.0
mean,2040,42,43,ES1 3,0.0
mean,2040,42,44,ES1 3,0.0
mean,2040,42,45,ES1 3,0.0
mean,2040,42,46,ES1 3,0.0
mean,2040,42,47,ES1 3,0.0
mean,2040,42,48,ES1 3,0.0
mean,2040,42,49,ES1 3,0.0
mean,2040,42,50,ES1 3,0.0
mean,2040,42,51,ES1 3,0.0
mean,2040,42,52,ES1 3,0.0
mean,2040,42,53,ES1 3,0.0
mean,2040,42,54,ES1 3,0.0
mean,2040,42,55,ES1 3,0.0
mean,2040,42,56,ES1 3,0.0
mean,2040,42,57,ES1 3,0.0
mean,2040,42,58,ES1 3,0.0
mean,2040,42,59,ES1 3,0.0
mean,2040,42,60,ES1 3,0.0
mean,2040,42,61,ES1 3,0.0
mean,2040,42,62,ES1 3,0.0
mean,2040,42,63,ES1 3,0.0
mean,2040,42,64,ES1 3,0.0
mean,2040,42,65,ES1 3,0.0
mean,2040,42,66,ES1 3,0.0
mean,2040,42,67,ES1 3,0.0
mean,2040,42,68,ES1 3,0.0
mean,2040,42,69,ES1 3,0.0
mean,2040,42,70,ES1 3,0.0
mean,2040,42,71,ES1 3,0.0
mean,2040,42,72,ES1 3,0.0
mean,2040,42,73,ES1 3,0.0
mean,2040,42,74,ES1 3,0.0
mean,2040,42,75,ES1 3,0.0
mean,2040,42,76,ES1 3,0.0
mean,2040,42,77,ES1 3,0.0
mean,2040,42,78,ES1 3,0.0
mean,2040,42,79,ES1 3,0.0
mean,2040,42,80,ES1 3,0.0
mean,2040,42,81,ES1 3,0.0
mean,2040,42,82,ES1 3,0.0
mean,2040,42,83,ES1 3,0.0
mean,2040,42,84,ES1 3,0.0
mean,2040,42,85,ES1 3,0.0
mean,2040,42,86,ES1 3,0.0
mean,2040,42,87,ES1 3,0.0
mean,2040,42,88,ES1 3,0.0
mean,2040,42,89,ES1 3,0.0
mean,2040,42,90,ES1 3,0.0
mean,2040,42,91,ES1 3,0.0
mean,2040,42,92,ES1 3,0.0
mean,2040,42,93,ES1 3,0.0
mean,2040,42,94,ES1 3,0.0
mean,2040,42,95,ES1 3,0.0
mean,2040,42,96,ES1 3,0.0
mean,2040,42,97,ES1 3,0.0
mean,2040,42,98,ES1 3,0.0
mean,2040,42,99,ES1 3,0.0
mean,2040,42,100,ES1 3,0.0
mean,2040,42,101,ES1 3,0.0
mean,2040,42,102,ES1 3,0.0
mean,2040,42,103,ES1 3,0.0
mean,2040,42,104,ES1 3,0.0
mean,2040,42,105,ES1 3,0.0
mean,2040,42,106,ES1 3,0.0
mean,2040,42,107,ES1 3,0.0
mean,2040,42,108,ES1 3,0.0
mean,2040,42,109,ES1 3,0.0
mean,2040,42,110,ES1 3,0.0
mean,2040,42,111,ES1 3,0.0
mean,2040,42,112,ES1 3,0.0
mean,2040,42,113,ES1 3,0.0
mean,2040,42,114,ES1 3,0.0
mean,2040,42,115,ES1 3,0.0
mean,2040,42,116,ES1 3,0.0
mean,2040,42,117,ES1 3,0.0
mean,2040,42,118,ES1 3,0.0
mean,2040,42,119,ES1 3,0.0
mean,2040,42,120,ES1 3,0.0
mean,2040,42,121,ES1 3,0.0
mean,2040,42,122,ES1 3,0.0
mean,2040,42,123,ES1 3,0.0
mean,2040,42,124,ES1 3,0.0
mean,2040,42,125,ES1 3,0.0
mean,2040,42,126,ES1 3,0.0
mean,2040,42,127,ES1 3,0.0
mean,2040,42,128,ES1 3,0.0
mean,2040,42,129,ES1 3,0.0
mean,2040,42,130,ES1 3,0.0
mean,2040,42,131,ES1 3,0.0
mean,2040,42,132,ES1 3,0.0
mean,2040,42,133,ES1 3,0.0
mean,2040,42,134,ES1 3,0.0
mean,2040,42,135,ES1 3,0.0
mean,2040,42,136,ES1 3,0.0
mean,2040,42,137,ES1 3,0.0
mean,2040,42,138,ES1 3,0.0
mean,2040,42,139,ES1 3,0.0
mean,2040,42,140,ES1 3,0.0
mean,2040,42,141,ES1 3,0.0
mean,2040,42,142,ES1 3,0.0
mean,2040,42,143,ES1 3,0.0
mean,2040,42,144,ES1 3,0.0
mean,2040,42,145,ES1 3,0.0
mean,2040,42,146,ES1 3,0.0
mean,2040,42,147,ES1 3,0.0
mean,2040,42,148,ES1 3,0.0
mean,2040,42,149,ES1 3,0.0
mean,2040,42,150,ES1 3,0.0
mean,2040,42,151,ES1 3,0.0
mean,2040,42,152,ES1 3,0.0
mean,2040,42,153,ES1 3,0.0
mean,2040,42,154,ES1 3,0.0
mean,2040,42,155,ES1 3,0.0
mean,2040,42,156,ES1 3,0.0
mean,2040,42,157,ES1 3,0.0
mean,2040,42,158,ES1 3,0.0
mean,2040,42,159,ES1 3,0.0
mean,2040,42,160,ES1 3,0.0
mean,2040,42,161,ES1 3,0.0
mean,2040,42,162,ES1 3,0.0
mean,2040,42,163,ES1 3,0.0
mean,2040,42,164,ES1 3,0.0
mean,2040,42,165,ES1 3,0.0
mean,2040,42,166,ES1 3,0.0
mean,2040,42,167,ES1 3,0.0
mean,2040,52,0,ES1 3,0.0
mean,2040,52,1,ES1 3,0.0
mean,2040,52,2,ES1 3,0.0
mean,2040,52,3,ES1 3,0.0
mean,2040,52,4,ES1 3,0.0
mean,2040,52,5,ES1 3,0.0
mean,2040,52,6,ES1 3,0.0
mean,2040,52,7,ES1 3,0.0
mean,2040,52,8,ES1 3,0.0
mean,2040,52,9,ES1 3,0.0
mean,2040,52,10,ES1 3,0.0
mean,2040,52,11,ES1 3,0.0
mean,2040,52,12,ES1 3,0.0
mean,2040,52,13,ES1 3,0.0
mean,2040,52,14,ES1 3,0.0
mean,2040,52,15,ES1 3,0.0
mean,2040,52,16,ES1 3,0.0
mean,2040,52,17,ES1 3,0.0
mean,2040,52,18,ES1 3,0.0
mean,2040,52,19,ES1 3,0.0
mean,2040,52,20,ES1 3,0.0
mean,2040,52,21,ES1 3,0.0
mean,2040,52,22,ES1 3,0.0
mean,2040,52,23,ES1 3,0.0
mean,2040,52,24,ES1 3,0.0
mean,2040,52,25,ES1 3,0.0
mean,2040,52,26,ES1 3,0.0
mean,2040,52,27,ES1 3,0.0
mean,2040,52,28,ES1 3,0.0
mean,2040,52,29,ES1 3,0.0
mean,2040,52,30,ES1 3,0.0
mean,2040,52,31,ES1 3,0.0
mean,2040,52,32,ES1 3,0.0
mean,2040,52,33,ES1 3,0.0
mean,2040,52,34,ES1 3,0.0
mean,2040,52,35,ES1 3,0.0
mean,2040,52,36,ES1 3,0.0
mean,2040,52,37,ES1 3,0.0
mean,2040,52,38,ES1 3,0.0
mean,2040,52,39,ES1 3,0.0
mean,2040,52,40,ES1 3,0.0
mean,2040,52,41,ES1 3,0.0
mean,2040,52,42,ES1 3,0.0
mean,2040,52,43,ES1 3,0.0
mean,2040,52,44,ES1 3,0.0
mean,2040,52,45,ES1 3,0.0
mean,2040,52,46,ES1 3,0.0
mean,2040,52,47,ES1 3,0.0
mean,2040,52,48,ES1 3,0.0
mean,2040,52,49,ES1 3,0.0
mean,2040,52,50,ES1 3,0.0
mean,2040,52,51,ES1 3,0.0
mean,2040,52,52,ES1 3,0.0
mean,2040,52,53,ES1 3,0.0
mean,2040,52,54,ES1 3,0.0
mean,2040,52,55,ES1 3,0.0
mean,2040,52,56,ES1 3,0.0
mean,2040,52,57,ES1 3,0.0
mean,2040,52,58,ES1 3,0.0
mean,2040,52,59,ES1 3,0.0
mean,2040,52,60,ES1 3,0.0
mean,2040,52,61,ES1 3,0.0
mean,2040,52,62,ES1 3,0.0
mean,2040,52,63,ES1 3,0.0
mean,2040,52,64,ES1 3,0.0
mean,2040,52,65,ES1 3,0.0
mean,2040,52,66,ES1 3,0.0
mean,2040,52,67,ES1 3,0.0
mean,2040,52,68,ES1 3,0.0
mean,2040,52,69,ES1 3,0.0
mean,2040,52,70,ES1 3,0.0
mean,2040,52,71,ES1 3,0.0
mean,2040,52,72,ES1 3,0.0
mean,2040,52,73,ES1 3,0.0
mean,2040,52,74,ES1 3,0.0
mean,2040,52,75,ES1 3,0.0
mean,2040,52,76,ES1 3,0.0
mean,2040,52,77,ES1 3,0.0
mean,2040,52,78,ES1 3,0.0
mean,2040,52,79,ES1 3,0.0
mean,2040,52,80,ES1 3,0.0
mean,2040,52,81,ES1 3,0.0
mean,2040,52,82,ES1 3,0.0
mean,2040,52,83,ES1 3,0.0
mean,2040,52,84,ES1 3,0.0
mean,2040,52,85,ES1 3,0.0
mean,2040,52,86,ES1 3,0.0
mean,2040,52,87,ES1 3,0.0
mean,2040,52,88,ES1 3,0.0
mean,2040,52,89,ES1 3,0.0
mean,2040,52,90,ES1 3,0.0
mean,2040,52,91,ES1 3,0.0
mean,2040,52,92,ES1 3,0.0
mean,2040,52,93,ES1 3,0.0
mean,2040,52,94,ES1 3,0.0
mean,2040,52,95,ES1 3,0.0
mean,2040,52,96,ES1 3,0.0
mean,2040,52,97,ES1 3,0.0
mean,2040,52,98,ES1 3,0.0
mean,2040,52,99,ES1 3,0.0
mean,2040,52,100,ES1 3,0.0
mean,2040,52,101,ES1 3,0.0
mean,2040,52,102,ES1 3,0.0
mean,2040,52,103,ES1 3,0.0
mean,2040,52,104,ES1 3,0.0
mean,2040,52,105,ES1 3,0.0
mean,2040,52,106,ES1 3,0.0
mean,2040,52,107,ES1 3,0.0
mean,2040,52,108,ES1 3,0.0
mean,2040,52,109,ES1 3,0.0
mean,2040,52,110,ES1 3,0.0
mean,2040,52,111,ES1 3,0.0
mean,2040,52,112,ES1 3,0.0
mean,2040,52,113,ES1 3,0.0
mean,2040,52,114,ES1 3,0.0
mean,2040,52,115,ES1 3,0.0
mean,2040,52,116,ES1 3,0.0
mean,2040,52,117,ES1 3,0.0
mean,2040,52,118,ES1 3,0.0
mean,2040,52,119,ES1 3,0.0
mean,2040,52,120,ES1 3,0.0
mean,2040,52,121,ES1 3,0.0
mean,2040,52,122,ES1 3,0.0
mean,2040,52,123,ES1 3,0.0
mean,2040,52,124,ES1 3,0.0
mean,2040,52,125,ES1 3,0.0
mean,2040,52,126,ES1 3,0.0
mean,2040,52,127,ES1 3,0.0
mean,2040,52,128,ES1 3,0.0
mean,2040,52,129,ES1 3,0.0
mean,2040,52,130,ES1 3,0.0
mean,2040,52,131,ES1 3,0.0
mean,2040,52,132,ES1 3,0.0
mean,2040,52,133,ES1 3,0.0
mean,2040,52,134,ES1 3,0.0
mean,2040,52,135,ES1 3,0.0
mean,2040,52,136,ES1 3,0.0
mean,2040,52,137,ES1 3,0.0
mean,2040,52,138,ES1 3,0.0
mean,2040,52,139,ES1 3,0.0
mean,2040,52,140,ES1 3,0.0
mean,2040,52,141,ES1 3,0.0
mean,2040,52,142,ES1 3,0.0
mean,2040,52,143,ES1 3,0.0
mean,2040,52,144,ES1 3,0.0
mean,2040,52,145,ES1 3,0.0
mean,2040,52,146,ES1 3,0.0
mean,2040,52,147,ES1 3,0.0
mean,2040,52,148,ES1 3,0.0
mean,2040,52,149,ES1 3,0.0
mean,2040,52,150,ES1 3,0.0
mean,2040,52,151,ES1 3,0.0
mean,2040,52,152,ES1 3,0.0
mean,2040,52,153,ES1 3,0.0
mean,2040,52,154,ES1 3,0.0
mean,2040,52,155,ES1 3,0.0
mean,2040,52,156,ES1 3,0.0
mean,2040,52,157,ES1 3,0.0
mean,2040,52,158,ES1 3,0.0
mean,2040,52,159,ES1 3,0.0
mean,2040,52,160,ES1 3,0.0
mean,2040,52,161,ES1 3,0.0
mean,2040,52,162,ES1 3,0.0
mean,2040,52,163,ES1 3,0.0
mean,2040,52,164,ES1 3,0.0
mean,2040,52,165,ES1 3,0.0
mean,2040,52,166,ES1 3,0.0
mean,2040,52,167,ES1 3,0.0
mean,2050,11,0,ES1 3,0.0
mean,2050,11,1,ES1 3,0.0
mean,2050,11,2,ES1 3,0.0
mean,2050,11,3,ES1 3,0.0
mean,2050,11,4,ES1 3,0.0
mean,2050,11,5,ES1 3,0.0
mean,2050,11,6,ES1 3,0.0
mean,2050,11,7,ES1 3,0.0
mean,2050,11,8,ES1 3,0.0
mean,2050,11,9,ES1 3,0.0
mean,2050,11,10,ES1 3,0.0
mean,2050,11,11,ES1 3,0.0
mean,2050,11,12,ES1 3,0.0
mean,2050,11,13,ES1 3,0.0
mean,2050,11,14,ES1 3,0.0
mean,2050,11,15,ES1 3,0.0
mean,2050,11,16,ES1 3,0.0
mean,2050,11,17,ES1 3,0.0
mean,2050,11,18,ES1 3,0.0
mean,2050,11,19,ES1 3,0.0
mean,2050,11,20,ES1 3,0.0
mean,2050,11,21,ES1 3,0.0
mean,2050,11,22,ES1 3,0.0
mean,2050,11,23,ES1 3,0.0
mean,2050,11,24,ES1 3,0.0
mean,2050,11,25,ES1 3,0.0
mean,2050,11,26,ES1 3,0.0
mean,2050,11,27,ES1 3,0.0
mean,2050,11,28,ES1 3,0.0
mean,2050,11,29,ES1 3,0.0
mean,2050,11,30,ES1 3,0.0
mean,2050,11,31,ES1 3,0.0
mean,2050,11,32,ES1 3,0.0
mean,2050,11,33,ES1 3,0.0
mean,2050,11,34,ES1 3,0.0
mean,2050,11,35,ES1 3,0.0
mean,2050,11,36,ES1 3,0.0
mean,2050,11,37,ES1 3,0.0
mean,2050,11,38,ES1 3,0.0
mean,2050,11,39,ES1 3,0.0
mean,2050,11,40,ES1 3,0.0
mean,2050,11,41,ES1 3,0.0
mean,2050,11,42,ES1 3,0.0
mean,2050,11,43,ES1 3,0.0
mean,2050,11,44,ES1 3,0.0
mean,2050,11,45,ES1 3,0.0
mean,2050,11,46,ES1 3,0.0
mean,2050,11,47,ES1 3,0.0
mean,2050,11,48,ES1 3,0.0
mean,2050,11,49,ES1 3,0.0
mean,2050,11,50,ES1 3,0.0
mean,2050,11,51,ES1 3,0.0
mean,2050,11,52,ES1 3,0.0
mean,2050,11,53,ES1 3,0.0
mean,2050,11,54,ES1 3,0.0
mean,2050,11,55,ES1 3,0.0
mean,2050,11,56,ES1 3,0.0
mean,2050,11,57,ES1 3,0.0
mean,2050,11,58,ES1 3,0.0
mean,2050,11,59,ES1 3,0.0
mean,2050,11,60,ES1 3,0.0
mean,2050,11,61,ES1 3,0.0
mean,2050,11,62,ES1 3,0.0
mean,2050,11,63,ES1 3,0.0
mean,2050,11,64,ES1 3,0.0
mean,2050,11,65,ES1 3,0.0
mean,2050,11,66,ES1 3,0.0
mean,2050,11,67,ES1 3,0.0
mean,2050,11,68,ES1 3,0.0
mean,2050,11,69,ES1 3,0.0
mean,2050,11,70,ES1 3,0.0
mean,2050,11,71,ES1 3,0.0
mean,2050,11,72,ES1 3,0.0
mean,2050,11,73,ES1 3,0.0
mean,2050,11,74,ES1 3,0.0
mean,2050,11,75,ES1 3,0.0
mean,2050,11,76,ES1 3,0.0
mean,2050,11,77,ES1 3,0.0
mean,2050,11,78,ES1 3,0.0
mean,2050,11,79,ES1 3,0.0
mean,2050,11,80,ES1 3,0.0
mean,2050,11,81,ES1 3,0.0
mean,2050,11,82,ES1 3,0.0
mean,2050,11,83,ES1 3,0.0
mean,2050,11,84,ES1 3,0.0
mean,2050,11,85,ES1 3,0.0
mean,2050,11,86,ES1 3,0.0
mean,2050,11,87,ES1 3,0.0
mean,2050,11,88,ES1 3,0.0
mean,2050,11,89,ES1 3,0.0
mean,2050,11,90,ES1 3,0.0
mean,2050,11,91,ES1 3,0.0
mean,2050,11,92,ES1 3,0.0
mean,2050,11,93,ES1 3,0.0
mean,2050,11,94,ES1 3,0.0
mean,2050,11,95,ES1 3,0.0
mean,2050,11,96,ES1 3,0.0
mean,2050,11,97,ES1 3,0.0
mean,2050,11,98,ES1 3,0.0
mean,2050,11,99,ES1 3,0.0
mean,2050,11,100,ES1 3,0.0
mean,2050,11,101,ES1 3,0.0
mean,2050,11,102,ES1 3,0.0
mean,2050,11,103,ES1 3,0.0
mean,2050,11,104,ES1 3,0.0
mean,2050,11,105,ES1 3,0.0
mean,2050,11,106,ES1 3,0.0
mean,2050,11,107,ES1 3,0.0
mean,2050,11,108,ES1 3,0.0
mean,2050,11,109,ES1 3,0.0
mean,2050,11,110,ES1 3,0.0
mean,2050,11,111,ES1 3,0.0
mean,2050,11,112,ES1 3,0.0
mean,2050,11,113,ES1 3,0.0
mean,2050,11,114,ES1 3,0.0
mean,2050,11,115,ES1 3,0.0
mean,2050,11,116,ES1 3,0.0
mean,2050,11,117,ES1 3,0.0
mean,2050,11,118,ES1 3,0.0
mean,2050,11,119,ES1 3,0.0
mean,2050,11,120,ES1 3,0.0
mean,2050,11,121,ES1 3,0.0
mean,2050,11,122,ES1 3,0.0
mean,2050,11,123,ES1 3,0.0
mean,2050,11,124,ES1 3,0.0
mean,2050,11,125,ES1 3,0.0
mean,2050,11,126,ES1 3,0.0
mean,2050,11,127,ES1 3,0.0
mean,2050,11,128,ES1 3,0.0
mean,2050,11,129,ES1 3,0.0
mean,2050,11,130,ES1 3,0.0
mean,2050,11,131,ES1 3,0.0
mean,2050,11,132,ES1 3,0.0
mean,2050,11,133,ES1 3,0.0
mean,2050,11,134,ES1 3,0.0
mean,2050,11,135,ES1 3,0.0
mean,2050,11,136,ES1 3,0.0
mean,2050,11,137,ES1 3,0.0
mean,2050,11,138,ES1 3,0.0
mean,2050,11,139,ES1 3,0.0
mean,2050,11,140,ES1 3,0.0
mean,2050,11,141,ES1 3,0.0
mean,2050,11,142,ES1 3,0.0
mean,2050,11,143,ES1 3,0.0
mean,2050,11,144,ES1 3,0.0
mean,2050,11,145,ES1 3,0.0
mean,2050,11,146,ES1 3,0.0
mean,2050,11,147,ES1 3,0.0
mean,2050,11,148,ES1 3,0.0
mean,2050,11,149,ES1 3,0.0
mean,2050,11,150,ES1 3,0.0
mean,2050,11,151,ES1 3,0.0
mean,2050,11,152,ES1 3,0.0
mean,2050,11,153,ES1 3,0.0
mean,2050,11,154,ES1 3,0.0
mean,2050,11,155,ES1 3,0.0
mean,2050,11,156,ES1 3,0.0
mean,2050,11,157,ES1 3,0.0
mean,2050,11,158,ES1 3,0.0
mean,2050,11,159,ES1 3,0.0
mean,2050,11,160,ES1 3,0.0
mean,2050,11,161,ES1 3,0.0
mean,2050,11,162,ES1 3,0.0
mean,2050,11,163,ES1 3,0.0
mean,2050,11,164,ES1 3,0.0
mean,2050,11,165,ES1 3,0.0
mean,2050,11,166,ES1 3,0.0
mean,2050,11,167,ES1 3,0.0
mean,2050,21,0,ES1 3,0.0
mean,2050,21,1,ES1 3,0.0
mean,2050,21,2,ES1 3,0.0
mean,2050,21,3,ES1 3,0.0
mean,2050,21,4,ES1 3,0.0
mean,2050,21,5,ES1 3,0.0
mean,2050,21,6,ES1 3,0.0
mean,2050,21,7,ES1 3,0.0
mean,2050,21,8,ES1 3,0.0
mean,2050,21,9,ES1 3,0.0
mean,2050,21,10,ES1 3,0.0
mean,2050,21,11,ES1 3,0.0
mean,2050,21,12,ES1 3,0.0
mean,2050,21,13,ES1 3,0.0
mean,2050,21,14,ES1 3,0.0
mean,2050,21,15,ES1 3,0.0
mean,2050,21,16,ES1 3,0.0
mean,2050,21,17,ES1 3,0.0
mean,2050,21,18,ES1 3,0.0
mean,2050,21,19,ES1 3,0.0
mean,2050,21,20,ES1 3,0.0
mean,2050,21,21,ES1 3,0.0
mean,2050,21,22,ES1 3,0.0
mean,2050,21,23,ES1 3,0.0
mean,2050,21,24,ES1 3,0.0
mean,2050,21,25,ES1 3,0.0
mean,2050,21,26,ES1 3,0.0
mean,2050,21,27,ES1 3,0.0
mean,2050,21,28,ES1 3,0.0
mean,2050,21,29,ES1 3,0.0
mean,2050,21,30,ES1 3,0.0
mean,2050,21,31,ES1 3,0.0
mean,2050,21,32,ES1 3,0.0
mean,2050,21,33,ES1 3,0.0
mean,2050,21,34,ES1 3,0.0
mean,2050,21,35,ES1 3,0.0
mean,2050,21,36,ES1 3,0.0
mean,2050,21,37,ES1 3,0.0
mean,2050,21,38,ES1 3,0.0
mean,2050,21,39,ES1 3,0.0
mean,2050,21,40,ES1 3,0.0
mean,2050,21,41,ES1 3,0.0
mean,2050,21,42,ES1 3,0.0
mean,2050,21,43,ES1 3,0.0
mean,2050,21,44,ES1 3,0.0
mean,2050,21,45,ES1 3,0.0
mean,2050,21,46,ES1 3,0.0
mean,2050,21,47,ES1 3,0.0
mean,2050,21,48,ES1 3,0.0
mean,2050,21,49,ES1 3,0.0
mean,2050,21,50,ES1 3,0.0
mean,2050,21,51,ES1 3,0.0
mean,2050,21,52,ES1 3,0.0
mean,2050,21,53,ES1 3,0.0
mean,2050,21,54,ES1 3,0.0
mean,2050,21,55,ES1 3,0.0
mean,2050,21,56,ES1 3,0.0
mean,2050,21,57,ES1 3,0.0
mean,2050,21,58,ES1 3,0.0
mean,2050,21,59,ES1 3,0.0
mean,2050,21,60,ES1 3,0.0
mean,2050,21,61,ES1 3,0.0
mean,2050,21,62,ES1 3,0.0
mean,2050,21,63,ES1 3,0.0
mean,2050,21,64,ES1 3,0.0
mean,2050,21,65,ES1 3,0.0
mean,2050,21,66,ES1 3,0.0
mean,2050,21,67,ES1 3,0.0
mean,2050,21,68,ES1 3,0.0
mean,2050,21,69,ES1 3,0.0
mean,2050,21,70,ES1 3,0.0
mean,2050,21,71,ES1 3,0.0
mean,2050,21,72,ES1 3,0.0
mean,2050,21,73,ES1 3,0.0
mean,2050,21,74,ES1 3,0.0
mean,2050,21,75,ES1 3,0.0
mean,2050,21,76,ES1 3,0.0
mean,2050,21,77,ES1 3,0.0
mean,2050,21,78,ES1 3,0.0
mean,2050,21,79,ES1 3,0.0
mean,2050,21,80,ES1 3,0.0
mean,2050,21,81,ES1 3,0.0
mean,2050,21,82,ES1 3,0.0
mean,2050,21,83,ES1 3,0.0
mean,2050,21,84,ES1 3,0.0
mean,2050,21,85,ES1 3,0.0
mean,2050,21,86,ES1 3,0.0
mean,2050,21,87,ES1 3,0.0
mean,2050,21,88,ES1 3,0.0
mean,2050,21,89,ES1 3,0.0
mean,2050,21,90,ES1 3,0.0
mean,2050,21,91,ES1 3,0.0
mean,2050,21,92,ES1 3,0.0
mean,2050,21,93,ES1 3,0.0
mean,2050,21,94,ES1 3,0.0
mean,2050,21,95,ES1 3,0.0
mean,2050,21,96,ES1 3,0.0
mean,2050,21,97,ES1 3,0.0
mean,2050,21,98,ES1 3,0.0
mean,2050,21,99,ES1 3,0.0
mean,2050,21,100,ES1 3,0.0
mean,2050,21,101,ES1 3,0.0
mean,2050,21,102,ES1 3,0.0
mean,2050,21,103,ES1 3,0.0
mean,2050,21,104,ES1 3,0.0
mean,2050,21,105,ES1 3,0.0
mean,2050,21,106,ES1 3,0.0
mean,2050,21,107,ES1 3,0.0
mean,2050,21,108,ES1 3,0.0
mean,2050,21,109,ES1 3,0.0
mean,2050,21,110,ES1 3,0.0
mean,2050,21,111,ES1 3,0.0
mean,2050,21,112,ES1 3,0.0
mean,2050,21,113,ES1 3,0.0
mean,2050,21,114,ES1 3,0.0
mean,2050,21,115,ES1 3,0.0
mean,2050,21,116,ES1 3,0.0
mean,2050,21,117,ES1 3,0.0
mean,2050,21,118,ES1 3,0.0
mean,2050,21,119,ES1 3,0.0
mean,2050,21,120,ES1 3,0.0
mean,2050,21,121,ES1 3,0.0
mean,2050,21,122,ES1 3,0.0
mean,2050,21,123,ES1 3,0.0
mean,2050,21,124,ES1 3,0.0
mean,2050,21,125,ES1 3,0.0
mean,2050,21,126,ES1 3,0.0
mean,2050,21,127,ES1 3,0.0
mean,2050,21,128,ES1 3,0.0
mean,2050,21,129,ES1 3,0.0
mean,2050,21,130,ES1 3,0.0
mean,2050,21,131,ES1 3,0.0
mean,2050,21,132,ES1 3,0.0
mean,2050,21,133,ES1 3,0.0
mean,2050,21,134,ES1 3,0.0
mean,2050,21,135,ES1 3,0.0
mean,2050,21,136,ES1 3,0.0
mean,2050,21,137,ES1 3,0.0
mean,2050,21,138,ES1 3,0.0
mean,2050,21,139,ES1 3,0.0
mean,2050,21,140,ES1 3,0.0
mean,2050,21,141,ES1 3,0.0
mean,2050,21,142,ES1 3,0.0
mean,2050,21,143,ES1 3,0.0
mean,2050,21,144,ES1 3,0.0
mean,2050,21,145,ES1 3,0.0
mean,2050,21,146,ES1 3,0.0
mean,2050,21,147,ES1 3,0.0
mean,2050,21,148,ES1 3,0.0
mean,2050,21,149,ES1 3,0.0
mean,2050,21,150,ES1 3,0.0
mean,2050,21,151,ES1 3,0.0
mean,2050,21,152,ES1 3,0.0
mean,2050,21,153,ES1 3,0.0
mean,2050,21,154,ES1 3,0.0
mean,2050,21,155,ES1 3,0.0
mean,2050,21,156,ES1 3,0.0
mean,2050,21,157,ES1 3,0.0
mean,2050,21,158,ES1 3,0.0
mean,2050,21,159,ES1 3,0.0
mean,2050,21,160,ES1 3,0.0
mean,2050,21,161,ES1 3,0.0
mean,2050,21,162,ES1 3,0.0
mean,2050,21,163,ES1 3,0.0
mean,2050,21,164,ES1 3,0.0
mean,2050,21,165,ES1 3,0.0
mean,2050,21,166,ES1 3,0.0
mean,2050,21,167,ES1 3,0.0
mean,2050,42,0,ES1 3,0.0
mean,2050,42,1,ES1 3,0.0
mean,2050,42,2,ES1 3,0.0
mean,2050,42,3,ES1 3,0.0
mean,2050,42,4,ES1 3,0.0
mean,2050,42,5,ES1 3,0.0
mean,2050,42,6,ES1 3,0.0
mean,2050,42,7,ES1 3,0.0
mean,2050,42,8,ES1 3,0.0
mean,2050,42,9,ES1 3,0.0
mean,2050,42,10,ES1 3,0.0
mean,2050,42,11,ES1 3,0.0
mean,2050,42,12,ES1 3,0.0
mean,2050,42,13,ES1 3,0.0
mean,2050,42,14,ES1 3,0.0
mean,2050,42,15,ES1 3,0.0
mean,2050,42,16,ES1 3,0.0
mean,2050,42,17,ES1 3,0.0
mean,2050,42,18,ES1 3,0.0
mean,2050,42,19,ES1 3,0.0
mean,2050,42,20,ES1 3,0.0
mean,2050,42,21,ES1 3,0.0
mean,2050,42,22,ES1 3,0.0
mean,2050,42,23,ES1 3,0.0
mean,2050,42,24,ES1 3,0.0
mean,2050,42,25,ES1 3,0.0
mean,2050,42,26,ES1 3,0.0
mean,2050,42,27,ES1 3,0.0
mean,2050,42,28,ES1 3,0.0
mean,2050,42,29,ES1 3,0.0
mean,2050,42,30,ES1 3,0.0
mean,2050,42,31,ES1 3,0.0
mean,2050,42,32,ES1 3,0.0
mean,2050,42,33,ES1 3,0.0
mean,2050,42,34,ES1 3,0.0
mean,2050,42,35,ES1 3,0.0
mean,2050,42,36,ES1 3,0.0
mean,2050,42,37,ES1 3,0.0
mean,2050,42,38,ES1 3,0.0
mean,2050,42,39,ES1 3,0.0
mean,2050,42,40,ES1 3,0.0
mean,2050,42,41,ES1 3,0.0
mean,2050,42,42,ES1 3,0.0
mean,2050,42,43,ES1 3,0.0
mean,2050,42,44,ES1 3,0.0
mean,2050,42,45,ES1 3,0.0
mean,2050,42,46,ES1 3,0.0
mean,2050,42,47,ES1 3,0.0
mean,2050,42,48,ES1 3,0.0
mean,2050,42,49,ES1 3,0.0
mean,2050,42,50,ES1 3,0.0
mean,2050,42,51,ES1 3,0.0
mean,2050,42,52,ES1 3,0.0
mean,2050,42,53,ES1 3,0.0
mean,2050,42,54,ES1 3,0.0
mean,2050,42,55,ES1 3,0.0
mean,2050,42,56,ES1 3,0.0
mean,2050,42,57,ES1 3,0.0
mean,2050,42,58,ES1 3,0.0
mean,2050,42,59,ES1 3,0.0
mean,2050,42,60,ES1 3,0.0
mean,2050,42,61,ES1 3,0.0
mean,2050,42,62,ES1 3,0.0
mean,2050,42,63,ES1 3,0.0
mean,2050,42,64,ES1 3,0.0
mean,2050,42,65,ES1 3,0.0
mean,2050,42,66,ES1 3,0.0
mean,2050,42,67,ES1 3,0.0
mean,2050,42,68,ES1 3,0.0
mean,2050,42,69,ES1 3,0.0
mean,2050,42,70,ES1 3,0.0
mean,2050,42,71,ES1 3,0.0
mean,2050,42,72,ES1 3,0.0
mean,2050,42,73,ES1 3,0.0
mean,2050,42,74,ES1 3,0.0
mean,2050,42,75,ES1 3,0.0
mean,2050,42,76,ES1 3,0.0
mean,2050,42,77,ES1 3,0.0
mean,2050,42,78,ES1 3,0.0
mean,2050,42,79,ES1 3,0.0
mean,2050,42,80,ES1 3,0.0
mean,2050,42,81,ES1 3,0.0
mean,2050,42,82,ES1 3,0.0
mean,2050,42,83,ES1 3,0.0
mean,2050,42,84,ES1 3,0.0
mean,2050,42,85,ES1 3,0.0
mean,2050,42,86,ES1 3,0.0
mean,2050,42,87,ES1 3,0.0
mean,2050,42,88,ES1 3,0.0
mean,2050,42,89,ES1 3,0.0
mean,2050,42,90,ES1 3,0.0
mean,2050,42,91,ES1 3,0.0
mean,2050,42,92,ES1 3,0.0
mean,2050,42,93,ES1 3,0.0
mean,2050,42,94,ES1 3,0.0
mean,2050,42,95,ES1 3,0.0
mean,2050,42,96,ES1 3,0.0
mean,2050,42,97,ES1 3,0.0
mean,2050,42,98,ES1 3,0.0
mean,2050,42,99,ES1 3,0.0
mean,2050,42,100,ES1 3,0.0
mean,2050,42,101,ES1 3,0.0
mean,2050,42,102,ES1 3,0.0
mean,2050,42,103,ES1 3,0.0
mean,2050,42,104,ES1 3,0.0
mean,2050,42,105,ES1 3,0.0
mean,2050,42,106,ES1 3,0.0
mean,2050,42,107,ES1 3,0.0
mean,2050,42,108,ES1 3,0.0
mean,2050,42,109,ES1 3,0.0
mean,2050,42,110,ES1 3,0.0
mean,2050,42,111,ES1 3,0.0
mean,2050,42,112,ES1 3,0.0
mean,2050,42,113,ES1 3,0.0
mean,2050,42,114,ES1 3,0.0
mean,2050,42,115,ES1 3,0.0
mean,2050,42,116,ES1 3,0.0
mean,2050,42,117,ES1 3,0.0
mean,2050,42,118,ES1 3,0.0
mean,2050,42,119,ES1 3,0.0
mean,2050,42,120,ES1 3,0.0
mean,2050,42,121,ES1 3,0.0
mean,2050,42,122,ES1 3,0.0
mean,2050,42,123,ES1 3,0.0
mean,2050,42,124,ES1 3,0.0
mean,2050,42,125,ES1 3,0.0
mean,2050,42,126,ES1 3,0.0
mean,2050,42,127,ES1 3,0.0
mean,2050,42,128,ES1 3,0.0
mean,2050,42,129,ES1 3,0.0
mean,2050,42,130,ES1 3,0.0
mean,2050,42,131,ES1 3,0.0
mean,2050,42,132,ES1 3,0.0
mean,2050,42,133,ES1 3,0.0
mean,2050,42,134,ES1 3,0.0
mean,2050,42,135,ES1 3,0.0
mean,2050,42,136,ES1 3,0.0
mean,2050,42,137,ES1 3,0.0
mean,2050,42,138,ES1 3,0.0
mean,2050,42,139,ES1 3,0.0
mean,2050,42,140,ES1 3,0.0
mean,2050,42,141,ES1 3,0.0
mean,2050,42,142,ES1 3,0.0
mean,2050,42,143,ES1 3,0.0
mean,2050,42,144,ES1 3,0.0
mean,2050,42,145,ES1 3,0.0
mean,2050,42,146,ES1 3,0.0
mean,2050,42,147,ES1 3,0.0
mean,2050,42,148,ES1 3,0.0
mean,2050,42,149,ES1 3,0.0
mean,2050,42,150,ES1 3,0.0
mean,2050,42,151,ES1 3,0.0
mean,2050,42,152,ES1 3,0.0
mean,2050,42,153,ES1 3,0.0
mean,2050,42,154,ES1 3,0.0
mean,2050,42,155,ES1 3,0.0
mean,2050,42,156,ES1 3,0.0
mean,2050,42,157,ES1 3,0.0
mean,2050,42,158,ES1 3,0.0
mean,2050,42,159,ES1 3,0.0
mean,2050,42,160,ES1 3,0.0
mean,2050,42,161,ES1 3,0.0
mean,2050,42,162,ES1 3,0.0
mean,2050,42,163,ES1 3,0.0
mean,2050,42,164,ES1 3,0.0
mean,2050,42,165,ES1 3,0.0
mean,2050,42,166,ES1 3,0.0
mean,2050,42,167,ES1 3,0.0
mean,2050,52,0,ES1 3,0.0
mean,2050,52,1,ES1 3,0.0
mean,2050,52,2,ES1 3,0.0
mean,2050,52,3,ES1 3,0.0
mean,2050,52,4,ES1 3,0.0
mean,2050,52,5,ES1 3,0.0
mean,2050,52,6,ES1 3,0.0
mean,2050,52,7,ES1 3,0.0
mean,2050,52,8,ES1 3,0.0
mean,2050,52,9,ES1 3,0.0
mean,2050,52,10,ES1 3,0.0
mean,2050,52,11,ES1 3,0.0
mean,2050,52,12,ES1 3,0.0
mean,2050,52,13,ES1 3,0.0
mean,2050,52,14,ES1 3,0.0
mean,2050,52,15,ES1 3,0.0
mean,2050,52,16,ES1 3,0.0
mean,2050,52,17,ES1 3,0.0
mean,2050,52,18,ES1 3,0.0
mean,2050,52,19,ES1 3,0.0
mean,2050,52,20,ES1 3,0.0
mean,2050,52,21,ES1 3,0.0
mean,2050,52,22,ES1 3,0.0
mean,2050,52,23,ES1 3,0.0
mean,2050,52,24,ES1 3,0.0
mean,2050,52,25,ES1 3,0.0
mean,2050,52,26,ES1 3,0.0
mean,2050,52,27,ES1 3,0.0
mean,2050,52,28,ES1 3,0.0
mean,2050,52,29,ES1 3,0.0
mean,2050,52,30,ES1 3,0.0
mean,2050,52,31,ES1 3,0.0
mean,2050,52,32,ES1 3,0.0
mean,2050,52,33,ES1 3,0.0
mean,2050,52,34,ES1 3,0.0
mean,2050,52,35,ES1 3,0.0
mean,2050,52,36,ES1 3,0.0
mean,2050,52,37,ES1 3,0.0
mean,2050,52,38,ES1 3,0.0
mean,2050,52,39,ES1 3,0.0
mean,2050,52,40,ES1 3,0.0
mean,2050,52,41,ES1 3,0.0
mean,2050,52,42,ES1 3,0.0
mean,2050,52,43,ES1 3,0.0
mean,2050,52,44,ES1 3,0.0
mean,2050,52,45,ES1 3,0.0
mean,2050,52,46,ES1 3,0.0
mean,2050,52,47,ES1 3,0.0
mean,2050,52,48,ES1 3,0.0
mean,2050,52,49,ES1 3,0.0
mean,2050,52,50,ES1 3,0.0
mean,2050,52,51,ES1 3,0.0
mean,2050,52,52,ES1 3,0.0
mean,2050,52,53,ES1 3,0.0
mean,2050,52,54,ES1 3,0.0
mean,2050,52,55,ES1 3,0.0
mean,2050,52,56,ES1 3,0.0
mean,2050,52,57,ES1 3,0.0
mean,2050,52,58,ES1 3,0.0
mean,2050,52,59,ES1 3,0.0
mean,2050,52,60,ES1 3,0.0
mean,2050,52,61,ES1 3,0.0
mean,2050,52,62,ES1 3,0.0
mean,2050,52,63,ES1 3,0.0
mean,2050,52,64,ES1 3,0.0
mean,2050,52,65,ES1 3,0.0
mean,2050,52,66,ES1 3,0.0
mean,2050,52,67,ES1 3,0.0
mean,2050,52,68,ES1 3,0.0
mean,2050,52,69,ES1 3,0.0
mean,2050,52,70,ES1 3,0.0
mean,2050,52,71,ES1 3,0.0
mean,2050,52,72,ES1 3,0.0
mean,2050,52,73,ES1 3,0.0
mean,2050,52,74,ES1 3,0.0
mean,2050,52,75,ES1 3,0.0
mean,2050,52,76,ES1 3,0.0
mean,2050,52,77,ES1 3,0.0
mean,2050,52,78,ES1 3,0.0
mean,2050,52,79,ES1 3,0.0
mean,2050,52,80,ES1 3,0.0
mean,2050,52,81,ES1 3,0.0
mean,2050,52,82,ES1 3,0.0
mean,2050,52,83,ES1 3,0.0
mean,2050,52,84,ES1 3,0.0
mean,2050,52,85,ES1 3,0.0
mean,2050,52,86,ES1 3,0.0
mean,2050,52,87,ES1 3,0.0
mean,2050,52,88,ES1 3,0.0
mean,2050,52,89,ES1 3,0.0
mean,2050,52,90,ES1 3,0.0
mean,2050,52,91,ES1 3,0.0
mean,2050,52,92,ES1 3,0.0
mean,2050,52,93,ES1 3,0.0
mean,2050,52,94,ES1 3,0.0
mean,2050,52,95,ES1 3,0.0
mean,2050,52,96,ES1 3,0.0
mean,2050,52,97,ES1 3,0.0
mean,2050,52,98,ES1 3,0.0
mean,2050,52,99,ES1 3,0.0
mean,2050,52,100,ES1 3,0.0
mean,2050,52,101,ES1 3,0.0
mean,2050,52,102,ES1 3,0.0
mean,2050,52,103,ES1 3,0.0
mean,2050,52,104,ES1 3,0.0
mean,2050,52,105,ES1 3,0.0
mean,2050,52,106,ES1 3,0.0
mean,2050,52,107,ES1 3,0.0
mean,2050,52,108,ES1 3,0.0
mean,2050,52,109,ES1 3,0.0
mean,2050,52,110,ES1 3,0.0
mean,2050,52,111,ES1 3,0.0
mean,2050,52,112,ES1 3,0.0
mean,2050,52,113,ES1 3,0.0
mean,2050,52,114,ES1 3,0.0
mean,2050,52,115,ES1 3,0.0
mean,2050,52,116,ES1 3,0.0
mean,2050,52,117,ES1 3,0.0
mean,2050,52,118,ES1 3,0.0
mean,2050,52,119,ES1 3,0.0
mean,2050,52,120,ES1 3,0.0
mean,2050,52,121,ES1 3,0.0
mean,2050,52,122,ES1 3,0.0
mean,2050,52,123,ES1 3,0.0
mean,2050,52,124,ES1 3,0.0
mean,2050,52,125,ES1 3,0.0
mean,2050,52,126,ES1 3,0.0
mean,2050,52,127,ES1 3,0.0
mean,2050,52,128,ES1 3,0.0
mean,2050,52,129,ES1 3,0.0
mean,2050,52,130,ES1 3,0.0
mean,2050,52,131,ES1 3,0.0
mean,2050,52,132,ES1 3,0.0
mean,2050,52,133,ES1 3,0.0
mean,2050,52,134,ES1 3,0.0
mean,2050,52,135,ES1 3,0.0
mean,2050,52,136,ES1 3,0.0
mean,2050,52,137,ES1 3,0.0
mean,2050,52,138,ES1 3,0.0
mean,2050,52,139,ES1 3,0.0
mean,2050,52,140,ES1 3,0.0
mean,2050,52,141,ES1 3,0.0
mean,2050,52,142,ES1 3,0.0
mean,2050,52,143,ES1 3,0.0
mean,2050,52,144,ES1 3,0.0
mean,2050,52,145,ES1 3,0.0
mean,2050,52,146,ES1 3,0.0
mean,2050,52,147,ES1 3,0.0
mean,2050,52,148,ES1 3,0.0
mean,2050,52,149,ES1 3,0.0
mean,2050,52,150,ES1 3,0.0
mean,2050,52,151,ES1 3,0.0
mean,2050,52,152,ES1 3,0.0
mean,2050,52,153,ES1 3,0.0
mean,2050,52,154,ES1 3,0.0
mean,2050,52,155,ES1 3,0.0
mean,2050,52,156,ES1 3,0.0
mean,2050,52,157,ES1 3,0.0
mean,2050,52,158,ES1 3,0.0
mean,2050,52,159,ES1 3,0.0
mean,2050,52,160,ES1 3,0.0
mean,2050,52,161,ES1 3,0.0
mean,2050,52,162,ES1 3,0.0
mean,2050,52,163,ES1 3,0.0
mean,2050,52,164,ES1 3,0.0
mean,2050,52,165,ES1 3,0.0
mean,2050,52,166,ES1 3,0.0
mean,2050,52,167,ES1 3,0.0
mean,2025,11,0,ES1 4,0.0
mean,2025,11,1,ES1 4,0.0
mean,2025,11,2,ES1 4,0.0
mean,2025,11,3,ES1 4,0.0
mean,2025,11,4,ES1 4,0.0
mean,2025,11,5,ES1 4,0.0
mean,2025,11,6,ES1 4,0.0
mean,2025,11,7,ES1 4,0.0
mean,2025,11,8,ES1 4,0.0
mean,2025,11,9,ES1 4,0.0
mean,2025,11,10,ES1 4,0.0
mean,2025,11,11,ES1 4,0.0
mean,2025,11,12,ES1 4,0.0
mean,2025,11,13,ES1 4,0.0
mean,2025,11,14,ES1 4,0.0
mean,2025,11,15,ES1 4,0.0
mean,2025,11,16,ES1 4,0.0
mean,2025,11,17,ES1 4,0.0
mean,2025,11,18,ES1 4,0.0
mean,2025,11,19,ES1 4,0.0
mean,2025,11,20,ES1 4,0.0
mean,2025,11,21,ES1 4,0.0
mean,2025,11,22,ES1 4,0.0
mean,2025,11,23,ES1 4,0.0
mean,2025,11,24,ES1 4,0.0
mean,2025,11,25,ES1 4,0.0
mean,2025,11,26,ES1 4,0.0
mean,2025,11,27,ES1 4,0.0
mean,2025,11,28,ES1 4,0.0
mean,2025,11,29,ES1 4,0.0
mean,2025,11,30,ES1 4,0.0
mean,2025,11,31,ES1 4,0.0
mean,2025,11,32,ES1 4,0.0
mean,2025,11,33,ES1 4,0.0
mean,2025,11,34,ES1 4,0.0
mean,2025,11,35,ES1 4,0.0
mean,2025,11,36,ES1 4,0.0
mean,2025,11,37,ES1 4,0.0
mean,2025,11,38,ES1 4,0.0
mean,2025,11,39,ES1 4,0.0
mean,2025,11,40,ES1 4,0.0
mean,2025,11,41,ES1 4,0.0
mean,2025,11,42,ES1 4,0.0
mean,2025,11,43,ES1 4,0.0
mean,2025,11,44,ES1 4,0.0
mean,2025,11,45,ES1 4,0.0
mean,2025,11,46,ES1 4,0.0
mean,2025,11,47,ES1 4,0.0
mean,2025,11,48,ES1 4,0.0
mean,2025,11,49,ES1 4,0.0
mean,2025,11,50,ES1 4,0.0
mean,2025,11,51,ES1 4,0.0
mean,2025,11,52,ES1 4,0.0
mean,2025,11,53,ES1 4,0.0
mean,2025,11,54,ES1 4,0.0
mean,2025,11,55,ES1 4,0.0
mean,2025,11,56,ES1 4,0.0
mean,2025,11,57,ES1 4,0.0
mean,2025,11,58,ES1 4,0.0
mean,2025,11,59,ES1 4,0.0
mean,2025,11,60,ES1 4,0.0
mean,2025,11,61,ES1 4,0.0
mean,2025,11,62,ES1 4,0.0
mean,2025,11,63,ES1 4,0.0
mean,2025,11,64,ES1 4,0.0
mean,2025,11,65,ES1 4,0.0
mean,2025,11,66,ES1 4,0.0
mean,2025,11,67,ES1 4,0.0
mean,2025,11,68,ES1 4,0.0
mean,2025,11,69,ES1 4,0.0
mean,2025,11,70,ES1 4,0.0
mean,2025,11,71,ES1 4,0.0
mean,2025,11,72,ES1 4,0.0
mean,2025,11,73,ES1 4,0.0
mean,2025,11,74,ES1 4,0.0
mean,2025,11,75,ES1 4,0.0
mean,2025,11,76,ES1 4,0.0
mean,2025,11,77,ES1 4,0.0
mean,2025,11,78,ES1 4,0.0
mean,2025,11,79,ES1 4,0.0
mean,2025,11,80,ES1 4,0.0
mean,2025,11,81,ES1 4,0.0
mean,2025,11,82,ES1 4,0.0
mean,2025,11,83,ES1 4,0.0
mean,2025,11,84,ES1 4,0.0
mean,2025,11,85,ES1 4,0.0
mean,2025,11,86,ES1 4,0.0
mean,2025,11,87,ES1 4,0.0
mean,2025,11,88,ES1 4,0.0
mean,2025,11,89,ES1 4,0.0
mean,2025,11,90,ES1 4,0.0
mean,2025,11,91,ES1 4,0.0
mean,2025,11,92,ES1 4,0.0
mean,2025,11,93,ES1 4,0.0
mean,2025,11,94,ES1 4,0.0
mean,2025,11,95,ES1 4,0.0
mean,2025,11,96,ES1 4,0.0
mean,2025,11,97,ES1 4,0.0
mean,2025,11,98,ES1 4,0.0
mean,2025,11,99,ES1 4,0.0
mean,2025,11,100,ES1 4,0.0
mean,2025,11,101,ES1 4,0.0
mean,2025,11,102,ES1 4,0.0
mean,2025,11,103,ES1 4,0.0
mean,2025,11,104,ES1 4,0.0
mean,2025,11,105,ES1 4,0.0
mean,2025,11,106,ES1 4,0.0
mean,2025,11,107,ES1 4,0.0
mean,2025,11,108,ES1 4,0.0
mean,2025,11,109,ES1 4,0.0
mean,2025,11,110,ES1 4,0.0
mean,2025,11,111,ES1 4,0.0
mean,2025,11,112,ES1 4,0.0
mean,2025,11,113,ES1 4,0.0
mean,2025,11,114,ES1 4,0.0
mean,2025,11,115,ES1 4,0.0
mean,2025,11,116,ES1 4,0.0
mean,2025,11,117,ES1 4,0.0
mean,2025,11,118,ES1 4,0.0
mean,2025,11,119,ES1 4,0.0
mean,2025,11,120,ES1 4,0.0
mean,2025,11,121,ES1 4,0.0
mean,2025,11,122,ES1 4,0.0
mean,2025,11,123,ES1 4,0.0
mean,2025,11,124,ES1 4,0.0
mean,2025,11,125,ES1 4,0.0
mean,2025,11,126,ES1 4,0.0
mean,2025,11,127,ES1 4,0.0
mean,2025,11,128,ES1 4,0.0
mean,2025,11,129,ES1 4,0.0
mean,2025,11,130,ES1 4,0.0
mean,2025,11,131,ES1 4,0.0
mean,2025,11,132,ES1 4,0.0
mean,2025,11,133,ES1 4,0.0
mean,2025,11,134,ES1 4,0.0
mean,2025,11,135,ES1 4,0.0
mean,2025,11,136,ES1 4,0.0
mean,2025,11,137,ES1 4,0.0
mean,2025,11,138,ES1 4,0.0
mean,2025,11,139,ES1 4,0.0
mean,2025,11,140,ES1 4,0.0
mean,2025,11,141,ES1 4,0.0
mean,2025,11,142,ES1 4,0.0
mean,2025,11,143,ES1 4,0.0
mean,2025,11,144,ES1 4,0.0
mean,2025,11,145,ES1 4,0.0
mean,2025,11,146,ES1 4,0.0
mean,2025,11,147,ES1 4,0.0
mean,2025,11,148,ES1 4,0.0
mean,2025,11,149,ES1 4,0.0
mean,2025,11,150,ES1 4,0.0
mean,2025,11,151,ES1 4,0.0
mean,2025,11,152,ES1 4,0.0
mean,2025,11,153,ES1 4,0.0
mean,2025,11,154,ES1 4,0.0
mean,2025,11,155,ES1 4,0.0
mean,2025,11,156,ES1 4,0.0
mean,2025,11,157,ES1 4,0.0
mean,2025,11,158,ES1 4,0.0
mean,2025,11,159,ES1 4,0.0
mean,2025,11,160,ES1 4,0.0
mean,2025,11,161,ES1 4,0.0
mean,2025,11,162,ES1 4,0.0
mean,2025,11,163,ES1 4,0.0
mean,2025,11,164,ES1 4,0.0
mean,2025,11,165,ES1 4,0.0
mean,2025,11,166,ES1 4,0.0
mean,2025,11,167,ES1 4,0.0
mean,2025,21,0,ES1 4,0.0
mean,2025,21,1,ES1 4,0.0
mean,2025,21,2,ES1 4,0.0
mean,2025,21,3,ES1 4,0.0
mean,2025,21,4,ES1 4,0.0
mean,2025,21,5,ES1 4,0.0
mean,2025,21,6,ES1 4,0.0
mean,2025,21,7,ES1 4,0.0
mean,2025,21,8,ES1 4,0.0
mean,2025,21,9,ES1 4,0.0
mean,2025,21,10,ES1 4,0.0
mean,2025,21,11,ES1 4,0.0
mean,2025,21,12,ES1 4,0.0
mean,2025,21,13,ES1 4,0.0
mean,2025,21,14,ES1 4,0.0
mean,2025,21,15,ES1 4,0.0
mean,2025,21,16,ES1 4,0.0
mean,2025,21,17,ES1 4,0.0
mean,2025,21,18,ES1 4,0.0
mean,2025,21,19,ES1 4,0.0
mean,2025,21,20,ES1 4,0.0
mean,2025,21,21,ES1 4,0.0
mean,2025,21,22,ES1 4,0.0
mean,2025,21,23,ES1 4,0.0
mean,2025,21,24,ES1 4,0.0
mean,2025,21,25,ES1 4,0.0
mean,2025,21,26,ES1 4,0.0
mean,2025,21,27,ES1 4,0.0
mean,2025,21,28,ES1 4,0.0
mean,2025,21,29,ES1 4,0.0
mean,2025,21,30,ES1 4,0.0
mean,2025,21,31,ES1 4,0.0
mean,2025,21,32,ES1 4,0.0
mean,2025,21,33,ES1 4,0.0
mean,2025,21,34,ES1 4,0.0
mean,2025,21,35,ES1 4,0.0
mean,2025,21,36,ES1 4,0.0
mean,2025,21,37,ES1 4,0.0
mean,2025,21,38,ES1 4,0.0
mean,2025,21,39,ES1 4,0.0
mean,2025,21,40,ES1 4,0.0
mean,2025,21,41,ES1 4,0.0
mean,2025,21,42,ES1 4,0.0
mean,2025,21,43,ES1 4,0.0
mean,2025,21,44,ES1 4,0.0
mean,2025,21,45,ES1 4,0.0
mean,2025,21,46,ES1 4,0.0
mean,2025,21,47,ES1 4,0.0
mean,2025,21,48,ES1 4,0.0
mean,2025,21,49,ES1 4,0.0
mean,2025,21,50,ES1 4,0.0
mean,2025,21,51,ES1 4,0.0
mean,2025,21,52,ES1 4,0.0
mean,2025,21,53,ES1 4,0.0
mean,2025,21,54,ES1 4,0.0
mean,2025,21,55,ES1 4,0.0
mean,2025,21,56,ES1 4,0.0
mean,2025,21,57,ES1 4,0.0
mean,2025,21,58,ES1 4,0.0
mean,2025,21,59,ES1 4,0.0
mean,2025,21,60,ES1 4,0.0
mean,2025,21,61,ES1 4,0.0
mean,2025,21,62,ES1 4,0.0
mean,2025,21,63,ES1 4,0.0
mean,2025,21,64,ES1 4,0.0
mean,2025,21,65,ES1 4,0.0
mean,2025,21,66,ES1 4,0.0
mean,2025,21,67,ES1 4,0.0
mean,2025,21,68,ES1 4,0.0
mean,2025,21,69,ES1 4,0.0
mean,2025,21,70,ES1 4,0.0
mean,2025,21,71,ES1 4,0.0
mean,2025,21,72,ES1 4,0.0
mean,2025,21,73,ES1 4,0.0
mean,2025,21,74,ES1 4,0.0
mean,2025,21,75,ES1 4,0.0
mean,2025,21,76,ES1 4,0.0
mean,2025,21,77,ES1 4,0.0
mean,2025,21,78,ES1 4,0.0
mean,2025,21,79,ES1 4,0.0
mean,2025,21,80,ES1 4,0.0
mean,2025,21,81,ES1 4,0.0
mean,2025,21,82,ES1 4,0.0
mean,2025,21,83,ES1 4,0.0
mean,2025,21,84,ES1 4,0.0
mean,2025,21,85,ES1 4,0.0
mean,2025,21,86,ES1 4,0.0
mean,2025,21,87,ES1 4,0.0
mean,2025,21,88,ES1 4,0.0
mean,2025,21,89,ES1 4,0.0
mean,2025,21,90,ES1 4,0.0
mean,2025,21,91,ES1 4,0.0
mean,2025,21,92,ES1 4,0.0
mean,2025,21,93,ES1 4,0.0
mean,2025,21,94,ES1 4,0.0
mean,2025,21,95,ES1 4,0.0
mean,2025,21,96,ES1 4,0.0
mean,2025,21,97,ES1 4,0.0
mean,2025,21,98,ES1 4,0.0
mean,2025,21,99,ES1 4,0.0
mean,2025,21,100,ES1 4,0.0
mean,2025,21,101,ES1 4,0.0
mean,2025,21,102,ES1 4,0.0
mean,2025,21,103,ES1 4,0.0
mean,2025,21,104,ES1 4,0.0
mean,2025,21,105,ES1 4,0.0
mean,2025,21,106,ES1 4,0.0
mean,2025,21,107,ES1 4,0.0
mean,2025,21,108,ES1 4,0.0
mean,2025,21,109,ES1 4,0.0
mean,2025,21,110,ES1 4,0.0
mean,2025,21,111,ES1 4,0.0
mean,2025,21,112,ES1 4,0.0
mean,2025,21,113,ES1 4,0.0
mean,2025,21,114,ES1 4,0.0
mean,2025,21,115,ES1 4,0.0
mean,2025,21,116,ES1 4,0.0
mean,2025,21,117,ES1 4,0.0
mean,2025,21,118,ES1 4,0.0
mean,2025,21,119,ES1 4,0.0
mean,2025,21,120,ES1 4,0.0
mean,2025,21,121,ES1 4,0.0
mean,2025,21,122,ES1 4,0.0
mean,2025,21,123,ES1 4,0.0
mean,2025,21,124,ES1 4,0.0
mean,2025,21,125,ES1 4,0.0
mean,2025,21,126,ES1 4,0.0
mean,2025,21,127,ES1 4,0.0
mean,2025,21,128,ES1 4,0.0
mean,2025,21,129,ES1 4,0.0
mean,2025,21,130,ES1 4,0.0
mean,2025,21,131,ES1 4,0.0
mean,2025,21,132,ES1 4,0.0
mean,2025,21,133,ES1 4,0.0
mean,2025,21,134,ES1 4,0.0
mean,2025,21,135,ES1 4,0.0
mean,2025,21,136,ES1 4,0.0
mean,2025,21,137,ES1 4,0.0
mean,2025,21,138,ES1 4,0.0
mean,2025,21,139,ES1 4,0.0
mean,2025,21,140,ES1 4,0.0
mean,2025,21,141,ES1 4,0.0
mean,2025,21,142,ES1 4,0.0
mean,2025,21,143,ES1 4,0.0
mean,2025,21,144,ES1 4,0.0
mean,2025,21,145,ES1 4,0.0
mean,2025,21,146,ES1 4,0.0
mean,2025,21,147,ES1 4,0.0
mean,2025,21,148,ES1 4,0.0
mean,2025,21,149,ES1 4,0.0
mean,2025,21,150,ES1 4,0.0
mean,2025,21,151,ES1 4,0.0
mean,2025,21,152,ES1 4,0.0
mean,2025,21,153,ES1 4,0.0
mean,2025,21,154,ES1 4,0.0
mean,2025,21,155,ES1 4,0.0
mean,2025,21,156,ES1 4,0.0
mean,2025,21,157,ES1 4,0.0
mean,2025,21,158,ES1 4,0.0
mean,2025,21,159,ES1 4,0.0
mean,2025,21,160,ES1 4,0.0
mean,2025,21,161,ES1 4,0.0
mean,2025,21,162,ES1 4,0.0
mean,2025,21,163,ES1 4,0.0
mean,2025,21,164,ES1 4,0.0
mean,2025,21,165,ES1 4,0.0
mean,2025,21,166,ES1 4,0.0
mean,2025,21,167,ES1 4,0.0
mean,2025,42,0,ES1 4,0.0
mean,2025,42,1,ES1 4,0.0
mean,2025,42,2,ES1 4,0.0
mean,2025,42,3,ES1 4,0.0
mean,2025,42,4,ES1 4,0.0
mean,2025,42,5,ES1 4,0.0
mean,2025,42,6,ES1 4,0.0
mean,2025,42,7,ES1 4,0.0
mean,2025,42,8,ES1 4,0.0
mean,2025,42,9,ES1 4,0.0
mean,2025,42,10,ES1 4,0.0
mean,2025,42,11,ES1 4,0.0
mean,2025,42,12,ES1 4,0.0
mean,2025,42,13,ES1 4,0.0
mean,2025,42,14,ES1 4,0.0
mean,2025,42,15,ES1 4,0.0
mean,2025,42,16,ES1 4,0.0
mean,2025,42,17,ES1 4,0.0
mean,2025,42,18,ES1 4,0.0
mean,2025,42,19,ES1 4,0.0
mean,2025,42,20,ES1 4,0.0
mean,2025,42,21,ES1 4,0.0
mean,2025,42,22,ES1 4,0.0
mean,2025,42,23,ES1 4,0.0
mean,2025,42,24,ES1 4,0.0
mean,2025,42,25,ES1 4,0.0
mean,2025,42,26,ES1 4,0.0
mean,2025,42,27,ES1 4,0.0
mean,2025,42,28,ES1 4,0.0
mean,2025,42,29,ES1 4,0.0
mean,2025,42,30,ES1 4,0.0
mean,2025,42,31,ES1 4,0.0
mean,2025,42,32,ES1 4,0.0
mean,2025,42,33,ES1 4,0.0
mean,2025,42,34,ES1 4,0.0
mean,2025,42,35,ES1 4,0.0
mean,2025,42,36,ES1 4,0.0
mean,2025,42,37,ES1 4,0.0
mean,2025,42,38,ES1 4,0.0
mean,2025,42,39,ES1 4,0.0
mean,2025,42,40,ES1 4,0.0
mean,2025,42,41,ES1 4,0.0
mean,2025,42,42,ES1 4,0.0
mean,2025,42,43,ES1 4,0.0
mean,2025,42,44,ES1 4,0.0
mean,2025,42,45,ES1 4,0.0
mean,2025,42,46,ES1 4,0.0
mean,2025,42,47,ES1 4,0.0
mean,2025,42,48,ES1 4,0.0
mean,2025,42,49,ES1 4,0.0
mean,2025,42,50,ES1 4,0.0
mean,2025,42,51,ES1 4,0.0
mean,2025,42,52,ES1 4,0.0
mean,2025,42,53,ES1 4,0.0
mean,2025,42,54,ES1 4,0.0
mean,2025,42,55,ES1 4,0.0
mean,2025,42,56,ES1 4,0.0
mean,2025,42,57,ES1 4,0.0
mean,2025,42,58,ES1 4,0.0
mean,2025,42,59,ES1 4,0.0
mean,2025,42,60,ES1 4,0.0
mean,2025,42,61,ES1 4,0.0
mean,2025,42,62,ES1 4,0.0
mean,2025,42,63,ES1 4,0.0
mean,2025,42,64,ES1 4,0.0
mean,2025,42,65,ES1 4,0.0
mean,2025,42,66,ES1 4,0.0
mean,2025,42,67,ES1 4,0.0
mean,2025,42,68,ES1 4,0.0
mean,2025,42,69,ES1 4,0.0
mean,2025,42,70,ES1 4,0.0
mean,2025,42,71,ES1 4,0.0
mean,2025,42,72,ES1 4,0.0
mean,2025,42,73,ES1 4,0.0
mean,2025,42,74,ES1 4,0.0
mean,2025,42,75,ES1 4,0.0
mean,2025,42,76,ES1 4,0.0
mean,2025,42,77,ES1 4,0.0
mean,2025,42,78,ES1 4,0.0
mean,2025,42,79,ES1 4,0.0
mean,2025,42,80,ES1 4,0.0
mean,2025,42,81,ES1 4,0.0
mean,2025,42,82,ES1 4,0.0
mean,2025,42,83,ES1 4,0.0
mean,2025,42,84,ES1 4,0.0
mean,2025,42,85,ES1 4,0.0
mean,2025,42,86,ES1 4,0.0
mean,2025,42,87,ES1 4,0.0
mean,2025,42,88,ES1 4,0.0
mean,2025,42,89,ES1 4,0.0
mean,2025,42,90,ES1 4,0.0
mean,2025,42,91,ES1 4,0.0
mean,2025,42,92,ES1 4,0.0
mean,2025,42,93,ES1 4,0.0
mean,2025,42,94,ES1 4,0.0
mean,2025,42,95,ES1 4,0.0
mean,2025,42,96,ES1 4,0.0
mean,2025,42,97,ES1 4,0.0
mean,2025,42,98,ES1 4,0.0
mean,2025,42,99,ES1 4,0.0
mean,2025,42,100,ES1 4,0.0
mean,2025,42,101,ES1 4,0.0
mean,2025,42,102,ES1 4,0.0
mean,2025,42,103,ES1 4,0.0
mean,2025,42,104,ES1 4,0.0
mean,2025,42,105,ES1 4,0.0
mean,2025,42,106,ES1 4,0.0
mean,2025,42,107,ES1 4,0.0
mean,2025,42,108,ES1 4,0.0
mean,2025,42,109,ES1 4,0.0
mean,2025,42,110,ES1 4,0.0
mean,2025,42,111,ES1 4,0.0
mean,2025,42,112,ES1 4,0.0
mean,2025,42,113,ES1 4,0.0
mean,2025,42,114,ES1 4,0.0
mean,2025,42,115,ES1 4,0.0
mean,2025,42,116,ES1 4,0.0
mean,2025,42,117,ES1 4,0.0
mean,2025,42,118,ES1 4,0.0
mean,2025,42,119,ES1 4,0.0
mean,2025,42,120,ES1 4,0.0
mean,2025,42,121,ES1 4,0.0
mean,2025,42,122,ES1 4,0.0
mean,2025,42,123,ES1 4,0.0
mean,2025,42,124,ES1 4,0.0
mean,2025,42,125,ES1 4,0.0
mean,2025,42,126,ES1 4,0.0
mean,2025,42,127,ES1 4,0.0
mean,2025,42,128,ES1 4,0.0
mean,2025,42,129,ES1 4,0.0
mean,2025,42,130,ES1 4,0.0
mean,2025,42,131,ES1 4,0.0
mean,2025,42,132,ES1 4,0.0
mean,2025,42,133,ES1 4,0.0
mean,2025,42,134,ES1 4,0.0
mean,2025,42,135,ES1 4,0.0
mean,2025,42,136,ES1 4,0.0
mean,2025,42,137,ES1 4,0.0
mean,2025,42,138,ES1 4,0.0
mean,2025,42,139,ES1 4,0.0
mean,2025,42,140,ES1 4,0.0
mean,2025,42,141,ES1 4,0.0
mean,2025,42,142,ES1 4,0.0
mean,2025,42,143,ES1 4,0.0
mean,2025,42,144,ES1 4,0.0
mean,2025,42,145,ES1 4,0.0
mean,2025,42,146,ES1 4,0.0
mean,2025,42,147,ES1 4,0.0
mean,2025,42,148,ES1 4,0.0
mean,2025,42,149,ES1 4,0.0
mean,2025,42,150,ES1 4,0.0
mean,2025,42,151,ES1 4,0.0
mean,2025,42,152,ES1 4,0.0
mean,2025,42,153,ES1 4,0.0
mean,2025,42,154,ES1 4,0.0
mean,2025,42,155,ES1 4,0.0
mean,2025,42,156,ES1 4,0.0
mean,2025,42,157,ES1 4,0.0
mean,2025,42,158,ES1 4,0.0
mean,2025,42,159,ES1 4,0.0
mean,2025,42,160,ES1 4,0.0
mean,2025,42,161,ES1 4,0.0
mean,2025,42,162,ES1 4,0.0
mean,2025,42,163,ES1 4,0.0
mean,2025,42,164,ES1 4,0.0
mean,2025,42,165,ES1 4,0.0
mean,2025,42,166,ES1 4,0.0
mean,2025,42,167,ES1 4,0.0
mean,2025,52,0,ES1 4,0.0
mean,2025,52,1,ES1 4,0.0
mean,2025,52,2,ES1 4,0.0
mean,2025,52,3,ES1 4,0.0
mean,2025,52,4,ES1 4,0.0
mean,2025,52,5,ES1 4,0.0
mean,2025,52,6,ES1 4,0.0
mean,2025,52,7,ES1 4,0.0
mean,2025,52,8,ES1 4,0.0
mean,2025,52,9,ES1 4,0.0
mean,2025,52,10,ES1 4,0.0
mean,2025,52,11,ES1 4,0.0
mean,2025,52,12,ES1 4,0.0
mean,2025,52,13,ES1 4,0.0
mean,2025,52,14,ES1 4,0.0
mean,2025,52,15,ES1 4,0.0
mean,2025,52,16,ES1 4,0.0
mean,2025,52,17,ES1 4,0.0
mean,2025,52,18,ES1 4,0.0
mean,2025,52,19,ES1 4,0.0
mean,2025,52,20,ES1 4,0.0
mean,2025,52,21,ES1 4,0.0
mean,2025,52,22,ES1 4,0.0
mean,2025,52,23,ES1 4,0.0
mean,2025,52,24,ES1 4,0.0
mean,2025,52,25,ES1 4,0.0
mean,2025,52,26,ES1 4,0.0
mean,2025,52,27,ES1 4,0.0
mean,2025,52,28,ES1 4,0.0
mean,2025,52,29,ES1 4,0.0
mean,2025,52,30,ES1 4,0.0
mean,2025,52,31,ES1 4,0.0
mean,2025,52,32,ES1 4,0.0
mean,2025,52,33,ES1 4,0.0
mean,2025,52,34,ES1 4,0.0
mean,2025,52,35,ES1 4,0.0
mean,2025,52,36,ES1 4,0.0
mean,2025,52,37,ES1 4,0.0
mean,2025,52,38,ES1 4,0.0
mean,2025,52,39,ES1 4,0.0
mean,2025,52,40,ES1 4,0.0
mean,2025,52,41,ES1 4,0.0
mean,2025,52,42,ES1 4,0.0
mean,2025,52,43,ES1 4,0.0
mean,2025,52,44,ES1 4,0.0
mean,2025,52,45,ES1 4,0.0
mean,2025,52,46,ES1 4,0.0
mean,2025,52,47,ES1 4,0.0
mean,2025,52,48,ES1 4,0.0
mean,2025,52,49,ES1 4,0.0
mean,2025,52,50,ES1 4,0.0
mean,2025,52,51,ES1 4,0.0
mean,2025,52,52,ES1 4,0.0
mean,2025,52,53,ES1 4,0.0
mean,2025,52,54,ES1 4,0.0
mean,2025,52,55,ES1 4,0.0
mean,2025,52,56,ES1 4,0.0
mean,2025,52,57,ES1 4,0.0
mean,2025,52,58,ES1 4,0.0
mean,2025,52,59,ES1 4,0.0
mean,2025,52,60,ES1 4,0.0
mean,2025,52,61,ES1 4,0.0
mean,2025,52,62,ES1 4,0.0
mean,2025,52,63,ES1 4,0.0
mean,2025,52,64,ES1 4,0.0
mean,2025,52,65,ES1 4,0.0
mean,2025,52,66,ES1 4,0.0
mean,2025,52,67,ES1 4,0.0
mean,2025,52,68,ES1 4,0.0
mean,2025,52,69,ES1 4,0.0
mean,2025,52,70,ES1 4,0.0
mean,2025,52,71,ES1 4,0.0
mean,2025,52,72,ES1 4,0.0
mean,2025,52,73,ES1 4,0.0
mean,2025,52,74,ES1 4,0.0
mean,2025,52,75,ES1 4,0.0
mean,2025,52,76,ES1 4,0.0
mean,2025,52,77,ES1 4,0.0
mean,2025,52,78,ES1 4,0.0
mean,2025,52,79,ES1 4,0.0
mean,2025,52,80,ES1 4,0.0
mean,2025,52,81,ES1 4,0.0
mean,2025,52,82,ES1 4,0.0
mean,2025,52,83,ES1 4,0.0
mean,2025,52,84,ES1 4,0.0
mean,2025,52,85,ES1 4,0.0
mean,2025,52,86,ES1 4,0.0
mean,2025,52,87,ES1 4,0.0
mean,2025,52,88,ES1 4,0.0
mean,2025,52,89,ES1 4,0.0
mean,2025,52,90,ES1 4,0.0
mean,2025,52,91,ES1 4,0.0
mean,2025,52,92,ES1 4,0.0
mean,2025,52,93,ES1 4,0.0
mean,2025,52,94,ES1 4,0.0
mean,2025,52,95,ES1 4,0.0
mean,2025,52,96,ES1 4,0.0
mean,2025,52,97,ES1 4,0.0
mean,2025,52,98,ES1 4,0.0
mean,2025,52,99,ES1 4,0.0
mean,2025,52,100,ES1 4,0.0
mean,2025,52,101,ES1 4,0.0
mean,2025,52,102,ES1 4,0.0
mean,2025,52,103,ES1 4,0.0
mean,2025,52,104,ES1 4,0.0
mean,2025,52,105,ES1 4,0.0
mean,2025,52,106,ES1 4,0.0
mean,2025,52,107,ES1 4,0.0
mean,2025,52,108,ES1 4,0.0
mean,2025,52,109,ES1 4,0.0
mean,2025,52,110,ES1 4,0.0
mean,2025,52,111,ES1 4,0.0
mean,2025,52,112,ES1 4,0.0
mean,2025,52,113,ES1 4,0.0
mean,2025,52,114,ES1 4,0.0
mean,2025,52,115,ES1 4,0.0
mean,2025,52,116,ES1 4,0.0
mean,2025,52,117,ES1 4,0.0
mean,2025,52,118,ES1 4,0.0
mean,2025,52,119,ES1 4,0.0
mean,2025,52,120,ES1 4,0.0
mean,2025,52,121,ES1 4,0.0
mean,2025,52,122,ES1 4,0.0
mean,2025,52,123,ES1 4,0.0
mean,2025,52,124,ES1 4,0.0
mean,2025,52,125,ES1 4,0.0
mean,2025,52,126,ES1 4,0.0
mean,2025,52,127,ES1 4,0.0
mean,2025,52,128,ES1 4,0.0
mean,2025,52,129,ES1 4,0.0
mean,2025,52,130,ES1 4,0.0
mean,2025,52,131,ES1 4,0.0
mean,2025,52,132,ES1 4,0.0
mean,2025,52,133,ES1 4,0.0
mean,2025,52,134,ES1 4,0.0
mean,2025,52,135,ES1 4,0.0
mean,2025,52,136,ES1 4,0.0
mean,2025,52,137,ES1 4,0.0
mean,2025,52,138,ES1 4,0.0
mean,2025,52,139,ES1 4,0.0
mean,2025,52,140,ES1 4,0.0
mean,2025,52,141,ES1 4,0.0
mean,2025,52,142,ES1 4,0.0
mean,2025,52,143,ES1 4,0.0
mean,2025,52,144,ES1 4,0.0
mean,2025,52,145,ES1 4,0.0
mean,2025,52,146,ES1 4,0.0
mean,2025,52,147,ES1 4,0.0
mean,2025,52,148,ES1 4,0.0
mean,2025,52,149,ES1 4,0.0
mean,2025,52,150,ES1 4,0.0
mean,2025,52,151,ES1 4,0.0
mean,2025,52,152,ES1 4,0.0
mean,2025,52,153,ES1 4,0.0
mean,2025,52,154,ES1 4,0.0
mean,2025,52,155,ES1 4,0.0
mean,2025,52,156,ES1 4,0.0
mean,2025,52,157,ES1 4,0.0
mean,2025,52,158,ES1 4,0.0
mean,2025,52,159,ES1 4,0.0
mean,2025,52,160,ES1 4,0.0
mean,2025,52,161,ES1 4,0.0
mean,2025,52,162,ES1 4,0.0
mean,2025,52,163,ES1 4,0.0
mean,2025,52,164,ES1 4,0.0
mean,2025,52,165,ES1 4,0.0
mean,2025,52,166,ES1 4,0.0
mean,2025,52,167,ES1 4,0.0
mean,2030,11,0,ES1 4,0.0
mean,2030,11,1,ES1 4,0.0
mean,2030,11,2,ES1 4,0.0
mean,2030,11,3,ES1 4,0.0
mean,2030,11,4,ES1 4,0.0
mean,2030,11,5,ES1 4,0.0
mean,2030,11,6,ES1 4,0.0
mean,2030,11,7,ES1 4,0.0
mean,2030,11,8,ES1 4,0.0
mean,2030,11,9,ES1 4,0.0
mean,2030,11,10,ES1 4,0.0
mean,2030,11,11,ES1 4,0.0
mean,2030,11,12,ES1 4,0.0
mean,2030,11,13,ES1 4,0.0
mean,2030,11,14,ES1 4,0.0
mean,2030,11,15,ES1 4,0.0
mean,2030,11,16,ES1 4,0.0
mean,2030,11,17,ES1 4,0.0
mean,2030,11,18,ES1 4,0.0
mean,2030,11,19,ES1 4,0.0
mean,2030,11,20,ES1 4,0.0
mean,2030,11,21,ES1 4,0.0
mean,2030,11,22,ES1 4,0.0
mean,2030,11,23,ES1 4,0.0
mean,2030,11,24,ES1 4,0.0
mean,2030,11,25,ES1 4,0.0
mean,2030,11,26,ES1 4,0.0
mean,2030,11,27,ES1 4,0.0
mean,2030,11,28,ES1 4,0.0
mean,2030,11,29,ES1 4,0.0
mean,2030,11,30,ES1 4,0.0
mean,2030,11,31,ES1 4,0.0
mean,2030,11,32,ES1 4,0.0
mean,2030,11,33,ES1 4,0.0
mean,2030,11,34,ES1 4,0.0
mean,2030,11,35,ES1 4,0.0
mean,2030,11,36,ES1 4,0.0
mean,2030,11,37,ES1 4,0.0
mean,2030,11,38,ES1 4,0.0
mean,2030,11,39,ES1 4,0.0
mean,2030,11,40,ES1 4,0.0
mean,2030,11,41,ES1 4,0.0
mean,2030,11,42,ES1 4,0.0
mean,2030,11,43,ES1 4,0.0
mean,2030,11,44,ES1 4,0.0
mean,2030,11,45,ES1 4,0.0
mean,2030,11,46,ES1 4,0.0
mean,2030,11,47,ES1 4,0.0
mean,2030,11,48,ES1 4,0.0
mean,2030,11,49,ES1 4,0.0
mean,2030,11,50,ES1 4,0.0
mean,2030,11,51,ES1 4,0.0
mean,2030,11,52,ES1 4,0.0
mean,2030,11,53,ES1 4,0.0
mean,2030,11,54,ES1 4,0.0
mean,2030,11,55,ES1 4,0.0
mean,2030,11,56,ES1 4,0.0
mean,2030,11,57,ES1 4,0.0
mean,2030,11,58,ES1 4,0.0
mean,2030,11,59,ES1 4,0.0
mean,2030,11,60,ES1 4,0.0
mean,2030,11,61,ES1 4,0.0
mean,2030,11,62,ES1 4,0.0
mean,2030,11,63,ES1 4,0.0
mean,2030,11,64,ES1 4,0.0
mean,2030,11,65,ES1 4,0.0
mean,2030,11,66,ES1 4,0.0
mean,2030,11,67,ES1 4,0.0
mean,2030,11,68,ES1 4,0.0
mean,2030,11,69,ES1 4,0.0
mean,2030,11,70,ES1 4,0.0
mean,2030,11,71,ES1 4,0.0
mean,2030,11,72,ES1 4,0.0
mean,2030,11,73,ES1 4,0.0
mean,2030,11,74,ES1 4,0.0
mean,2030,11,75,ES1 4,0.0
mean,2030,11,76,ES1 4,0.0
mean,2030,11,77,ES1 4,0.0
mean,2030,11,78,ES1 4,0.0
mean,2030,11,79,ES1 4,0.0
mean,2030,11,80,ES1 4,0.0
mean,2030,11,81,ES1 4,0.0
mean,2030,11,82,ES1 4,0.0
mean,2030,11,83,ES1 4,0.0
mean,2030,11,84,ES1 4,0.0
mean,2030,11,85,ES1 4,0.0
mean,2030,11,86,ES1 4,0.0
mean,2030,11,87,ES1 4,0.0
mean,2030,11,88,ES1 4,0.0
mean,2030,11,89,ES1 4,0.0
mean,2030,11,90,ES1 4,0.0
mean,2030,11,91,ES1 4,0.0
mean,2030,11,92,ES1 4,0.0
mean,2030,11,93,ES1 4,0.0
mean,2030,11,94,ES1 4,0.0
mean,2030,11,95,ES1 4,0.0
mean,2030,11,96,ES1 4,0.0
mean,2030,11,97,ES1 4,0.0
mean,2030,11,98,ES1 4,0.0
mean,2030,11,99,ES1 4,0.0
mean,2030,11,100,ES1 4,0.0
mean,2030,11,101,ES1 4,0.0
mean,2030,11,102,ES1 4,0.0
mean,2030,11,103,ES1 4,0.0
mean,2030,11,104,ES1 4,0.0
mean,2030,11,105,ES1 4,0.0
mean,2030,11,106,ES1 4,0.0
mean,2030,11,107,ES1 4,0.0
mean,2030,11,108,ES1 4,0.0
mean,2030,11,109,ES1 4,0.0
mean,2030,11,110,ES1 4,0.0
mean,2030,11,111,ES1 4,0.0
mean,2030,11,112,ES1 4,0.0
mean,2030,11,113,ES1 4,0.0
mean,2030,11,114,ES1 4,0.0
mean,2030,11,115,ES1 4,0.0
mean,2030,11,116,ES1 4,0.0
mean,2030,11,117,ES1 4,0.0
mean,2030,11,118,ES1 4,0.0
mean,2030,11,119,ES1 4,0.0
mean,2030,11,120,ES1 4,0.0
mean,2030,11,121,ES1 4,0.0
mean,2030,11,122,ES1 4,0.0
mean,2030,11,123,ES1 4,0.0
mean,2030,11,124,ES1 4,0.0
mean,2030,11,125,ES1 4,0.0
mean,2030,11,126,ES1 4,0.0
mean,2030,11,127,ES1 4,0.0
mean,2030,11,128,ES1 4,0.0
mean,2030,11,129,ES1 4,0.0
mean,2030,11,130,ES1 4,0.0
mean,2030,11,131,ES1 4,0.0
mean,2030,11,132,ES1 4,0.0
mean,2030,11,133,ES1 4,0.0
mean,2030,11,134,ES1 4,0.0
mean,2030,11,135,ES1 4,0.0
mean,2030,11,136,ES1 4,0.0
mean,2030,11,137,ES1 4,0.0
mean,2030,11,138,ES1 4,0.0
mean,2030,11,139,ES1 4,0.0
mean,2030,11,140,ES1 4,0.0
mean,2030,11,141,ES1 4,0.0
mean,2030,11,142,ES1 4,0.0
mean,2030,11,143,ES1 4,0.0
mean,2030,11,144,ES1 4,0.0
mean,2030,11,145,ES1 4,0.0
mean,2030,11,146,ES1 4,0.0
mean,2030,11,147,ES1 4,0.0
mean,2030,11,148,ES1 4,0.0
mean,2030,11,149,ES1 4,0.0
mean,2030,11,150,ES1 4,0.0
mean,2030,11,151,ES1 4,0.0
mean,2030,11,152,ES1 4,0.0
mean,2030,11,153,ES1 4,0.0
mean,2030,11,154,ES1 4,0.0
mean,2030,11,155,ES1 4,0.0
mean,2030,11,156,ES1 4,0.0
mean,2030,11,157,ES1 4,0.0
mean,2030,11,158,ES1 4,0.0
mean,2030,11,159,ES1 4,0.0
mean,2030,11,160,ES1 4,0.0
mean,2030,11,161,ES1 4,0.0
mean,2030,11,162,ES1 4,0.0
mean,2030,11,163,ES1 4,0.0
mean,2030,11,164,ES1 4,0.0
mean,2030,11,165,ES1 4,0.0
mean,2030,11,166,ES1 4,0.0
mean,2030,11,167,ES1 4,0.0
mean,2030,21,0,ES1 4,0.0
mean,2030,21,1,ES1 4,0.0
mean,2030,21,2,ES1 4,0.0
mean,2030,21,3,ES1 4,0.0
mean,2030,21,4,ES1 4,0.0
mean,2030,21,5,ES1 4,0.0
mean,2030,21,6,ES1 4,0.0
mean,2030,21,7,ES1 4,0.0
mean,2030,21,8,ES1 4,0.0
mean,2030,21,9,ES1 4,0.0
mean,2030,21,10,ES1 4,0.0
mean,2030,21,11,ES1 4,0.0
mean,2030,21,12,ES1 4,0.0
mean,2030,21,13,ES1 4,0.0
mean,2030,21,14,ES1 4,0.0
mean,2030,21,15,ES1 4,0.0
mean,2030,21,16,ES1 4,0.0
mean,2030,21,17,ES1 4,0.0
mean,2030,21,18,ES1 4,0.0
mean,2030,21,19,ES1 4,0.0
mean,2030,21,20,ES1 4,0.0
mean,2030,21,21,ES1 4,0.0
mean,2030,21,22,ES1 4,0.0
mean,2030,21,23,ES1 4,0.0
mean,2030,21,24,ES1 4,0.0
mean,2030,21,25,ES1 4,0.0
mean,2030,21,26,ES1 4,0.0
mean,2030,21,27,ES1 4,0.0
mean,2030,21,28,ES1 4,0.0
mean,2030,21,29,ES1 4,0.0
mean,2030,21,30,ES1 4,0.0
mean,2030,21,31,ES1 4,0.0
mean,2030,21,32,ES1 4,0.0
mean,2030,21,33,ES1 4,0.0
mean,2030,21,34,ES1 4,0.0
mean,2030,21,35,ES1 4,0.0
mean,2030,21,36,ES1 4,0.0
mean,2030,21,37,ES1 4,0.0
mean,2030,21,38,ES1 4,0.0
mean,2030,21,39,ES1 4,0.0
mean,2030,21,40,ES1 4,0.0
mean,2030,21,41,ES1 4,0.0
mean,2030,21,42,ES1 4,0.0
mean,2030,21,43,ES1 4,0.0
mean,2030,21,44,ES1 4,0.0
mean,2030,21,45,ES1 4,0.0
mean,2030,21,46,ES1 4,0.0
mean,2030,21,47,ES1 4,0.0
mean,2030,21,48,ES1 4,0.0
mean,2030,21,49,ES1 4,0.0
mean,2030,21,50,ES1 4,0.0
mean,2030,21,51,ES1 4,0.0
mean,2030,21,52,ES1 4,0.0
mean,2030,21,53,ES1 4,0.0
mean,2030,21,54,ES1 4,0.0
mean,2030,21,55,ES1 4,0.0
mean,2030,21,56,ES1 4,0.0
mean,2030,21,57,ES1 4,0.0
mean,2030,21,58,ES1 4,0.0
mean,2030,21,59,ES1 4,0.0
mean,2030,21,60,ES1 4,0.0
mean,2030,21,61,ES1 4,0.0
mean,2030,21,62,ES1 4,0.0
mean,2030,21,63,ES1 4,0.0
mean,2030,21,64,ES1 4,0.0
mean,2030,21,65,ES1 4,0.0
mean,2030,21,66,ES1 4,0.0
mean,2030,21,67,ES1 4,0.0
mean,2030,21,68,ES1 4,0.0
mean,2030,21,69,ES1 4,0.0
mean,2030,21,70,ES1 4,0.0
mean,2030,21,71,ES1 4,0.0
mean,2030,21,72,ES1 4,0.0
mean,2030,21,73,ES1 4,0.0
mean,2030,21,74,ES1 4,0.0
mean,2030,21,75,ES1 4,0.0
mean,2030,21,76,ES1 4,0.0
mean,2030,21,77,ES1 4,0.0
mean,2030,21,78,ES1 4,0.0
mean,2030,21,79,ES1 4,0.0
mean,2030,21,80,ES1 4,0.0
mean,2030,21,81,ES1 4,0.0
mean,2030,21,82,ES1 4,0.0
mean,2030,21,83,ES1 4,0.0
mean,2030,21,84,ES1 4,0.0
mean,2030,21,85,ES1 4,0.0
mean,2030,21,86,ES1 4,0.0
mean,2030,21,87,ES1 4,0.0
mean,2030,21,88,ES1 4,0.0
mean,2030,21,89,ES1 4,0.0
mean,2030,21,90,ES1 4,0.0
mean,2030,21,91,ES1 4,0.0
mean,2030,21,92,ES1 4,0.0
mean,2030,21,93,ES1 4,0.0
mean,2030,21,94,ES1 4,0.0
mean,2030,21,95,ES1 4,0.0
mean,2030,21,96,ES1 4,0.0
mean,2030,21,97,ES1 4,0.0
mean,2030,21,98,ES1 4,0.0
mean,2030,21,99,ES1 4,0.0
mean,2030,21,100,ES1 4,0.0
mean,2030,21,101,ES1 4,0.0
mean,2030,21,102,ES1 4,0.0
mean,2030,21,103,ES1 4,0.0
mean,2030,21,104,ES1 4,0.0
mean,2030,21,105,ES1 4,0.0
mean,2030,21,106,ES1 4,0.0
mean,2030,21,107,ES1 4,0.0
mean,2030,21,108,ES1 4,0.0
mean,2030,21,109,ES1 4,0.0
mean,2030,21,110,ES1 4,0.0
mean,2030,21,111,ES1 4,0.0
mean,2030,21,112,ES1 4,0.0
mean,2030,21,113,ES1 4,0.0
mean,2030,21,114,ES1 4,0.0
mean,2030,21,115,ES1 4,0.0
mean,2030,21,116,ES1 4,0.0
mean,2030,21,117,ES1 4,0.0
mean,2030,21,118,ES1 4,0.0
mean,2030,21,119,ES1 4,0.0
mean,2030,21,120,ES1 4,0.0
mean,2030,21,121,ES1 4,0.0
mean,2030,21,122,ES1 4,0.0
mean,2030,21,123,ES1 4,0.0
mean,2030,21,124,ES1 4,0.0
mean,2030,21,125,ES1 4,0.0
mean,2030,21,126,ES1 4,0.0
mean,2030,21,127,ES1 4,0.0
mean,2030,21,128,ES1 4,0.0
mean,2030,21,129,ES1 4,0.0
mean,2030,21,130,ES1 4,0.0
mean,2030,21,131,ES1 4,0.0
mean,2030,21,132,ES1 4,0.0
mean,2030,21,133,ES1 4,0.0
mean,2030,21,134,ES1 4,0.0
mean,2030,21,135,ES1 4,0.0
mean,2030,21,136,ES1 4,0.0
mean,2030,21,137,ES1 4,0.0
mean,2030,21,138,ES1 4,0.0
mean,2030,21,139,ES1 4,0.0
mean,2030,21,140,ES1 4,0.0
mean,2030,21,141,ES1 4,0.0
mean,2030,21,142,ES1 4,0.0
mean,2030,21,143,ES1 4,0.0
mean,2030,21,144,ES1 4,0.0
mean,2030,21,145,ES1 4,0.0
mean,2030,21,146,ES1 4,0.0
mean,2030,21,147,ES1 4,0.0
mean,2030,21,148,ES1 4,0.0
mean,2030,21,149,ES1 4,0.0
mean,2030,21,150,ES1 4,0.0
mean,2030,21,151,ES1 4,0.0
mean,2030,21,152,ES1 4,0.0
mean,2030,21,153,ES1 4,0.0
mean,2030,21,154,ES1 4,0.0
mean,2030,21,155,ES1 4,0.0
mean,2030,21,156,ES1 4,0.0
mean,2030,21,157,ES1 4,0.0
mean,2030,21,158,ES1 4,0.0
mean,2030,21,159,ES1 4,0.0
mean,2030,21,160,ES1 4,0.0
mean,2030,21,161,ES1 4,0.0
mean,2030,21,162,ES1 4,0.0
mean,2030,21,163,ES1 4,0.0
mean,2030,21,164,ES1 4,0.0
mean,2030,21,165,ES1 4,0.0
mean,2030,21,166,ES1 4,0.0
mean,2030,21,167,ES1 4,0.0
mean,2030,42,0,ES1 4,0.0
mean,2030,42,1,ES1 4,0.0
mean,2030,42,2,ES1 4,0.0
mean,2030,42,3,ES1 4,0.0
mean,2030,42,4,ES1 4,0.0
mean,2030,42,5,ES1 4,0.0
mean,2030,42,6,ES1 4,0.0
mean,2030,42,7,ES1 4,0.0
mean,2030,42,8,ES1 4,0.0
mean,2030,42,9,ES1 4,0.0
mean,2030,42,10,ES1 4,0.0
mean,2030,42,11,ES1 4,0.0
mean,2030,42,12,ES1 4,0.0
mean,2030,42,13,ES1 4,0.0
mean,2030,42,14,ES1 4,0.0
mean,2030,42,15,ES1 4,0.0
mean,2030,42,16,ES1 4,0.0
mean,2030,42,17,ES1 4,0.0
mean,2030,42,18,ES1 4,0.0
mean,2030,42,19,ES1 4,0.0
mean,2030,42,20,ES1 4,0.0
mean,2030,42,21,ES1 4,0.0
mean,2030,42,22,ES1 4,0.0
mean,2030,42,23,ES1 4,0.0
mean,2030,42,24,ES1 4,0.0
mean,2030,42,25,ES1 4,0.0
mean,2030,42,26,ES1 4,0.0
mean,2030,42,27,ES1 4,0.0
mean,2030,42,28,ES1 4,0.0
mean,2030,42,29,ES1 4,0.0
mean,2030,42,30,ES1 4,0.0
mean,2030,42,31,ES1 4,0.0
mean,2030,42,32,ES1 4,0.0
mean,2030,42,33,ES1 4,0.0
mean,2030,42,34,ES1 4,0.0
mean,2030,42,35,ES1 4,0.0
mean,2030,42,36,ES1 4,0.0
mean,2030,42,37,ES1 4,0.0
mean,2030,42,38,ES1 4,0.0
mean,2030,42,39,ES1 4,0.0
mean,2030,42,40,ES1 4,0.0
mean,2030,42,41,ES1 4,0.0
mean,2030,42,42,ES1 4,0.0
mean,2030,42,43,ES1 4,0.0
mean,2030,42,44,ES1 4,0.0
mean,2030,42,45,ES1 4,0.0
mean,2030,42,46,ES1 4,0.0
mean,2030,42,47,ES1 4,0.0
mean,2030,42,48,ES1 4,0.0
mean,2030,42,49,ES1 4,0.0
mean,2030,42,50,ES1 4,0.0
mean,2030,42,51,ES1 4,0.0
mean,2030,42,52,ES1 4,0.0
mean,2030,42,53,ES1 4,0.0
mean,2030,42,54,ES1 4,0.0
mean,2030,42,55,ES1 4,0.0
mean,2030,42,56,ES1 4,0.0
mean,2030,42,57,ES1 4,0.0
mean,2030,42,58,ES1 4,0.0
mean,2030,42,59,ES1 4,0.0
mean,2030,42,60,ES1 4,0.0
mean,2030,42,61,ES1 4,0.0
mean,2030,42,62,ES1 4,0.0
mean,2030,42,63,ES1 4,0.0
mean,2030,42,64,ES1 4,0.0
mean,2030,42,65,ES1 4,0.0
mean,2030,42,66,ES1 4,0.0
mean,2030,42,67,ES1 4,0.0
mean,2030,42,68,ES1 4,0.0
mean,2030,42,69,ES1 4,0.0
mean,2030,42,70,ES1 4,0.0
mean,2030,42,71,ES1 4,0.0
mean,2030,42,72,ES1 4,0.0
mean,2030,42,73,ES1 4,0.0
mean,2030,42,74,ES1 4,0.0
mean,2030,42,75,ES1 4,0.0
mean,2030,42,76,ES1 4,0.0
mean,2030,42,77,ES1 4,0.0
mean,2030,42,78,ES1 4,0.0
mean,2030,42,79,ES1 4,0.0
mean,2030,42,80,ES1 4,0.0
mean,2030,42,81,ES1 4,0.0
mean,2030,42,82,ES1 4,0.0
mean,2030,42,83,ES1 4,0.0
mean,2030,42,84,ES1 4,0.0
mean,2030,42,85,ES1 4,0.0
mean,2030,42,86,ES1 4,0.0
mean,2030,42,87,ES1 4,0.0
mean,2030,42,88,ES1 4,0.0
mean,2030,42,89,ES1 4,0.0
mean,2030,42,90,ES1 4,0.0
mean,2030,42,91,ES1 4,0.0
mean,2030,42,92,ES1 4,0.0
mean,2030,42,93,ES1 4,0.0
mean,2030,42,94,ES1 4,0.0
mean,2030,42,95,ES1 4,0.0
mean,2030,42,96,ES1 4,0.0
mean,2030,42,97,ES1 4,0.0
mean,2030,42,98,ES1 4,0.0
mean,2030,42,99,ES1 4,0.0
mean,2030,42,100,ES1 4,0.0
mean,2030,42,101,ES1 4,0.0
mean,2030,42,102,ES1 4,0.0
mean,2030,42,103,ES1 4,0.0
mean,2030,42,104,ES1 4,0.0
mean,2030,42,105,ES1 4,0.0
mean,2030,42,106,ES1 4,0.0
mean,2030,42,107,ES1 4,0.0
mean,2030,42,108,ES1 4,0.0
mean,2030,42,109,ES1 4,0.0
mean,2030,42,110,ES1 4,0.0
mean,2030,42,111,ES1 4,0.0
mean,2030,42,112,ES1 4,0.0
mean,2030,42,113,ES1 4,0.0
mean,2030,42,114,ES1 4,0.0
mean,2030,42,115,ES1 4,0.0
mean,2030,42,116,ES1 4,0.0
mean,2030,42,117,ES1 4,0.0
mean,2030,42,118,ES1 4,0.0
mean,2030,42,119,ES1 4,0.0
mean,2030,42,120,ES1 4,0.0
mean,2030,42,121,ES1 4,0.0
mean,2030,42,122,ES1 4,0.0
mean,2030,42,123,ES1 4,0.0
mean,2030,42,124,ES1 4,0.0
mean,2030,42,125,ES1 4,0.0
mean,2030,42,126,ES1 4,0.0
mean,2030,42,127,ES1 4,0.0
mean,2030,42,128,ES1 4,0.0
mean,2030,42,129,ES1 4,0.0
mean,2030,42,130,ES1 4,0.0
mean,2030,42,131,ES1 4,0.0
mean,2030,42,132,ES1 4,0.0
mean,2030,42,133,ES1 4,0.0
mean,2030,42,134,ES1 4,0.0
mean,2030,42,135,ES1 4,0.0
mean,2030,42,136,ES1 4,0.0
mean,2030,42,137,ES1 4,0.0
mean,2030,42,138,ES1 4,0.0
mean,2030,42,139,ES1 4,0.0
mean,2030,42,140,ES1 4,0.0
mean,2030,42,141,ES1 4,0.0
mean,2030,42,142,ES1 4,0.0
mean,2030,42,143,ES1 4,0.0
mean,2030,42,144,ES1 4,0.0
mean,2030,42,145,ES1 4,0.0
mean,2030,42,146,ES1 4,0.0
mean,2030,42,147,ES1 4,0.0
mean,2030,42,148,ES1 4,0.0
mean,2030,42,149,ES1 4,0.0
mean,2030,42,150,ES1 4,0.0
mean,2030,42,151,ES1 4,0.0
mean,2030,42,152,ES1 4,0.0
mean,2030,42,153,ES1 4,0.0
mean,2030,42,154,ES1 4,0.0
mean,2030,42,155,ES1 4,0.0
mean,2030,42,156,ES1 4,0.0
mean,2030,42,157,ES1 4,0.0
mean,2030,42,158,ES1 4,0.0
mean,2030,42,159,ES1 4,0.0
mean,2030,42,160,ES1 4,0.0
mean,2030,42,161,ES1 4,0.0
mean,2030,42,162,ES1 4,0.0
mean,2030,42,163,ES1 4,0.0
mean,2030,42,164,ES1 4,0.0
mean,2030,42,165,ES1 4,0.0
mean,2030,42,166,ES1 4,0.0
mean,2030,42,167,ES1 4,0.0
mean,2030,52,0,ES1 4,0.0
mean,2030,52,1,ES1 4,0.0
mean,2030,52,2,ES1 4,0.0
mean,2030,52,3,ES1 4,0.0
mean,2030,52,4,ES1 4,0.0
mean,2030,52,5,ES1 4,0.0
mean,2030,52,6,ES1 4,0.0
mean,2030,52,7,ES1 4,0.0
mean,2030,52,8,ES1 4,0.0
mean,2030,52,9,ES1 4,0.0
mean,2030,52,10,ES1 4,0.0
mean,2030,52,11,ES1 4,0.0
mean,2030,52,12,ES1 4,0.0
mean,2030,52,13,ES1 4,0.0
mean,2030,52,14,ES1 4,0.0
mean,2030,52,15,ES1 4,0.0
mean,2030,52,16,ES1 4,0.0
mean,2030,52,17,ES1 4,0.0
mean,2030,52,18,ES1 4,0.0
mean,2030,52,19,ES1 4,0.0
mean,2030,52,20,ES1 4,0.0
mean,2030,52,21,ES1 4,0.0
mean,2030,52,22,ES1 4,0.0
mean,2030,52,23,ES1 4,0.0
mean,2030,52,24,ES1 4,0.0
mean,2030,52,25,ES1 4,0.0
mean,2030,52,26,ES1 4,0.0
mean,2030,52,27,ES1 4,0.0
mean,2030,52,28,ES1 4,0.0
mean,2030,52,29,ES1 4,0.0
mean,2030,52,30,ES1 4,0.0
mean,2030,52,31,ES1 4,0.0
mean,2030,52,32,ES1 4,0.0
mean,2030,52,33,ES1 4,0.0
mean,2030,52,34,ES1 4,0.0
mean,2030,52,35,ES1 4,0.0
mean,2030,52,36,ES1 4,0.0
mean,2030,52,37,ES1 4,0.0
mean,2030,52,38,ES1 4,0.0
mean,2030,52,39,ES1 4,0.0
mean,2030,52,40,ES1 4,0.0
mean,2030,52,41,ES1 4,0.0
mean,2030,52,42,ES1 4,0.0
mean,2030,52,43,ES1 4,0.0
mean,2030,52,44,ES1 4,0.0
mean,2030,52,45,ES1 4,0.0
mean,2030,52,46,ES1 4,0.0
mean,2030,52,47,ES1 4,0.0
mean,2030,52,48,ES1 4,0.0
mean,2030,52,49,ES1 4,0.0
mean,2030,52,50,ES1 4,0.0
mean,2030,52,51,ES1 4,0.0
mean,2030,52,52,ES1 4,0.0
mean,2030,52,53,ES1 4,0.0
mean,2030,52,54,ES1 4,0.0
mean,2030,52,55,ES1 4,0.0
mean,2030,52,56,ES1 4,0.0
mean,2030,52,57,ES1 4,0.0
mean,2030,52,58,ES1 4,0.0
mean,2030,52,59,ES1 4,0.0
mean,2030,52,60,ES1 4,0.0
mean,2030,52,61,ES1 4,0.0
mean,2030,52,62,ES1 4,0.0
mean,2030,52,63,ES1 4,0.0
mean,2030,52,64,ES1 4,0.0
mean,2030,52,65,ES1 4,0.0
mean,2030,52,66,ES1 4,0.0
mean,2030,52,67,ES1 4,0.0
mean,2030,52,68,ES1 4,0.0
mean,2030,52,69,ES1 4,0.0
mean,2030,52,70,ES1 4,0.0
mean,2030,52,71,ES1 4,0.0
mean,2030,52,72,ES1 4,0.0
mean,2030,52,73,ES1 4,0.0
mean,2030,52,74,ES1 4,0.0
mean,2030,52,75,ES1 4,0.0
mean,2030,52,76,ES1 4,0.0
mean,2030,52,77,ES1 4,0.0
mean,2030,52,78,ES1 4,0.0
mean,2030,52,79,ES1 4,0.0
mean,2030,52,80,ES1 4,0.0
mean,2030,52,81,ES1 4,0.0
mean,2030,52,82,ES1 4,0.0
mean,2030,52,83,ES1 4,0.0
mean,2030,52,84,ES1 4,0.0
mean,2030,52,85,ES1 4,0.0
mean,2030,52,86,ES1 4,0.0
mean,2030,52,87,ES1 4,0.0
mean,2030,52,88,ES1 4,0.0
mean,2030,52,89,ES1 4,0.0
mean,2030,52,90,ES1 4,0.0
mean,2030,52,91,ES1 4,0.0
mean,2030,52,92,ES1 4,0.0
mean,2030,52,93,ES1 4,0.0
mean,2030,52,94,ES1 4,0.0
mean,2030,52,95,ES1 4,0.0
mean,2030,52,96,ES1 4,0.0
mean,2030,52,97,ES1 4,0.0
mean,2030,52,98,ES1 4,0.0
mean,2030,52,99,ES1 4,0.0
mean,2030,52,100,ES1 4,0.0
mean,2030,52,101,ES1 4,0.0
mean,2030,52,102,ES1 4,0.0
mean,2030,52,103,ES1 4,0.0
mean,2030,52,104,ES1 4,0.0
mean,2030,52,105,ES1 4,0.0
mean,2030,52,106,ES1 4,0.0
mean,2030,52,107,ES1 4,0.0
mean,2030,52,108,ES1 4,0.0
mean,2030,52,109,ES1 4,0.0
mean,2030,52,110,ES1 4,0.0
mean,2030,52,111,ES1 4,0.0
mean,2030,52,112,ES1 4,0.0
mean,2030,52,113,ES1 4,0.0
mean,2030,52,114,ES1 4,0.0
mean,2030,52,115,ES1 4,0.0
mean,2030,52,116,ES1 4,0.0
mean,2030,52,117,ES1 4,0.0
mean,2030,52,118,ES1 4,0.0
mean,2030,52,119,ES1 4,0.0
mean,2030,52,120,ES1 4,0.0
mean,2030,52,121,ES1 4,0.0
mean,2030,52,122,ES1 4,0.0
mean,2030,52,123,ES1 4,0.0
mean,2030,52,124,ES1 4,0.0
mean,2030,52,125,ES1 4,0.0
mean,2030,52,126,ES1 4,0.0
mean,2030,52,127,ES1 4,0.0
mean,2030,52,128,ES1 4,0.0
mean,2030,52,129,ES1 4,0.0
mean,2030,52,130,ES1 4,0.0
mean,2030,52,131,ES1 4,0.0
mean,2030,52,132,ES1 4,0.0
mean,2030,52,133,ES1 4,0.0
mean,2030,52,134,ES1 4,0.0
mean,2030,52,135,ES1 4,0.0
mean,2030,52,136,ES1 4,0.0
mean,2030,52,137,ES1 4,0.0
mean,2030,52,138,ES1 4,0.0
mean,2030,52,139,ES1 4,0.0
mean,2030,52,140,ES1 4,0.0
mean,2030,52,141,ES1 4,0.0
mean,2030,52,142,ES1 4,0.0
mean,2030,52,143,ES1 4,0.0
mean,2030,52,144,ES1 4,0.0
mean,2030,52,145,ES1 4,0.0
mean,2030,52,146,ES1 4,0.0
mean,2030,52,147,ES1 4,0.0
mean,2030,52,148,ES1 4,0.0
mean,2030,52,149,ES1 4,0.0
mean,2030,52,150,ES1 4,0.0
mean,2030,52,151,ES1 4,0.0
mean,2030,52,152,ES1 4,0.0
mean,2030,52,153,ES1 4,0.0
mean,2030,52,154,ES1 4,0.0
mean,2030,52,155,ES1 4,0.0
mean,2030,52,156,ES1 4,0.0
mean,2030,52,157,ES1 4,0.0
mean,2030,52,158,ES1 4,0.0
mean,2030,52,159,ES1 4,0.0
mean,2030,52,160,ES1 4,0.0
mean,2030,52,161,ES1 4,0.0
mean,2030,52,162,ES1 4,0.0
mean,2030,52,163,ES1 4,0.0
mean,2030,52,164,ES1 4,0.0
mean,2030,52,165,ES1 4,0.0
mean,2030,52,166,ES1 4,0.0
mean,2030,52,167,ES1 4,0.0
mean,2040,11,0,ES1 4,0.0
mean,2040,11,1,ES1 4,0.0
mean,2040,11,2,ES1 4,0.0
mean,2040,11,3,ES1 4,0.0
mean,2040,11,4,ES1 4,0.0
mean,2040,11,5,ES1 4,0.0
mean,2040,11,6,ES1 4,0.0
mean,2040,11,7,ES1 4,0.0
mean,2040,11,8,ES1 4,0.0
mean,2040,11,9,ES1 4,0.0
mean,2040,11,10,ES1 4,0.0
mean,2040,11,11,ES1 4,0.0
mean,2040,11,12,ES1 4,0.0
mean,2040,11,13,ES1 4,0.0
mean,2040,11,14,ES1 4,0.0
mean,2040,11,15,ES1 4,0.0
mean,2040,11,16,ES1 4,0.0
mean,2040,11,17,ES1 4,0.0
mean,2040,11,18,ES1 4,0.0
mean,2040,11,19,ES1 4,0.0
mean,2040,11,20,ES1 4,0.0
mean,2040,11,21,ES1 4,0.0
mean,2040,11,22,ES1 4,0.0
mean,2040,11,23,ES1 4,0.0
mean,2040,11,24,ES1 4,0.0
mean,2040,11,25,ES1 4,0.0
mean,2040,11,26,ES1 4,0.0
mean,2040,11,27,ES1 4,0.0
mean,2040,11,28,ES1 4,0.0
mean,2040,11,29,ES1 4,0.0
mean,2040,11,30,ES1 4,0.0
mean,2040,11,31,ES1 4,0.0
mean,2040,11,32,ES1 4,0.0
mean,2040,11,33,ES1 4,0.0
mean,2040,11,34,ES1 4,0.0
mean,2040,11,35,ES1 4,0.0
mean,2040,11,36,ES1 4,0.0
mean,2040,11,37,ES1 4,0.0
mean,2040,11,38,ES1 4,0.0
mean,2040,11,39,ES1 4,0.0
mean,2040,11,40,ES1 4,0.0
mean,2040,11,41,ES1 4,0.0
mean,2040,11,42,ES1 4,0.0
mean,2040,11,43,ES1 4,0.0
mean,2040,11,44,ES1 4,0.0
mean,2040,11,45,ES1 4,0.0
mean,2040,11,46,ES1 4,0.0
mean,2040,11,47,ES1 4,0.0
mean,2040,11,48,ES1 4,0.0
mean,2040,11,49,ES1 4,0.0
mean,2040,11,50,ES1 4,0.0
mean,2040,11,51,ES1 4,0.0
mean,2040,11,52,ES1 4,0.0
mean,2040,11,53,ES1 4,0.0
mean,2040,11,54,ES1 4,0.0
mean,2040,11,55,ES1 4,0.0
mean,2040,11,56,ES1 4,0.0
mean,2040,11,57,ES1 4,0.0
mean,2040,11,58,ES1 4,0.0
mean,2040,11,59,ES1 4,0.0
mean,2040,11,60,ES1 4,0.0
mean,2040,11,61,ES1 4,0.0
mean,2040,11,62,ES1 4,0.0
mean,2040,11,63,ES1 4,0.0
mean,2040,11,64,ES1 4,0.0
mean,2040,11,65,ES1 4,0.0
mean,2040,11,66,ES1 4,0.0
mean,2040,11,67,ES1 4,0.0
mean,2040,11,68,ES1 4,0.0
mean,2040,11,69,ES1 4,0.0
mean,2040,11,70,ES1 4,0.0
mean,2040,11,71,ES1 4,0.0
mean,2040,11,72,ES1 4,0.0
mean,2040,11,73,ES1 4,0.0
mean,2040,11,74,ES1 4,0.0
mean,2040,11,75,ES1 4,0.0
mean,2040,11,76,ES1 4,0.0
mean,2040,11,77,ES1 4,0.0
mean,2040,11,78,ES1 4,0.0
mean,2040,11,79,ES1 4,0.0
mean,2040,11,80,ES1 4,0.0
mean,2040,11,81,ES1 4,0.0
mean,2040,11,82,ES1 4,0.0
mean,2040,11,83,ES1 4,0.0
mean,2040,11,84,ES1 4,0.0
mean,2040,11,85,ES1 4,0.0
mean,2040,11,86,ES1 4,0.0
mean,2040,11,87,ES1 4,0.0
mean,2040,11,88,ES1 4,0.0
mean,2040,11,89,ES1 4,0.0
mean,2040,11,90,ES1 4,0.0
mean,2040,11,91,ES1 4,0.0
mean,2040,11,92,ES1 4,0.0
mean,2040,11,93,ES1 4,0.0
mean,2040,11,94,ES1 4,0.0
mean,2040,11,95,ES1 4,0.0
mean,2040,11,96,ES1 4,0.0
mean,2040,11,97,ES1 4,0.0
mean,2040,11,98,ES1 4,0.0
mean,2040,11,99,ES1 4,0.0
mean,2040,11,100,ES1 4,0.0
mean,2040,11,101,ES1 4,0.0
mean,2040,11,102,ES1 4,0.0
mean,2040,11,103,ES1 4,0.0
mean,2040,11,104,ES1 4,0.0
mean,2040,11,105,ES1 4,0.0
mean,2040,11,106,ES1 4,0.0
mean,2040,11,107,ES1 4,0.0
mean,2040,11,108,ES1 4,0.0
mean,2040,11,109,ES1 4,0.0
mean,2040,11,110,ES1 4,0.0
mean,2040,11,111,ES1 4,0.0
mean,2040,11,112,ES1 4,0.0
mean,2040,11,113,ES1 4,0.0
mean,2040,11,114,ES1 4,0.0
mean,2040,11,115,ES1 4,0.0
mean,2040,11,116,ES1 4,0.0
mean,2040,11,117,ES1 4,0.0
mean,2040,11,118,ES1 4,0.0
mean,2040,11,119,ES1 4,0.0
mean,2040,11,120,ES1 4,0.0
mean,2040,11,121,ES1 4,0.0
mean,2040,11,122,ES1 4,0.0
mean,2040,11,123,ES1 4,0.0
mean,2040,11,124,ES1 4,0.0
mean,2040,11,125,ES1 4,0.0
mean,2040,11,126,ES1 4,0.0
mean,2040,11,127,ES1 4,0.0
mean,2040,11,128,ES1 4,0.0
mean,2040,11,129,ES1 4,0.0
mean,2040,11,130,ES1 4,0.0
mean,2040,11,131,ES1 4,0.0
mean,2040,11,132,ES1 4,0.0
mean,2040,11,133,ES1 4,0.0
mean,2040,11,134,ES1 4,0.0
mean,2040,11,135,ES1 4,0.0
mean,2040,11,136,ES1 4,0.0
mean,2040,11,137,ES1 4,0.0
mean,2040,11,138,ES1 4,0.0
mean,2040,11,139,ES1 4,0.0
mean,2040,11,140,ES1 4,0.0
mean,2040,11,141,ES1 4,0.0
mean,2040,11,142,ES1 4,0.0
mean,2040,11,143,ES1 4,0.0
mean,2040,11,144,ES1 4,0.0
mean,2040,11,145,ES1 4,0.0
mean,2040,11,146,ES1 4,0.0
mean,2040,11,147,ES1 4,0.0
mean,2040,11,148,ES1 4,0.0
mean,2040,11,149,ES1 4,0.0
mean,2040,11,150,ES1 4,0.0
mean,2040,11,151,ES1 4,0.0
mean,2040,11,152,ES1 4,0.0
mean,2040,11,153,ES1 4,0.0
mean,2040,11,154,ES1 4,0.0
mean,2040,11,155,ES1 4,0.0
mean,2040,11,156,ES1 4,0.0
mean,2040,11,157,ES1 4,0.0
mean,2040,11,158,ES1 4,0.0
mean,2040,11,159,ES1 4,0.0
mean,2040,11,160,ES1 4,0.0
mean,2040,11,161,ES1 4,0.0
mean,2040,11,162,ES1 4,0.0
mean,2040,11,163,ES1 4,0.0
mean,2040,11,164,ES1 4,0.0
mean,2040,11,165,ES1 4,0.0
mean,2040,11,166,ES1 4,0.0
mean,2040,11,167,ES1 4,0.0
mean,2040,21,0,ES1 4,0.0
mean,2040,21,1,ES1 4,0.0
mean,2040,21,2,ES1 4,0.0
mean,2040,21,3,ES1 4,0.0
mean,2040,21,4,ES1 4,0.0
mean,2040,21,5,ES1 4,0.0
mean,2040,21,6,ES1 4,0.0
mean,2040,21,7,ES1 4,0.0
mean,2040,21,8,ES1 4,0.0
mean,2040,21,9,ES1 4,0.0
mean,2040,21,10,ES1 4,0.0
mean,2040,21,11,ES1 4,0.0
mean,2040,21,12,ES1 4,0.0
mean,2040,21,13,ES1 4,0.0
mean,2040,21,14,ES1 4,0.0
mean,2040,21,15,ES1 4,0.0
mean,2040,21,16,ES1 4,0.0
mean,2040,21,17,ES1 4,0.0
mean,2040,21,18,ES1 4,0.0
mean,2040,21,19,ES1 4,0.0
mean,2040,21,20,ES1 4,0.0
mean,2040,21,21,ES1 4,0.0
mean,2040,21,22,ES1 4,0.0
mean,2040,21,23,ES1 4,0.0
mean,2040,21,24,ES1 4,0.0
mean,2040,21,25,ES1 4,0.0
mean,2040,21,26,ES1 4,0.0
mean,2040,21,27,ES1 4,0.0
mean,2040,21,28,ES1 4,0.0
mean,2040,21,29,ES1 4,0.0
mean,2040,21,30,ES1 4,0.0
mean,2040,21,31,ES1 4,0.0
mean,2040,21,32,ES1 4,0.0
mean,2040,21,33,ES1 4,0.0
mean,2040,21,34,ES1 4,0.0
mean,2040,21,35,ES1 4,0.0
mean,2040,21,36,ES1 4,0.0
mean,2040,21,37,ES1 4,0.0
mean,2040,21,38,ES1 4,0.0
mean,2040,21,39,ES1 4,0.0
mean,2040,21,40,ES1 4,0.0
mean,2040,21,41,ES1 4,0.0
mean,2040,21,42,ES1 4,0.0
mean,2040,21,43,ES1 4,0.0
mean,2040,21,44,ES1 4,0.0
mean,2040,21,45,ES1 4,0.0
mean,2040,21,46,ES1 4,0.0
mean,2040,21,47,ES1 4,0.0
mean,2040,21,48,ES1 4,0.0
mean,2040,21,49,ES1 4,0.0
mean,2040,21,50,ES1 4,0.0
mean,2040,21,51,ES1 4,0.0
mean,2040,21,52,ES1 4,0.0
mean,2040,21,53,ES1 4,0.0
mean,2040,21,54,ES1 4,0.0
mean,2040,21,55,ES1 4,0.0
mean,2040,21,56,ES1 4,0.0
mean,2040,21,57,ES1 4,0.0
mean,2040,21,58,ES1 4,0.0
mean,2040,21,59,ES1 4,0.0
mean,2040,21,60,ES1 4,0.0
mean,2040,21,61,ES1 4,0.0
mean,2040,21,62,ES1 4,0.0
mean,2040,21,63,ES1 4,0.0
mean,2040,21,64,ES1 4,0.0
mean,2040,21,65,ES1 4,0.0
mean,2040,21,66,ES1 4,0.0
mean,2040,21,67,ES1 4,0.0
mean,2040,21,68,ES1 4,0.0
mean,2040,21,69,ES1 4,0.0
mean,2040,21,70,ES1 4,0.0
mean,2040,21,71,ES1 4,0.0
mean,2040,21,72,ES1 4,0.0
mean,2040,21,73,ES1 4,0.0
mean,2040,21,74,ES1 4,0.0
mean,2040,21,75,ES1 4,0.0
mean,2040,21,76,ES1 4,0.0
mean,2040,21,77,ES1 4,0.0
mean,2040,21,78,ES1 4,0.0
mean,2040,21,79,ES1 4,0.0
mean,2040,21,80,ES1 4,0.0
mean,2040,21,81,ES1 4,0.0
mean,2040,21,82,ES1 4,0.0
mean,2040,21,83,ES1 4,0.0
mean,2040,21,84,ES1 4,0.0
mean,2040,21,85,ES1 4,0.0
mean,2040,21,86,ES1 4,0.0
mean,2040,21,87,ES1 4,0.0
mean,2040,21,88,ES1 4,0.0
mean,2040,21,89,ES1 4,0.0
mean,2040,21,90,ES1 4,0.0
mean,2040,21,91,ES1 4,0.0
mean,2040,21,92,ES1 4,0.0
mean,2040,21,93,ES1 4,0.0
mean,2040,21,94,ES1 4,0.0
mean,2040,21,95,ES1 4,0.0
mean,2040,21,96,ES1 4,0.0
mean,2040,21,97,ES1 4,0.0
mean,2040,21,98,ES1 4,0.0
mean,2040,21,99,ES1 4,0.0
mean,2040,21,100,ES1 4,0.0
mean,2040,21,101,ES1 4,0.0
mean,2040,21,102,ES1 4,0.0
mean,2040,21,103,ES1 4,0.0
mean,2040,21,104,ES1 4,0.0
mean,2040,21,105,ES1 4,0.0
mean,2040,21,106,ES1 4,0.0
mean,2040,21,107,ES1 4,0.0
mean,2040,21,108,ES1 4,0.0
mean,2040,21,109,ES1 4,0.0
mean,2040,21,110,ES1 4,0.0
mean,2040,21,111,ES1 4,0.0
mean,2040,21,112,ES1 4,0.0
mean,2040,21,113,ES1 4,0.0
mean,2040,21,114,ES1 4,0.0
mean,2040,21,115,ES1 4,0.0
mean,2040,21,116,ES1 4,0.0
mean,2040,21,117,ES1 4,0.0
mean,2040,21,118,ES1 4,0.0
mean,2040,21,119,ES1 4,0.0
mean,2040,21,120,ES1 4,0.0
mean,2040,21,121,ES1 4,0.0
mean,2040,21,122,ES1 4,0.0
mean,2040,21,123,ES1 4,0.0
mean,2040,21,124,ES1 4,0.0
mean,2040,21,125,ES1 4,0.0
mean,2040,21,126,ES1 4,0.0
mean,2040,21,127,ES1 4,0.0
mean,2040,21,128,ES1 4,0.0
mean,2040,21,129,ES1 4,0.0
mean,2040,21,130,ES1 4,0.0
mean,2040,21,131,ES1 4,0.0
mean,2040,21,132,ES1 4,0.0
mean,2040,21,133,ES1 4,0.0
mean,2040,21,134,ES1 4,0.0
mean,2040,21,135,ES1 4,0.0
mean,2040,21,136,ES1 4,0.0
mean,2040,21,137,ES1 4,0.0
mean,2040,21,138,ES1 4,0.0
mean,2040,21,139,ES1 4,0.0
mean,2040,21,140,ES1 4,0.0
mean,2040,21,141,ES1 4,0.0
mean,2040,21,142,ES1 4,0.0
mean,2040,21,143,ES1 4,0.0
mean,2040,21,144,ES1 4,0.0
mean,2040,21,145,ES1 4,0.0
mean,2040,21,146,ES1 4,0.0
mean,2040,21,147,ES1 4,0.0
mean,2040,21,148,ES1 4,0.0
mean,2040,21,149,ES1 4,0.0
mean,2040,21,150,ES1 4,0.0
mean,2040,21,151,ES1 4,0.0
mean,2040,21,152,ES1 4,0.0
mean,2040,21,153,ES1 4,0.0
mean,2040,21,154,ES1 4,0.0
mean,2040,21,155,ES1 4,0.0
mean,2040,21,156,ES1 4,0.0
mean,2040,21,157,ES1 4,0.0
mean,2040,21,158,ES1 4,0.0
mean,2040,21,159,ES1 4,0.0
mean,2040,21,160,ES1 4,0.0
mean,2040,21,161,ES1 4,0.0
mean,2040,21,162,ES1 4,0.0
mean,2040,21,163,ES1 4,0.0
mean,2040,21,164,ES1 4,0.0
mean,2040,21,165,ES1 4,0.0
mean,2040,21,166,ES1 4,0.0
mean,2040,21,167,ES1 4,0.0
mean,2040,42,0,ES1 4,0.0
mean,2040,42,1,ES1 4,0.0
mean,2040,42,2,ES1 4,0.0
mean,2040,42,3,ES1 4,0.0
mean,2040,42,4,ES1 4,0.0
mean,2040,42,5,ES1 4,0.0
mean,2040,42,6,ES1 4,0.0
mean,2040,42,7,ES1 4,0.0
mean,2040,42,8,ES1 4,0.0
mean,2040,42,9,ES1 4,0.0
mean,2040,42,10,ES1 4,0.0
mean,2040,42,11,ES1 4,0.0
mean,2040,42,12,ES1 4,0.0
mean,2040,42,13,ES1 4,0.0
mean,2040,42,14,ES1 4,0.0
mean,2040,42,15,ES1 4,0.0
mean,2040,42,16,ES1 4,0.0
mean,2040,42,17,ES1 4,0.0
mean,2040,42,18,ES1 4,0.0
mean,2040,42,19,ES1 4,0.0
mean,2040,42,20,ES1 4,0.0
mean,2040,42,21,ES1 4,0.0
mean,2040,42,22,ES1 4,0.0
mean,2040,42,23,ES1 4,0.0
mean,2040,42,24,ES1 4,0.0
mean,2040,42,25,ES1 4,0.0
mean,2040,42,26,ES1 4,0.0
mean,2040,42,27,ES1 4,0.0
mean,2040,42,28,ES1 4,0.0
mean,2040,42,29,ES1 4,0.0
mean,2040,42,30,ES1 4,0.0
mean,2040,42,31,ES1 4,0.0
mean,2040,42,32,ES1 4,0.0
mean,2040,42,33,ES1 4,0.0
mean,2040,42,34,ES1 4,0.0
mean,2040,42,35,ES1 4,0.0
mean,2040,42,36,ES1 4,0.0
mean,2040,42,37,ES1 4,0.0
mean,2040,42,38,ES1 4,0.0
mean,2040,42,39,ES1 4,0.0
mean,2040,42,40,ES1 4,0.0
mean,2040,42,41,ES1 4,0.0
mean,2040,42,42,ES1 4,0.0
mean,2040,42,43,ES1 4,0.0
mean,2040,42,44,ES1 4,0.0
mean,2040,42,45,ES1 4,0.0
mean,2040,42,46,ES1 4,0.0
mean,2040,42,47,ES1 4,0.0
mean,2040,42,48,ES1 4,0.0
mean,2040,42,49,ES1 4,0.0
mean,2040,42,50,ES1 4,0.0
mean,2040,42,51,ES1 4,0.0
mean,2040,42,52,ES1 4,0.0
mean,2040,42,53,ES1 4,0.0
mean,2040,42,54,ES1 4,0.0
mean,2040,42,55,ES1 4,0.0
mean,2040,42,56,ES1 4,0.0
mean,2040,42,57,ES1 4,0.0
mean,2040,42,58,ES1 4,0.0
mean,2040,42,59,ES1 4,0.0
mean,2040,42,60,ES1 4,0.0
mean,2040,42,61,ES1 4,0.0
mean,2040,42,62,ES1 4,0.0
mean,2040,42,63,ES1 4,0.0
mean,2040,42,64,ES1 4,0.0
mean,2040,42,65,ES1 4,0.0
mean,2040,42,66,ES1 4,0.0
mean,2040,42,67,ES1 4,0.0
mean,2040,42,68,ES1 4,0.0
mean,2040,42,69,ES1 4,0.0
mean,2040,42,70,ES1 4,0.0
mean,2040,42,71,ES1 4,0.0
mean,2040,42,72,ES1 4,0.0
mean,2040,42,73,ES1 4,0.0
mean,2040,42,74,ES1 4,0.0
mean,2040,42,75,ES1 4,0.0
mean,2040,42,76,ES1 4,0.0
mean,2040,42,77,ES1 4,0.0
mean,2040,42,78,ES1 4,0.0
mean,2040,42,79,ES1 4,0.0
mean,2040,42,80,ES1 4,0.0
mean,2040,42,81,ES1 4,0.0
mean,2040,42,82,ES1 4,0.0
mean,2040,42,83,ES1 4,0.0
mean,2040,42,84,ES1 4,0.0
mean,2040,42,85,ES1 4,0.0
mean,2040,42,86,ES1 4,0.0
mean,2040,42,87,ES1 4,0.0
mean,2040,42,88,ES1 4,0.0
mean,2040,42,89,ES1 4,0.0
mean,2040,42,90,ES1 4,0.0
mean,2040,42,91,ES1 4,0.0
mean,2040,42,92,ES1 4,0.0
mean,2040,42,93,ES1 4,0.0
mean,2040,42,94,ES1 4,0.0
mean,2040,42,95,ES1 4,0.0
mean,2040,42,96,ES1 4,0.0
mean,2040,42,97,ES1 4,0.0
mean,2040,42,98,ES1 4,0.0
mean,2040,42,99,ES1 4,0.0
mean,2040,42,100,ES1 4,0.0
mean,2040,42,101,ES1 4,0.0
mean,2040,42,102,ES1 4,0.0
mean,2040,42,103,ES1 4,0.0
mean,2040,42,104,ES1 4,0.0
mean,2040,42,105,ES1 4,0.0
mean,2040,42,106,ES1 4,0.0
mean,2040,42,107,ES1 4,0.0
mean,2040,42,108,ES1 4,0.0
mean,2040,42,109,ES1 4,0.0
mean,2040,42,110,ES1 4,0.0
mean,2040,42,111,ES1 4,0.0
mean,2040,42,112,ES1 4,0.0
mean,2040,42,113,ES1 4,0.0
mean,2040,42,114,ES1 4,0.0
mean,2040,42,115,ES1 4,0.0
mean,2040,42,116,ES1 4,0.0
mean,2040,42,117,ES1 4,0.0
mean,2040,42,118,ES1 4,0.0
mean,2040,42,119,ES1 4,0.0
mean,2040,42,120,ES1 4,0.0
mean,2040,42,121,ES1 4,0.0
mean,2040,42,122,ES1 4,0.0
mean,2040,42,123,ES1 4,0.0
mean,2040,42,124,ES1 4,0.0
mean,2040,42,125,ES1 4,0.0
mean,2040,42,126,ES1 4,0.0
mean,2040,42,127,ES1 4,0.0
mean,2040,42,128,ES1 4,0.0
mean,2040,42,129,ES1 4,0.0
mean,2040,42,130,ES1 4,0.0
mean,2040,42,131,ES1 4,0.0
mean,2040,42,132,ES1 4,0.0
mean,2040,42,133,ES1 4,0.0
mean,2040,42,134,ES1 4,0.0
mean,2040,42,135,ES1 4,0.0
mean,2040,42,136,ES1 4,0.0
mean,2040,42,137,ES1 4,0.0
mean,2040,42,138,ES1 4,0.0
mean,2040,42,139,ES1 4,0.0
mean,2040,42,140,ES1 4,0.0
mean,2040,42,141,ES1 4,0.0
mean,2040,42,142,ES1 4,0.0
mean,2040,42,143,ES1 4,0.0
mean,2040,42,144,ES1 4,0.0
mean,2040,42,145,ES1 4,0.0
mean,2040,42,146,ES1 4,0.0
mean,2040,42,147,ES1 4,0.0
mean,2040,42,148,ES1 4,0.0
mean,2040,42,149,ES1 4,0.0
mean,2040,42,150,ES1 4,0.0
mean,2040,42,151,ES1 4,0.0
mean,2040,42,152,ES1 4,0.0
mean,2040,42,153,ES1 4,0.0
mean,2040,42,154,ES1 4,0.0
mean,2040,42,155,ES1 4,0.0
mean,2040,42,156,ES1 4,0.0
mean,2040,42,157,ES1 4,0.0
mean,2040,42,158,ES1 4,0.0
mean,2040,42,159,ES1 4,0.0
mean,2040,42,160,ES1 4,0.0
mean,2040,42,161,ES1 4,0.0
mean,2040,42,162,ES1 4,0.0
mean,2040,42,163,ES1 4,0.0
mean,2040,42,164,ES1 4,0.0
mean,2040,42,165,ES1 4,0.0
mean,2040,42,166,ES1 4,0.0
mean,2040,42,167,ES1 4,0.0
mean,2040,52,0,ES1 4,0.0
mean,2040,52,1,ES1 4,0.0
mean,2040,52,2,ES1 4,0.0
mean,2040,52,3,ES1 4,0.0
mean,2040,52,4,ES1 4,0.0
mean,2040,52,5,ES1 4,0.0
mean,2040,52,6,ES1 4,0.0
mean,2040,52,7,ES1 4,0.0
mean,2040,52,8,ES1 4,0.0
mean,2040,52,9,ES1 4,0.0
mean,2040,52,10,ES1 4,0.0
mean,2040,52,11,ES1 4,0.0
mean,2040,52,12,ES1 4,0.0
mean,2040,52,13,ES1 4,0.0
mean,2040,52,14,ES1 4,0.0
mean,2040,52,15,ES1 4,0.0
mean,2040,52,16,ES1 4,0.0
mean,2040,52,17,ES1 4,0.0
mean,2040,52,18,ES1 4,0.0
mean,2040,52,19,ES1 4,0.0
mean,2040,52,20,ES1 4,0.0
mean,2040,52,21,ES1 4,0.0
mean,2040,52,22,ES1 4,0.0
mean,2040,52,23,ES1 4,0.0
mean,2040,52,24,ES1 4,0.0
mean,2040,52,25,ES1 4,0.0
mean,2040,52,26,ES1 4,0.0
mean,2040,52,27,ES1 4,0.0
mean,2040,52,28,ES1 4,0.0
mean,2040,52,29,ES1 4,0.0
mean,2040,52,30,ES1 4,0.0
mean,2040,52,31,ES1 4,0.0
mean,2040,52,32,ES1 4,0.0
mean,2040,52,33,ES1 4,0.0
mean,2040,52,34,ES1 4,0.0
mean,2040,52,35,ES1 4,0.0
mean,2040,52,36,ES1 4,0.0
mean,2040,52,37,ES1 4,0.0
mean,2040,52,38,ES1 4,0.0
mean,2040,52,39,ES1 4,0.0
mean,2040,52,40,ES1 4,0.0
mean,2040,52,41,ES1 4,0.0
mean,2040,52,42,ES1 4,0.0
mean,2040,52,43,ES1 4,0.0
mean,2040,52,44,ES1 4,0.0
mean,2040,52,45,ES1 4,0.0
mean,2040,52,46,ES1 4,0.0
mean,2040,52,47,ES1 4,0.0
mean,2040,52,48,ES1 4,0.0
mean,2040,52,49,ES1 4,0.0
mean,2040,52,50,ES1 4,0.0
mean,2040,52,51,ES1 4,0.0
mean,2040,52,52,ES1 4,0.0
mean,2040,52,53,ES1 4,0.0
mean,2040,52,54,ES1 4,0.0
mean,2040,52,55,ES1 4,0.0
mean,2040,52,56,ES1 4,0.0
mean,2040,52,57,ES1 4,0.0
mean,2040,52,58,ES1 4,0.0
mean,2040,52,59,ES1 4,0.0
mean,2040,52,60,ES1 4,0.0
mean,2040,52,61,ES1 4,0.0
mean,2040,52,62,ES1 4,0.0
mean,2040,52,63,ES1 4,0.0
mean,2040,52,64,ES1 4,0.0
mean,2040,52,65,ES1 4,0.0
mean,2040,52,66,ES1 4,0.0
mean,2040,52,67,ES1 4,0.0
mean,2040,52,68,ES1 4,0.0
mean,2040,52,69,ES1 4,0.0
mean,2040,52,70,ES1 4,0.0
mean,2040,52,71,ES1 4,0.0
mean,2040,52,72,ES1 4,0.0
mean,2040,52,73,ES1 4,0.0
mean,2040,52,74,ES1 4,0.0
mean,2040,52,75,ES1 4,0.0
mean,2040,52,76,ES1 4,0.0
mean,2040,52,77,ES1 4,0.0
mean,2040,52,78,ES1 4,0.0
mean,2040,52,79,ES1 4,0.0
mean,2040,52,80,ES1 4,0.0
mean,2040,52,81,ES1 4,0.0
mean,2040,52,82,ES1 4,0.0
mean,2040,52,83,ES1 4,0.0
mean,2040,52,84,ES1 4,0.0
mean,2040,52,85,ES1 4,0.0
mean,2040,52,86,ES1 4,0.0
mean,2040,52,87,ES1 4,0.0
mean,2040,52,88,ES1 4,0.0
mean,2040,52,89,ES1 4,0.0
mean,2040,52,90,ES1 4,0.0
mean,2040,52,91,ES1 4,0.0
mean,2040,52,92,ES1 4,0.0
mean,2040,52,93,ES1 4,0.0
mean,2040,52,94,ES1 4,0.0
mean,2040,52,95,ES1 4,0.0
mean,2040,52,96,ES1 4,0.0
mean,2040,52,97,ES1 4,0.0
mean,2040,52,98,ES1 4,0.0
mean,2040,52,99,ES1 4,0.0
mean,2040,52,100,ES1 4,0.0
mean,2040,52,101,ES1 4,0.0
mean,2040,52,102,ES1 4,0.0
mean,2040,52,103,ES1 4,0.0
mean,2040,52,104,ES1 4,0.0
mean,2040,52,105,ES1 4,0.0
mean,2040,52,106,ES1 4,0.0
mean,2040,52,107,ES1 4,0.0
mean,2040,52,108,ES1 4,0.0
mean,2040,52,109,ES1 4,0.0
mean,2040,52,110,ES1 4,0.0
mean,2040,52,111,ES1 4,0.0
mean,2040,52,112,ES1 4,0.0
mean,2040,52,113,ES1 4,0.0
mean,2040,52,114,ES1 4,0.0
mean,2040,52,115,ES1 4,0.0
mean,2040,52,116,ES1 4,0.0
mean,2040,52,117,ES1 4,0.0
mean,2040,52,118,ES1 4,0.0
mean,2040,52,119,ES1 4,0.0
mean,2040,52,120,ES1 4,0.0
mean,2040,52,121,ES1 4,0.0
mean,2040,52,122,ES1 4,0.0
mean,2040,52,123,ES1 4,0.0
mean,2040,52,124,ES1 4,0.0
mean,2040,52,125,ES1 4,0.0
mean,2040,52,126,ES1 4,0.0
mean,2040,52,127,ES1 4,0.0
mean,2040,52,128,ES1 4,0.0
mean,2040,52,129,ES1 4,0.0
mean,2040,52,130,ES1 4,0.0
mean,2040,52,131,ES1 4,0.0
mean,2040,52,132,ES1 4,0.0
mean,2040,52,133,ES1 4,0.0
mean,2040,52,134,ES1 4,0.0
mean,2040,52,135,ES1 4,0.0
mean,2040,52,136,ES1 4,0.0
mean,2040,52,137,ES1 4,0.0
mean,2040,52,138,ES1 4,0.0
mean,2040,52,139,ES1 4,0.0
mean,2040,52,140,ES1 4,0.0
mean,2040,52,141,ES1 4,0.0
mean,2040,52,142,ES1 4,0.0
mean,2040,52,143,ES1 4,0.0
mean,2040,52,144,ES1 4,0.0
mean,2040,52,145,ES1 4,0.0
mean,2040,52,146,ES1 4,0.0
mean,2040,52,147,ES1 4,0.0
mean,2040,52,148,ES1 4,0.0
mean,2040,52,149,ES1 4,0.0
mean,2040,52,150,ES1 4,0.0
mean,2040,52,151,ES1 4,0.0
mean,2040,52,152,ES1 4,0.0
mean,2040,52,153,ES1 4,0.0
mean,2040,52,154,ES1 4,0.0
mean,2040,52,155,ES1 4,0.0
mean,2040,52,156,ES1 4,0.0
mean,2040,52,157,ES1 4,0.0
mean,2040,52,158,ES1 4,0.0
mean,2040,52,159,ES1 4,0.0
mean,2040,52,160,ES1 4,0.0
mean,2040,52,161,ES1 4,0.0
mean,2040,52,162,ES1 4,0.0
mean,2040,52,163,ES1 4,0.0
mean,2040,52,164,ES1 4,0.0
mean,2040,52,165,ES1 4,0.0
mean,2040,52,166,ES1 4,0.0
mean,2040,52,167,ES1 4,0.0
mean,2050,11,0,ES1 4,0.0
mean,2050,11,1,ES1 4,0.0
mean,2050,11,2,ES1 4,0.0
mean,2050,11,3,ES1 4,0.0
mean,2050,11,4,ES1 4,0.0
mean,2050,11,5,ES1 4,0.0
mean,2050,11,6,ES1 4,0.0
mean,2050,11,7,ES1 4,0.0
mean,2050,11,8,ES1 4,0.0
mean,2050,11,9,ES1 4,0.0
mean,2050,11,10,ES1 4,0.0
mean,2050,11,11,ES1 4,0.0
mean,2050,11,12,ES1 4,0.0
mean,2050,11,13,ES1 4,0.0
mean,2050,11,14,ES1 4,0.0
mean,2050,11,15,ES1 4,0.0
mean,2050,11,16,ES1 4,0.0
mean,2050,11,17,ES1 4,0.0
mean,2050,11,18,ES1 4,0.0
mean,2050,11,19,ES1 4,0.0
mean,2050,11,20,ES1 4,0.0
mean,2050,11,21,ES1 4,0.0
mean,2050,11,22,ES1 4,0.0
mean,2050,11,23,ES1 4,0.0
mean,2050,11,24,ES1 4,0.0
mean,2050,11,25,ES1 4,0.0
mean,2050,11,26,ES1 4,0.0
mean,2050,11,27,ES1 4,0.0
mean,2050,11,28,ES1 4,0.0
mean,2050,11,29,ES1 4,0.0
mean,2050,11,30,ES1 4,0.0
mean,2050,11,31,ES1 4,0.0
mean,2050,11,32,ES1 4,0.0
mean,2050,11,33,ES1 4,0.0
mean,2050,11,34,ES1 4,0.0
mean,2050,11,35,ES1 4,0.0
mean,2050,11,36,ES1 4,0.0
mean,2050,11,37,ES1 4,0.0
mean,2050,11,38,ES1 4,0.0
mean,2050,11,39,ES1 4,0.0
mean,2050,11,40,ES1 4,0.0
mean,2050,11,41,ES1 4,0.0
mean,2050,11,42,ES1 4,0.0
mean,2050,11,43,ES1 4,0.0
mean,2050,11,44,ES1 4,0.0
mean,2050,11,45,ES1 4,0.0
mean,2050,11,46,ES1 4,0.0
mean,2050,11,47,ES1 4,0.0
mean,2050,11,48,ES1 4,0.0
mean,2050,11,49,ES1 4,0.0
mean,2050,11,50,ES1 4,0.0
mean,2050,11,51,ES1 4,0.0
mean,2050,11,52,ES1 4,0.0
mean,2050,11,53,ES1 4,0.0
mean,2050,11,54,ES1 4,0.0
mean,2050,11,55,ES1 4,0.0
mean,2050,11,56,ES1 4,0.0
mean,2050,11,57,ES1 4,0.0
mean,2050,11,58,ES1 4,0.0
mean,2050,11,59,ES1 4,0.0
mean,2050,11,60,ES1 4,0.0
mean,2050,11,61,ES1 4,0.0
mean,2050,11,62,ES1 4,0.0
mean,2050,11,63,ES1 4,0.0
mean,2050,11,64,ES1 4,0.0
mean,2050,11,65,ES1 4,0.0
mean,2050,11,66,ES1 4,0.0
mean,2050,11,67,ES1 4,0.0
mean,2050,11,68,ES1 4,0.0
mean,2050,11,69,ES1 4,0.0
mean,2050,11,70,ES1 4,0.0
mean,2050,11,71,ES1 4,0.0
mean,2050,11,72,ES1 4,0.0
mean,2050,11,73,ES1 4,0.0
mean,2050,11,74,ES1 4,0.0
mean,2050,11,75,ES1 4,0.0
mean,2050,11,76,ES1 4,0.0
mean,2050,11,77,ES1 4,0.0
mean,2050,11,78,ES1 4,0.0
mean,2050,11,79,ES1 4,0.0
mean,2050,11,80,ES1 4,0.0
mean,2050,11,81,ES1 4,0.0
mean,2050,11,82,ES1 4,0.0
mean,2050,11,83,ES1 4,0.0
mean,2050,11,84,ES1 4,0.0
mean,2050,11,85,ES1 4,0.0
mean,2050,11,86,ES1 4,0.0
mean,2050,11,87,ES1 4,0.0
mean,2050,11,88,ES1 4,0.0
mean,2050,11,89,ES1 4,0.0
mean,2050,11,90,ES1 4,0.0
mean,2050,11,91,ES1 4,0.0
mean,2050,11,92,ES1 4,0.0
mean,2050,11,93,ES1 4,0.0
mean,2050,11,94,ES1 4,0.0
mean,2050,11,95,ES1 4,0.0
mean,2050,11,96,ES1 4,0.0
mean,2050,11,97,ES1 4,0.0
mean,2050,11,98,ES1 4,0.0
mean,2050,11,99,ES1 4,0.0
mean,2050,11,100,ES1 4,0.0
mean,2050,11,101,ES1 4,0.0
mean,2050,11,102,ES1 4,0.0
mean,2050,11,103,ES1 4,0.0
mean,2050,11,104,ES1 4,0.0
mean,2050,11,105,ES1 4,0.0
mean,2050,11,106,ES1 4,0.0
mean,2050,11,107,ES1 4,0.0
mean,2050,11,108,ES1 4,0.0
mean,2050,11,109,ES1 4,0.0
mean,2050,11,110,ES1 4,0.0
mean,2050,11,111,ES1 4,0.0
mean,2050,11,112,ES1 4,0.0
mean,2050,11,113,ES1 4,0.0
mean,2050,11,114,ES1 4,0.0
mean,2050,11,115,ES1 4,0.0
mean,2050,11,116,ES1 4,0.0
mean,2050,11,117,ES1 4,0.0
mean,2050,11,118,ES1 4,0.0
mean,2050,11,119,ES1 4,0.0
mean,2050,11,120,ES1 4,0.0
mean,2050,11,121,ES1 4,0.0
mean,2050,11,122,ES1 4,0.0
mean,2050,11,123,ES1 4,0.0
mean,2050,11,124,ES1 4,0.0
mean,2050,11,125,ES1 4,0.0
mean,2050,11,126,ES1 4,0.0
mean,2050,11,127,ES1 4,0.0
mean,2050,11,128,ES1 4,0.0
mean,2050,11,129,ES1 4,0.0
mean,2050,11,130,ES1 4,0.0
mean,2050,11,131,ES1 4,0.0
mean,2050,11,132,ES1 4,0.0
mean,2050,11,133,ES1 4,0.0
mean,2050,11,134,ES1 4,0.0
mean,2050,11,135,ES1 4,0.0
mean,2050,11,136,ES1 4,0.0
mean,2050,11,137,ES1 4,0.0
mean,2050,11,138,ES1 4,0.0
mean,2050,11,139,ES1 4,0.0
mean,2050,11,140,ES1 4,0.0
mean,2050,11,141,ES1 4,0.0
mean,2050,11,142,ES1 4,0.0
mean,2050,11,143,ES1 4,0.0
mean,2050,11,144,ES1 4,0.0
mean,2050,11,145,ES1 4,0.0
mean,2050,11,146,ES1 4,0.0
mean,2050,11,147,ES1 4,0.0
mean,2050,11,148,ES1 4,0.0
mean,2050,11,149,ES1 4,0.0
mean,2050,11,150,ES1 4,0.0
mean,2050,11,151,ES1 4,0.0
mean,2050,11,152,ES1 4,0.0
mean,2050,11,153,ES1 4,0.0
mean,2050,11,154,ES1 4,0.0
mean,2050,11,155,ES1 4,0.0
mean,2050,11,156,ES1 4,0.0
mean,2050,11,157,ES1 4,0.0
mean,2050,11,158,ES1 4,0.0
mean,2050,11,159,ES1 4,0.0
mean,2050,11,160,ES1 4,0.0
mean,2050,11,161,ES1 4,0.0
mean,2050,11,162,ES1 4,0.0
mean,2050,11,163,ES1 4,0.0
mean,2050,11,164,ES1 4,0.0
mean,2050,11,165,ES1 4,0.0
mean,2050,11,166,ES1 4,0.0
mean,2050,11,167,ES1 4,0.0
mean,2050,21,0,ES1 4,0.0
mean,2050,21,1,ES1 4,0.0
mean,2050,21,2,ES1 4,0.0
mean,2050,21,3,ES1 4,0.0
mean,2050,21,4,ES1 4,0.0
mean,2050,21,5,ES1 4,0.0
mean,2050,21,6,ES1 4,0.0
mean,2050,21,7,ES1 4,0.0
mean,2050,21,8,ES1 4,0.0
mean,2050,21,9,ES1 4,0.0
mean,2050,21,10,ES1 4,0.0
mean,2050,21,11,ES1 4,0.0
mean,2050,21,12,ES1 4,0.0
mean,2050,21,13,ES1 4,0.0
mean,2050,21,14,ES1 4,0.0
mean,2050,21,15,ES1 4,0.0
mean,2050,21,16,ES1 4,0.0
mean,2050,21,17,ES1 4,0.0
mean,2050,21,18,ES1 4,0.0
mean,2050,21,19,ES1 4,0.0
mean,2050,21,20,ES1 4,0.0
mean,2050,21,21,ES1 4,0.0
mean,2050,21,22,ES1 4,0.0
mean,2050,21,23,ES1 4,0.0
mean,2050,21,24,ES1 4,0.0
mean,2050,21,25,ES1 4,0.0
mean,2050,21,26,ES1 4,0.0
mean,2050,21,27,ES1 4,0.0
mean,2050,21,28,ES1 4,0.0
mean,2050,21,29,ES1 4,0.0
mean,2050,21,30,ES1 4,0.0
mean,2050,21,31,ES1 4,0.0
mean,2050,21,32,ES1 4,0.0
mean,2050,21,33,ES1 4,0.0
mean,2050,21,34,ES1 4,0.0
mean,2050,21,35,ES1 4,0.0
mean,2050,21,36,ES1 4,0.0
mean,2050,21,37,ES1 4,0.0
mean,2050,21,38,ES1 4,0.0
mean,2050,21,39,ES1 4,0.0
mean,2050,21,40,ES1 4,0.0
mean,2050,21,41,ES1 4,0.0
mean,2050,21,42,ES1 4,0.0
mean,2050,21,43,ES1 4,0.0
mean,2050,21,44,ES1 4,0.0
mean,2050,21,45,ES1 4,0.0
mean,2050,21,46,ES1 4,0.0
mean,2050,21,47,ES1 4,0.0
mean,2050,21,48,ES1 4,0.0
mean,2050,21,49,ES1 4,0.0
mean,2050,21,50,ES1 4,0.0
mean,2050,21,51,ES1 4,0.0
mean,2050,21,52,ES1 4,0.0
mean,2050,21,53,ES1 4,0.0
mean,2050,21,54,ES1 4,0.0
mean,2050,21,55,ES1 4,0.0
mean,2050,21,56,ES1 4,0.0
mean,2050,21,57,ES1 4,0.0
mean,2050,21,58,ES1 4,0.0
mean,2050,21,59,ES1 4,0.0
mean,2050,21,60,ES1 4,0.0
mean,2050,21,61,ES1 4,0.0
mean,2050,21,62,ES1 4,0.0
mean,2050,21,63,ES1 4,0.0
mean,2050,21,64,ES1 4,0.0
mean,2050,21,65,ES1 4,0.0
mean,2050,21,66,ES1 4,0.0
mean,2050,21,67,ES1 4,0.0
mean,2050,21,68,ES1 4,0.0
mean,2050,21,69,ES1 4,0.0
mean,2050,21,70,ES1 4,0.0
mean,2050,21,71,ES1 4,0.0
mean,2050,21,72,ES1 4,0.0
mean,2050,21,73,ES1 4,0.0
mean,2050,21,74,ES1 4,0.0
mean,2050,21,75,ES1 4,0.0
mean,2050,21,76,ES1 4,0.0
mean,2050,21,77,ES1 4,0.0
mean,2050,21,78,ES1 4,0.0
mean,2050,21,79,ES1 4,0.0
mean,2050,21,80,ES1 4,0.0
mean,2050,21,81,ES1 4,0.0
mean,2050,21,82,ES1 4,0.0
mean,2050,21,83,ES1 4,0.0
mean,2050,21,84,ES1 4,0.0
mean,2050,21,85,ES1 4,0.0
mean,2050,21,86,ES1 4,0.0
mean,2050,21,87,ES1 4,0.0
mean,2050,21,88,ES1 4,0.0
mean,2050,21,89,ES1 4,0.0
mean,2050,21,90,ES1 4,0.0
mean,2050,21,91,ES1 4,0.0
mean,2050,21,92,ES1 4,0.0
mean,2050,21,93,ES1 4,0.0
mean,2050,21,94,ES1 4,0.0
mean,2050,21,95,ES1 4,0.0
mean,2050,21,96,ES1 4,0.0
mean,2050,21,97,ES1 4,0.0
mean,2050,21,98,ES1 4,0.0
mean,2050,21,99,ES1 4,0.0
mean,2050,21,100,ES1 4,0.0
mean,2050,21,101,ES1 4,0.0
mean,2050,21,102,ES1 4,0.0
mean,2050,21,103,ES1 4,0.0
mean,2050,21,104,ES1 4,0.0
mean,2050,21,105,ES1 4,0.0
mean,2050,21,106,ES1 4,0.0
mean,2050,21,107,ES1 4,0.0
mean,2050,21,108,ES1 4,0.0
mean,2050,21,109,ES1 4,0.0
mean,2050,21,110,ES1 4,0.0
mean,2050,21,111,ES1 4,0.0
mean,2050,21,112,ES1 4,0.0
mean,2050,21,113,ES1 4,0.0
mean,2050,21,114,ES1 4,0.0
mean,2050,21,115,ES1 4,0.0
mean,2050,21,116,ES1 4,0.0
mean,2050,21,117,ES1 4,0.0
mean,2050,21,118,ES1 4,0.0
mean,2050,21,119,ES1 4,0.0
mean,2050,21,120,ES1 4,0.0
mean,2050,21,121,ES1 4,0.0
mean,2050,21,122,ES1 4,0.0
mean,2050,21,123,ES1 4,0.0
mean,2050,21,124,ES1 4,0.0
mean,2050,21,125,ES1 4,0.0
mean,2050,21,126,ES1 4,0.0
mean,2050,21,127,ES1 4,0.0
mean,2050,21,128,ES1 4,0.0
mean,2050,21,129,ES1 4,0.0
mean,2050,21,130,ES1 4,0.0
mean,2050,21,131,ES1 4,0.0
mean,2050,21,132,ES1 4,0.0
mean,2050,21,133,ES1 4,0.0
mean,2050,21,134,ES1 4,0.0
mean,2050,21,135,ES1 4,0.0
mean,2050,21,136,ES1 4,0.0
mean,2050,21,137,ES1 4,0.0
mean,2050,21,138,ES1 4,0.0
mean,2050,21,139,ES1 4,0.0
mean,2050,21,140,ES1 4,0.0
mean,2050,21,141,ES1 4,0.0
mean,2050,21,142,ES1 4,0.0
mean,2050,21,143,ES1 4,0.0
mean,2050,21,144,ES1 4,0.0
mean,2050,21,145,ES1 4,0.0
mean,2050,21,146,ES1 4,0.0
mean,2050,21,147,ES1 4,0.0
mean,2050,21,148,ES1 4,0.0
mean,2050,21,149,ES1 4,0.0
mean,2050,21,150,ES1 4,0.0
mean,2050,21,151,ES1 4,0.0
mean,2050,21,152,ES1 4,0.0
mean,2050,21,153,ES1 4,0.0
mean,2050,21,154,ES1 4,0.0
mean,2050,21,155,ES1 4,0.0
mean,2050,21,156,ES1 4,0.0
mean,2050,21,157,ES1 4,0.0
mean,2050,21,158,ES1 4,0.0
mean,2050,21,159,ES1 4,0.0
mean,2050,21,160,ES1 4,0.0
mean,2050,21,161,ES1 4,0.0
mean,2050,21,162,ES1 4,0.0
mean,2050,21,163,ES1 4,0.0
mean,2050,21,164,ES1 4,0.0
mean,2050,21,165,ES1 4,0.0
mean,2050,21,166,ES1 4,0.0
mean,2050,21,167,ES1 4,0.0
mean,2050,42,0,ES1 4,0.0
mean,2050,42,1,ES1 4,0.0
mean,2050,42,2,ES1 4,0.0
mean,2050,42,3,ES1 4,0.0
mean,2050,42,4,ES1 4,0.0
mean,2050,42,5,ES1 4,0.0
mean,2050,42,6,ES1 4,0.0
mean,2050,42,7,ES1 4,0.0
mean,2050,42,8,ES1 4,0.0
mean,2050,42,9,ES1 4,0.0
mean,2050,42,10,ES1 4,0.0
mean,2050,42,11,ES1 4,0.0
mean,2050,42,12,ES1 4,0.0
mean,2050,42,13,ES1 4,0.0
mean,2050,42,14,ES1 4,0.0
mean,2050,42,15,ES1 4,0.0
mean,2050,42,16,ES1 4,0.0
mean,2050,42,17,ES1 4,0.0
mean,2050,42,18,ES1 4,0.0
mean,2050,42,19,ES1 4,0.0
mean,2050,42,20,ES1 4,0.0
mean,2050,42,21,ES1 4,0.0
mean,2050,42,22,ES1 4,0.0
mean,2050,42,23,ES1 4,0.0
mean,2050,42,24,ES1 4,0.0
mean,2050,42,25,ES1 4,0.0
mean,2050,42,26,ES1 4,0.0
mean,2050,42,27,ES1 4,0.0
mean,2050,42,28,ES1 4,0.0
mean,2050,42,29,ES1 4,0.0
mean,2050,42,30,ES1 4,0.0
mean,2050,42,31,ES1 4,0.0
mean,2050,42,32,ES1 4,0.0
mean,2050,42,33,ES1 4,0.0
mean,2050,42,34,ES1 4,0.0
mean,2050,42,35,ES1 4,0.0
mean,2050,42,36,ES1 4,0.0
mean,2050,42,37,ES1 4,0.0
mean,2050,42,38,ES1 4,0.0
mean,2050,42,39,ES1 4,0.0
mean,2050,42,40,ES1 4,0.0
mean,2050,42,41,ES1 4,0.0
mean,2050,42,42,ES1 4,0.0
mean,2050,42,43,ES1 4,0.0
mean,2050,42,44,ES1 4,0.0
mean,2050,42,45,ES1 4,0.0
mean,2050,42,46,ES1 4,0.0
mean,2050,42,47,ES1 4,0.0
mean,2050,42,48,ES1 4,0.0
mean,2050,42,49,ES1 4,0.0
mean,2050,42,50,ES1 4,0.0
mean,2050,42,51,ES1 4,0.0
mean,2050,42,52,ES1 4,0.0
mean,2050,42,53,ES1 4,0.0
mean,2050,42,54,ES1 4,0.0
mean,2050,42,55,ES1 4,0.0
mean,2050,42,56,ES1 4,0.0
mean,2050,42,57,ES1 4,0.0
mean,2050,42,58,ES1 4,0.0
mean,2050,42,59,ES1 4,0.0
mean,2050,42,60,ES1 4,0.0
mean,2050,42,61,ES1 4,0.0
mean,2050,42,62,ES1 4,0.0
mean,2050,42,63,ES1 4,0.0
mean,2050,42,64,ES1 4,0.0
mean,2050,42,65,ES1 4,0.0
mean,2050,42,66,ES1 4,0.0
mean,2050,42,67,ES1 4,0.0
mean,2050,42,68,ES1 4,0.0
mean,2050,42,69,ES1 4,0.0
mean,2050,42,70,ES1 4,0.0
mean,2050,42,71,ES1 4,0.0
mean,2050,42,72,ES1 4,0.0
mean,2050,42,73,ES1 4,0.0
mean,2050,42,74,ES1 4,0.0
mean,2050,42,75,ES1 4,0.0
mean,2050,42,76,ES1 4,0.0
mean,2050,42,77,ES1 4,0.0
mean,2050,42,78,ES1 4,0.0
mean,2050,42,79,ES1 4,0.0
mean,2050,42,80,ES1 4,0.0
mean,2050,42,81,ES1 4,0.0
mean,2050,42,82,ES1 4,0.0
mean,2050,42,83,ES1 4,0.0
mean,2050,42,84,ES1 4,0.0
mean,2050,42,85,ES1 4,0.0
mean,2050,42,86,ES1 4,0.0
mean,2050,42,87,ES1 4,0.0
mean,2050,42,88,ES1 4,0.0
mean,2050,42,89,ES1 4,0.0
mean,2050,42,90,ES1 4,0.0
mean,2050,42,91,ES1 4,0.0
mean,2050,42,92,ES1 4,0.0
mean,2050,42,93,ES1 4,0.0
mean,2050,42,94,ES1 4,0.0
mean,2050,42,95,ES1 4,0.0
mean,2050,42,96,ES1 4,0.0
mean,2050,42,97,ES1 4,0.0
mean,2050,42,98,ES1 4,0.0
mean,2050,42,99,ES1 4,0.0
mean,2050,42,100,ES1 4,0.0
mean,2050,42,101,ES1 4,0.0
mean,2050,42,102,ES1 4,0.0
mean,2050,42,103,ES1 4,0.0
mean,2050,42,104,ES1 4,0.0
mean,2050,42,105,ES1 4,0.0
mean,2050,42,106,ES1 4,0.0
mean,2050,42,107,ES1 4,0.0
mean,2050,42,108,ES1 4,0.0
mean,2050,42,109,ES1 4,0.0
mean,2050,42,110,ES1 4,0.0
mean,2050,42,111,ES1 4,0.0
mean,2050,42,112,ES1 4,0.0
mean,2050,42,113,ES1 4,0.0
mean,2050,42,114,ES1 4,0.0
mean,2050,42,115,ES1 4,0.0
mean,2050,42,116,ES1 4,0.0
mean,2050,42,117,ES1 4,0.0
mean,2050,42,118,ES1 4,0.0
mean,2050,42,119,ES1 4,0.0
mean,2050,42,120,ES1 4,0.0
mean,2050,42,121,ES1 4,0.0
mean,2050,42,122,ES1 4,0.0
mean,2050,42,123,ES1 4,0.0
mean,2050,42,124,ES1 4,0.0
mean,2050,42,125,ES1 4,0.0
mean,2050,42,126,ES1 4,0.0
mean,2050,42,127,ES1 4,0.0
mean,2050,42,128,ES1 4,0.0
mean,2050,42,129,ES1 4,0.0
mean,2050,42,130,ES1 4,0.0
mean,2050,42,131,ES1 4,0.0
mean,2050,42,132,ES1 4,0.0
mean,2050,42,133,ES1 4,0.0
mean,2050,42,134,ES1 4,0.0
mean,2050,42,135,ES1 4,0.0
mean,2050,42,136,ES1 4,0.0
mean,2050,42,137,ES1 4,0.0
mean,2050,42,138,ES1 4,0.0
mean,2050,42,139,ES1 4,0.0
mean,2050,42,140,ES1 4,0.0
mean,2050,42,141,ES1 4,0.0
mean,2050,42,142,ES1 4,0.0
mean,2050,42,143,ES1 4,0.0
mean,2050,42,144,ES1 4,0.0
mean,2050,42,145,ES1 4,0.0
mean,2050,42,146,ES1 4,0.0
mean,2050,42,147,ES1 4,0.0
mean,2050,42,148,ES1 4,0.0
mean,2050,42,149,ES1 4,0.0
mean,2050,42,150,ES1 4,0.0
mean,2050,42,151,ES1 4,0.0
mean,2050,42,152,ES1 4,0.0
mean,2050,42,153,ES1 4,0.0
mean,2050,42,154,ES1 4,0.0
mean,2050,42,155,ES1 4,0.0
mean,2050,42,156,ES1 4,0.0
mean,2050,42,157,ES1 4,0.0
mean,2050,42,158,ES1 4,0.0
mean,2050,42,159,ES1 4,0.0
mean,2050,42,160,ES1 4,0.0
mean,2050,42,161,ES1 4,0.0
mean,2050,42,162,ES1 4,0.0
mean,2050,42,163,ES1 4,0.0
mean,2050,42,164,ES1 4,0.0
mean,2050,42,165,ES1 4,0.0
mean,2050,42,166,ES1 4,0.0
mean,2050,42,167,ES1 4,0.0
mean,2050,52,0,ES1 4,0.0
mean,2050,52,1,ES1 4,0.0
mean,2050,52,2,ES1 4,0.0
mean,2050,52,3,ES1 4,0.0
mean,2050,52,4,ES1 4,0.0
mean,2050,52,5,ES1 4,0.0
mean,2050,52,6,ES1 4,0.0
mean,2050,52,7,ES1 4,0.0
mean,2050,52,8,ES1 4,0.0
mean,2050,52,9,ES1 4,0.0
mean,2050,52,10,ES1 4,0.0
mean,2050,52,11,ES1 4,0.0
mean,2050,52,12,ES1 4,0.0
mean,2050,52,13,ES1 4,0.0
mean,2050,52,14,ES1 4,0.0
mean,2050,52,15,ES1 4,0.0
mean,2050,52,16,ES1 4,0.0
mean,2050,52,17,ES1 4,0.0
mean,2050,52,18,ES1 4,0.0
mean,2050,52,19,ES1 4,0.0
mean,2050,52,20,ES1 4,0.0
mean,2050,52,21,ES1 4,0.0
mean,2050,52,22,ES1 4,0.0
mean,2050,52,23,ES1 4,0.0
mean,2050,52,24,ES1 4,0.0
mean,2050,52,25,ES1 4,0.0
mean,2050,52,26,ES1 4,0.0
mean,2050,52,27,ES1 4,0.0
mean,2050,52,28,ES1 4,0.0
mean,2050,52,29,ES1 4,0.0
mean,2050,52,30,ES1 4,0.0
mean,2050,52,31,ES1 4,0.0
mean,2050,52,32,ES1 4,0.0
mean,2050,52,33,ES1 4,0.0
mean,2050,52,34,ES1 4,0.0
mean,2050,52,35,ES1 4,0.0
mean,2050,52,36,ES1 4,0.0
mean,2050,52,37,ES1 4,0.0
mean,2050,52,38,ES1 4,0.0
mean,2050,52,39,ES1 4,0.0
mean,2050,52,40,ES1 4,0.0
mean,2050,52,41,ES1 4,0.0
mean,2050,52,42,ES1 4,0.0
mean,2050,52,43,ES1 4,0.0
mean,2050,52,44,ES1 4,0.0
mean,2050,52,45,ES1 4,0.0
mean,2050,52,46,ES1 4,0.0
mean,2050,52,47,ES1 4,0.0
mean,2050,52,48,ES1 4,0.0
mean,2050,52,49,ES1 4,0.0
mean,2050,52,50,ES1 4,0.0
mean,2050,52,51,ES1 4,0.0
mean,2050,52,52,ES1 4,0.0
mean,2050,52,53,ES1 4,0.0
mean,2050,52,54,ES1 4,0.0
mean,2050,52,55,ES1 4,0.0
mean,2050,52,56,ES1 4,0.0
mean,2050,52,57,ES1 4,0.0
mean,2050,52,58,ES1 4,0.0
mean,2050,52,59,ES1 4,0.0
mean,2050,52,60,ES1 4,0.0
mean,2050,52,61,ES1 4,0.0
mean,2050,52,62,ES1 4,0.0
mean,2050,52,63,ES1 4,0.0
mean,2050,52,64,ES1 4,0.0
mean,2050,52,65,ES1 4,0.0
mean,2050,52,66,ES1 4,0.0
mean,2050,52,67,ES1 4,0.0
mean,2050,52,68,ES1 4,0.0
mean,2050,52,69,ES1 4,0.0
mean,2050,52,70,ES1 4,0.0
mean,2050,52,71,ES1 4,0.0
mean,2050,52,72,ES1 4,0.0
mean,2050,52,73,ES1 4,0.0
mean,2050,52,74,ES1 4,0.0
mean,2050,52,75,ES1 4,0.0
mean,2050,52,76,ES1 4,0.0
mean,2050,52,77,ES1 4,0.0
mean,2050,52,78,ES1 4,0.0
mean,2050,52,79,ES1 4,0.0
mean,2050,52,80,ES1 4,0.0
mean,2050,52,81,ES1 4,0.0
mean,2050,52,82,ES1 4,0.0
mean,2050,52,83,ES1 4,0.0
mean,2050,52,84,ES1 4,0.0
mean,2050,52,85,ES1 4,0.0
mean,2050,52,86,ES1 4,0.0
mean,2050,52,87,ES1 4,0.0
mean,2050,52,88,ES1 4,0.0
mean,2050,52,89,ES1 4,0.0
mean,2050,52,90,ES1 4,0.0
mean,2050,52,91,ES1 4,0.0
mean,2050,52,92,ES1 4,0.0
mean,2050,52,93,ES1 4,0.0
mean,2050,52,94,ES1 4,0.0
mean,2050,52,95,ES1 4,0.0
mean,2050,52,96,ES1 4,0.0
mean,2050,52,97,ES1 4,0.0
mean,2050,52,98,ES1 4,0.0
mean,2050,52,99,ES1 4,0.0
mean,2050,52,100,ES1 4,0.0
mean,2050,52,101,ES1 4,0.0
mean,2050,52,102,ES1 4,0.0
mean,2050,52,103,ES1 4,0.0
mean,2050,52,104,ES1 4,0.0
mean,2050,52,105,ES1 4,0.0
mean,2050,52,106,ES1 4,0.0
mean,2050,52,107,ES1 4,0.0
mean,2050,52,108,ES1 4,0.0
mean,2050,52,109,ES1 4,0.0
mean,2050,52,110,ES1 4,0.0
mean,2050,52,111,ES1 4,0.0
mean,2050,52,112,ES1 4,0.0
mean,2050,52,113,ES1 4,0.0
mean,2050,52,114,ES1 4,0.0
mean,2050,52,115,ES1 4,0.0
mean,2050,52,116,ES1 4,0.0
mean,2050,52,117,ES1 4,0.0
mean,2050,52,118,ES1 4,0.0
mean,2050,52,119,ES1 4,0.0
mean,2050,52,120,ES1 4,0.0
mean,2050,52,121,ES1 4,0.0
mean,2050,52,122,ES1 4,0.0
mean,2050,52,123,ES1 4,0.0
mean,2050,52,124,ES1 4,0.0
mean,2050,52,125,ES1 4,0.0
mean,2050,52,126,ES1 4,0.0
mean,2050,52,127,ES1 4,0.0
mean,2050,52,128,ES1 4,0.0
mean,2050,52,129,ES1 4,0.0
mean,2050,52,130,ES1 4,0.0
mean,2050,52,131,ES1 4,0.0
mean,2050,52,132,ES1 4,0.0
mean,2050,52,133,ES1 4,0.0
mean,2050,52,134,ES1 4,0.0
mean,2050,52,135,ES1 4,0.0
mean,2050,52,136,ES1 4,0.0
mean,2050,52,137,ES1 4,0.0
mean,2050,52,138,ES1 4,0.0
mean,2050,52,139,ES1 4,0.0
mean,2050,52,140,ES1 4,0.0
mean,2050,52,141,ES1 4,0.0
mean,2050,52,142,ES1 4,0.0
mean,2050,52,143,ES1 4,0.0
mean,2050,52,144,ES1 4,0.0
mean,2050,52,145,ES1 4,0.0
mean,2050,52,146,ES1 4,0.0
mean,2050,52,147,ES1 4,0.0
mean,2050,52,148,ES1 4,0.0
mean,2050,52,149,ES1 4,0.0
mean,2050,52,150,ES1 4,0.0
mean,2050,52,151,ES1 4,0.0
mean,2050,52,152,ES1 4,0.0
mean,2050,52,153,ES1 4,0.0
mean,2050,52,154,ES1 4,0.0
mean,2050,52,155,ES1 4,0.0
mean,2050,52,156,ES1 4,0.0
mean,2050,52,157,ES1 4,0.0
mean,2050,52,158,ES1 4,0.0
mean,2050,52,159,ES1 4,0.0
mean,2050,52,160,ES1 4,0.0
mean,2050,52,161,ES1 4,0.0
mean,2050,52,162,ES1 4,0.0
mean,2050,52,163,ES1 4,0.0
mean,2050,52,164,ES1 4,0.0
mean,2050,52,165,ES1 4,0.0
mean,2050,52,166,ES1 4,0.0
mean,2050,52,167,ES1 4,0.0
mean,2025,11,0,ES1 5,0.0
mean,2025,11,1,ES1 5,0.0
mean,2025,11,2,ES1 5,0.0
mean,2025,11,3,ES1 5,0.0
mean,2025,11,4,ES1 5,0.0
mean,2025,11,5,ES1 5,0.0
mean,2025,11,6,ES1 5,0.0
mean,2025,11,7,ES1 5,0.0
mean,2025,11,8,ES1 5,0.0
mean,2025,11,9,ES1 5,0.0
mean,2025,11,10,ES1 5,0.0
mean,2025,11,11,ES1 5,0.0
mean,2025,11,12,ES1 5,0.0
mean,2025,11,13,ES1 5,0.0
mean,2025,11,14,ES1 5,0.0
mean,2025,11,15,ES1 5,0.0
mean,2025,11,16,ES1 5,0.0
mean,2025,11,17,ES1 5,0.0
mean,2025,11,18,ES1 5,0.0
mean,2025,11,19,ES1 5,0.0
mean,2025,11,20,ES1 5,0.0
mean,2025,11,21,ES1 5,0.0
mean,2025,11,22,ES1 5,0.0
mean,2025,11,23,ES1 5,0.0
mean,2025,11,24,ES1 5,0.0
mean,2025,11,25,ES1 5,0.0
mean,2025,11,26,ES1 5,0.0
mean,2025,11,27,ES1 5,0.0
mean,2025,11,28,ES1 5,0.0
mean,2025,11,29,ES1 5,0.0
mean,2025,11,30,ES1 5,0.0
mean,2025,11,31,ES1 5,0.0
mean,2025,11,32,ES1 5,0.0
mean,2025,11,33,ES1 5,0.0
mean,2025,11,34,ES1 5,0.0
mean,2025,11,35,ES1 5,0.0
mean,2025,11,36,ES1 5,0.0
mean,2025,11,37,ES1 5,0.0
mean,2025,11,38,ES1 5,0.0
mean,2025,11,39,ES1 5,0.0
mean,2025,11,40,ES1 5,0.0
mean,2025,11,41,ES1 5,0.0
mean,2025,11,42,ES1 5,0.0
mean,2025,11,43,ES1 5,0.0
mean,2025,11,44,ES1 5,0.0
mean,2025,11,45,ES1 5,0.0
mean,2025,11,46,ES1 5,0.0
mean,2025,11,47,ES1 5,0.0
mean,2025,11,48,ES1 5,0.0
mean,2025,11,49,ES1 5,0.0
mean,2025,11,50,ES1 5,0.0
mean,2025,11,51,ES1 5,0.0
mean,2025,11,52,ES1 5,0.0
mean,2025,11,53,ES1 5,0.0
mean,2025,11,54,ES1 5,0.0
mean,2025,11,55,ES1 5,0.0
mean,2025,11,56,ES1 5,0.0
mean,2025,11,57,ES1 5,0.0
mean,2025,11,58,ES1 5,0.0
mean,2025,11,59,ES1 5,0.0
mean,2025,11,60,ES1 5,0.0
mean,2025,11,61,ES1 5,0.0
mean,2025,11,62,ES1 5,0.0
mean,2025,11,63,ES1 5,0.0
mean,2025,11,64,ES1 5,0.0
mean,2025,11,65,ES1 5,0.0
mean,2025,11,66,ES1 5,0.0
mean,2025,11,67,ES1 5,0.0
mean,2025,11,68,ES1 5,0.0
mean,2025,11,69,ES1 5,0.0
mean,2025,11,70,ES1 5,0.0
mean,2025,11,71,ES1 5,0.0
mean,2025,11,72,ES1 5,0.0
mean,2025,11,73,ES1 5,0.0
mean,2025,11,74,ES1 5,0.0
mean,2025,11,75,ES1 5,0.0
mean,2025,11,76,ES1 5,0.0
mean,2025,11,77,ES1 5,0.0
mean,2025,11,78,ES1 5,0.0
mean,2025,11,79,ES1 5,0.0
mean,2025,11,80,ES1 5,0.0
mean,2025,11,81,ES1 5,0.0
mean,2025,11,82,ES1 5,0.0
mean,2025,11,83,ES1 5,0.0
mean,2025,11,84,ES1 5,0.0
mean,2025,11,85,ES1 5,0.0
mean,2025,11,86,ES1 5,0.0
mean,2025,11,87,ES1 5,0.0
mean,2025,11,88,ES1 5,0.0
mean,2025,11,89,ES1 5,0.0
mean,2025,11,90,ES1 5,0.0
mean,2025,11,91,ES1 5,0.0
mean,2025,11,92,ES1 5,0.0
mean,2025,11,93,ES1 5,0.0
mean,2025,11,94,ES1 5,0.0
mean,2025,11,95,ES1 5,0.0
mean,2025,11,96,ES1 5,0.0
mean,2025,11,97,ES1 5,0.0
mean,2025,11,98,ES1 5,0.0
mean,2025,11,99,ES1 5,0.0
mean,2025,11,100,ES1 5,0.0
mean,2025,11,101,ES1 5,0.0
mean,2025,11,102,ES1 5,0.0
mean,2025,11,103,ES1 5,0.0
mean,2025,11,104,ES1 5,0.0
mean,2025,11,105,ES1 5,0.0
mean,2025,11,106,ES1 5,0.0
mean,2025,11,107,ES1 5,0.0
mean,2025,11,108,ES1 5,0.0
mean,2025,11,109,ES1 5,0.0
mean,2025,11,110,ES1 5,0.0
mean,2025,11,111,ES1 5,0.0
mean,2025,11,112,ES1 5,0.0
mean,2025,11,113,ES1 5,0.0
mean,2025,11,114,ES1 5,0.0
mean,2025,11,115,ES1 5,0.0
mean,2025,11,116,ES1 5,0.0
mean,2025,11,117,ES1 5,0.0
mean,2025,11,118,ES1 5,0.0
mean,2025,11,119,ES1 5,0.0
mean,2025,11,120,ES1 5,0.0
mean,2025,11,121,ES1 5,0.0
mean,2025,11,122,ES1 5,0.0
mean,2025,11,123,ES1 5,0.0
mean,2025,11,124,ES1 5,0.0
mean,2025,11,125,ES1 5,0.0
mean,2025,11,126,ES1 5,0.0
mean,2025,11,127,ES1 5,0.0
mean,2025,11,128,ES1 5,0.0
mean,2025,11,129,ES1 5,0.0
mean,2025,11,130,ES1 5,0.0
mean,2025,11,131,ES1 5,0.0
mean,2025,11,132,ES1 5,0.0
mean,2025,11,133,ES1 5,0.0
mean,2025,11,134,ES1 5,0.0
mean,2025,11,135,ES1 5,0.0
mean,2025,11,136,ES1 5,0.0
mean,2025,11,137,ES1 5,0.0
mean,2025,11,138,ES1 5,0.0
mean,2025,11,139,ES1 5,0.0
mean,2025,11,140,ES1 5,0.0
mean,2025,11,141,ES1 5,0.0
mean,2025,11,142,ES1 5,0.0
mean,2025,11,143,ES1 5,0.0
mean,2025,11,144,ES1 5,0.0
mean,2025,11,145,ES1 5,0.0
mean,2025,11,146,ES1 5,0.0
mean,2025,11,147,ES1 5,0.0
mean,2025,11,148,ES1 5,0.0
mean,2025,11,149,ES1 5,0.0
mean,2025,11,150,ES1 5,0.0
mean,2025,11,151,ES1 5,0.0
mean,2025,11,152,ES1 5,0.0
mean,2025,11,153,ES1 5,0.0
mean,2025,11,154,ES1 5,0.0
mean,2025,11,155,ES1 5,0.0
mean,2025,11,156,ES1 5,0.0
mean,2025,11,157,ES1 5,0.0
mean,2025,11,158,ES1 5,0.0
mean,2025,11,159,ES1 5,0.0
mean,2025,11,160,ES1 5,0.0
mean,2025,11,161,ES1 5,0.0
mean,2025,11,162,ES1 5,0.0
mean,2025,11,163,ES1 5,0.0
mean,2025,11,164,ES1 5,0.0
mean,2025,11,165,ES1 5,0.0
mean,2025,11,166,ES1 5,0.0
mean,2025,11,167,ES1 5,0.0
mean,2025,21,0,ES1 5,0.0
mean,2025,21,1,ES1 5,0.0
mean,2025,21,2,ES1 5,0.0
mean,2025,21,3,ES1 5,0.0
mean,2025,21,4,ES1 5,0.0
mean,2025,21,5,ES1 5,0.0
mean,2025,21,6,ES1 5,0.0
mean,2025,21,7,ES1 5,0.0
mean,2025,21,8,ES1 5,0.0
mean,2025,21,9,ES1 5,0.0
mean,2025,21,10,ES1 5,0.0
mean,2025,21,11,ES1 5,0.0
mean,2025,21,12,ES1 5,0.0
mean,2025,21,13,ES1 5,0.0
mean,2025,21,14,ES1 5,0.0
mean,2025,21,15,ES1 5,0.0
mean,2025,21,16,ES1 5,0.0
mean,2025,21,17,ES1 5,0.0
mean,2025,21,18,ES1 5,0.0
mean,2025,21,19,ES1 5,0.0
mean,2025,21,20,ES1 5,0.0
mean,2025,21,21,ES1 5,0.0
mean,2025,21,22,ES1 5,0.0
mean,2025,21,23,ES1 5,0.0
mean,2025,21,24,ES1 5,0.0
mean,2025,21,25,ES1 5,0.0
mean,2025,21,26,ES1 5,0.0
mean,2025,21,27,ES1 5,0.0
mean,2025,21,28,ES1 5,0.0
mean,2025,21,29,ES1 5,0.0
mean,2025,21,30,ES1 5,0.0
mean,2025,21,31,ES1 5,0.0
mean,2025,21,32,ES1 5,0.0
mean,2025,21,33,ES1 5,0.0
mean,2025,21,34,ES1 5,0.0
mean,2025,21,35,ES1 5,0.0
mean,2025,21,36,ES1 5,0.0
mean,2025,21,37,ES1 5,0.0
mean,2025,21,38,ES1 5,0.0
mean,2025,21,39,ES1 5,0.0
mean,2025,21,40,ES1 5,0.0
mean,2025,21,41,ES1 5,0.0
mean,2025,21,42,ES1 5,0.0
mean,2025,21,43,ES1 5,0.0
mean,2025,21,44,ES1 5,0.0
mean,2025,21,45,ES1 5,0.0
mean,2025,21,46,ES1 5,0.0
mean,2025,21,47,ES1 5,0.0
mean,2025,21,48,ES1 5,0.0
mean,2025,21,49,ES1 5,0.0
mean,2025,21,50,ES1 5,0.0
mean,2025,21,51,ES1 5,0.0
mean,2025,21,52,ES1 5,0.0
mean,2025,21,53,ES1 5,0.0
mean,2025,21,54,ES1 5,0.0
mean,2025,21,55,ES1 5,0.0
mean,2025,21,56,ES1 5,0.0
mean,2025,21,57,ES1 5,0.0
mean,2025,21,58,ES1 5,0.0
mean,2025,21,59,ES1 5,0.0
mean,2025,21,60,ES1 5,0.0
mean,2025,21,61,ES1 5,0.0
mean,2025,21,62,ES1 5,0.0
mean,2025,21,63,ES1 5,0.0
mean,2025,21,64,ES1 5,0.0
mean,2025,21,65,ES1 5,0.0
mean,2025,21,66,ES1 5,0.0
mean,2025,21,67,ES1 5,0.0
mean,2025,21,68,ES1 5,0.0
mean,2025,21,69,ES1 5,0.0
mean,2025,21,70,ES1 5,0.0
mean,2025,21,71,ES1 5,0.0
mean,2025,21,72,ES1 5,0.0
mean,2025,21,73,ES1 5,0.0
mean,2025,21,74,ES1 5,0.0
mean,2025,21,75,ES1 5,0.0
mean,2025,21,76,ES1 5,0.0
mean,2025,21,77,ES1 5,0.0
mean,2025,21,78,ES1 5,0.0
mean,2025,21,79,ES1 5,0.0
mean,2025,21,80,ES1 5,0.0
mean,2025,21,81,ES1 5,0.0
mean,2025,21,82,ES1 5,0.0
mean,2025,21,83,ES1 5,0.0
mean,2025,21,84,ES1 5,0.0
mean,2025,21,85,ES1 5,0.0
mean,2025,21,86,ES1 5,0.0
mean,2025,21,87,ES1 5,0.0
mean,2025,21,88,ES1 5,0.0
mean,2025,21,89,ES1 5,0.0
mean,2025,21,90,ES1 5,0.0
mean,2025,21,91,ES1 5,0.0
mean,2025,21,92,ES1 5,0.0
mean,2025,21,93,ES1 5,0.0
mean,2025,21,94,ES1 5,0.0
mean,2025,21,95,ES1 5,0.0
mean,2025,21,96,ES1 5,0.0
mean,2025,21,97,ES1 5,0.0
mean,2025,21,98,ES1 5,0.0
mean,2025,21,99,ES1 5,0.0
mean,2025,21,100,ES1 5,0.0
mean,2025,21,101,ES1 5,0.0
mean,2025,21,102,ES1 5,0.0
mean,2025,21,103,ES1 5,0.0
mean,2025,21,104,ES1 5,0.0
mean,2025,21,105,ES1 5,0.0
mean,2025,21,106,ES1 5,0.0
mean,2025,21,107,ES1 5,0.0
mean,2025,21,108,ES1 5,0.0
mean,2025,21,109,ES1 5,0.0
mean,2025,21,110,ES1 5,0.0
mean,2025,21,111,ES1 5,0.0
mean,2025,21,112,ES1 5,0.0
mean,2025,21,113,ES1 5,0.0
mean,2025,21,114,ES1 5,0.0
mean,2025,21,115,ES1 5,0.0
mean,2025,21,116,ES1 5,0.0
mean,2025,21,117,ES1 5,0.0
mean,2025,21,118,ES1 5,0.0
mean,2025,21,119,ES1 5,0.0
mean,2025,21,120,ES1 5,0.0
mean,2025,21,121,ES1 5,0.0
mean,2025,21,122,ES1 5,0.0
mean,2025,21,123,ES1 5,0.0
mean,2025,21,124,ES1 5,0.0
mean,2025,21,125,ES1 5,0.0
mean,2025,21,126,ES1 5,0.0
mean,2025,21,127,ES1 5,0.0
mean,2025,21,128,ES1 5,0.0
mean,2025,21,129,ES1 5,0.0
mean,2025,21,130,ES1 5,0.0
mean,2025,21,131,ES1 5,0.0
mean,2025,21,132,ES1 5,0.0
mean,2025,21,133,ES1 5,0.0
mean,2025,21,134,ES1 5,0.0
mean,2025,21,135,ES1 5,0.0
mean,2025,21,136,ES1 5,0.0
mean,2025,21,137,ES1 5,0.0
mean,2025,21,138,ES1 5,0.0
mean,2025,21,139,ES1 5,0.0
mean,2025,21,140,ES1 5,0.0
mean,2025,21,141,ES1 5,0.0
mean,2025,21,142,ES1 5,0.0
mean,2025,21,143,ES1 5,0.0
mean,2025,21,144,ES1 5,0.0
mean,2025,21,145,ES1 5,0.0
mean,2025,21,146,ES1 5,0.0
mean,2025,21,147,ES1 5,0.0
mean,2025,21,148,ES1 5,0.0
mean,2025,21,149,ES1 5,0.0
mean,2025,21,150,ES1 5,0.0
mean,2025,21,151,ES1 5,0.0
mean,2025,21,152,ES1 5,0.0
mean,2025,21,153,ES1 5,0.0
mean,2025,21,154,ES1 5,0.0
mean,2025,21,155,ES1 5,0.0
mean,2025,21,156,ES1 5,0.0
mean,2025,21,157,ES1 5,0.0
mean,2025,21,158,ES1 5,0.0
mean,2025,21,159,ES1 5,0.0
mean,2025,21,160,ES1 5,0.0
mean,2025,21,161,ES1 5,0.0
mean,2025,21,162,ES1 5,0.0
mean,2025,21,163,ES1 5,0.0
mean,2025,21,164,ES1 5,0.0
mean,2025,21,165,ES1 5,0.0
mean,2025,21,166,ES1 5,0.0
mean,2025,21,167,ES1 5,0.0
mean,2025,42,0,ES1 5,0.0
mean,2025,42,1,ES1 5,0.0
mean,2025,42,2,ES1 5,0.0
mean,2025,42,3,ES1 5,0.0
mean,2025,42,4,ES1 5,0.0
mean,2025,42,5,ES1 5,0.0
mean,2025,42,6,ES1 5,0.0
mean,2025,42,7,ES1 5,0.0
mean,2025,42,8,ES1 5,0.0
mean,2025,42,9,ES1 5,0.0
mean,2025,42,10,ES1 5,0.0
mean,2025,42,11,ES1 5,0.0
mean,2025,42,12,ES1 5,0.0
mean,2025,42,13,ES1 5,0.0
mean,2025,42,14,ES1 5,0.0
mean,2025,42,15,ES1 5,0.0
mean,2025,42,16,ES1 5,0.0
mean,2025,42,17,ES1 5,0.0
mean,2025,42,18,ES1 5,0.0
mean,2025,42,19,ES1 5,0.0
mean,2025,42,20,ES1 5,0.0
mean,2025,42,21,ES1 5,0.0
mean,2025,42,22,ES1 5,0.0
mean,2025,42,23,ES1 5,0.0
mean,2025,42,24,ES1 5,0.0
mean,2025,42,25,ES1 5,0.0
mean,2025,42,26,ES1 5,0.0
mean,2025,42,27,ES1 5,0.0
mean,2025,42,28,ES1 5,0.0
mean,2025,42,29,ES1 5,0.0
mean,2025,42,30,ES1 5,0.0
mean,2025,42,31,ES1 5,0.0
mean,2025,42,32,ES1 5,0.0
mean,2025,42,33,ES1 5,0.0
mean,2025,42,34,ES1 5,0.0
mean,2025,42,35,ES1 5,0.0
mean,2025,42,36,ES1 5,0.0
mean,2025,42,37,ES1 5,0.0
mean,2025,42,38,ES1 5,0.0
mean,2025,42,39,ES1 5,0.0
mean,2025,42,40,ES1 5,0.0
mean,2025,42,41,ES1 5,0.0
mean,2025,42,42,ES1 5,0.0
mean,2025,42,43,ES1 5,0.0
mean,2025,42,44,ES1 5,0.0
mean,2025,42,45,ES1 5,0.0
mean,2025,42,46,ES1 5,0.0
mean,2025,42,47,ES1 5,0.0
mean,2025,42,48,ES1 5,0.0
mean,2025,42,49,ES1 5,0.0
mean,2025,42,50,ES1 5,0.0
mean,2025,42,51,ES1 5,0.0
mean,2025,42,52,ES1 5,0.0
mean,2025,42,53,ES1 5,0.0
mean,2025,42,54,ES1 5,0.0
mean,2025,42,55,ES1 5,0.0
mean,2025,42,56,ES1 5,0.0
mean,2025,42,57,ES1 5,0.0
mean,2025,42,58,ES1 5,0.0
mean,2025,42,59,ES1 5,0.0
mean,2025,42,60,ES1 5,0.0
mean,2025,42,61,ES1 5,0.0
mean,2025,42,62,ES1 5,0.0
mean,2025,42,63,ES1 5,0.0
mean,2025,42,64,ES1 5,0.0
mean,2025,42,65,ES1 5,0.0
mean,2025,42,66,ES1 5,0.0
mean,2025,42,67,ES1 5,0.0
mean,2025,42,68,ES1 5,0.0
mean,2025,42,69,ES1 5,0.0
mean,2025,42,70,ES1 5,0.0
mean,2025,42,71,ES1 5,0.0
mean,2025,42,72,ES1 5,0.0
mean,2025,42,73,ES1 5,0.0
mean,2025,42,74,ES1 5,0.0
mean,2025,42,75,ES1 5,0.0
mean,2025,42,76,ES1 5,0.0
mean,2025,42,77,ES1 5,0.0
mean,2025,42,78,ES1 5,0.0
mean,2025,42,79,ES1 5,0.0
mean,2025,42,80,ES1 5,0.0
mean,2025,42,81,ES1 5,0.0
mean,2025,42,82,ES1 5,0.0
mean,2025,42,83,ES1 5,0.0
mean,2025,42,84,ES1 5,0.0
mean,2025,42,85,ES1 5,0.0
mean,2025,42,86,ES1 5,0.0
mean,2025,42,87,ES1 5,0.0
mean,2025,42,88,ES1 5,0.0
mean,2025,42,89,ES1 5,0.0
mean,2025,42,90,ES1 5,0.0
mean,2025,42,91,ES1 5,0.0
mean,2025,42,92,ES1 5,0.0
mean,2025,42,93,ES1 5,0.0
mean,2025,42,94,ES1 5,0.0
mean,2025,42,95,ES1 5,0.0
mean,2025,42,96,ES1 5,0.0
mean,2025,42,97,ES1 5,0.0
mean,2025,42,98,ES1 5,0.0
mean,2025,42,99,ES1 5,0.0
mean,2025,42,100,ES1 5,0.0
mean,2025,42,101,ES1 5,0.0
mean,2025,42,102,ES1 5,0.0
mean,2025,42,103,ES1 5,0.0
mean,2025,42,104,ES1 5,0.0
mean,2025,42,105,ES1 5,0.0
mean,2025,42,106,ES1 5,0.0
mean,2025,42,107,ES1 5,0.0
mean,2025,42,108,ES1 5,0.0
mean,2025,42,109,ES1 5,0.0
mean,2025,42,110,ES1 5,0.0
mean,2025,42,111,ES1 5,0.0
mean,2025,42,112,ES1 5,0.0
mean,2025,42,113,ES1 5,0.0
mean,2025,42,114,ES1 5,0.0
mean,2025,42,115,ES1 5,0.0
mean,2025,42,116,ES1 5,0.0
mean,2025,42,117,ES1 5,0.0
mean,2025,42,118,ES1 5,0.0
mean,2025,42,119,ES1 5,0.0
mean,2025,42,120,ES1 5,0.0
mean,2025,42,121,ES1 5,0.0
mean,2025,42,122,ES1 5,0.0
mean,2025,42,123,ES1 5,0.0
mean,2025,42,124,ES1 5,0.0
mean,2025,42,125,ES1 5,0.0
mean,2025,42,126,ES1 5,0.0
mean,2025,42,127,ES1 5,0.0
mean,2025,42,128,ES1 5,0.0
mean,2025,42,129,ES1 5,0.0
mean,2025,42,130,ES1 5,0.0
mean,2025,42,131,ES1 5,0.0
mean,2025,42,132,ES1 5,0.0
mean,2025,42,133,ES1 5,0.0
mean,2025,42,134,ES1 5,0.0
mean,2025,42,135,ES1 5,0.0
mean,2025,42,136,ES1 5,0.0
mean,2025,42,137,ES1 5,0.0
mean,2025,42,138,ES1 5,0.0
mean,2025,42,139,ES1 5,0.0
mean,2025,42,140,ES1 5,0.0
mean,2025,42,141,ES1 5,0.0
mean,2025,42,142,ES1 5,0.0
mean,2025,42,143,ES1 5,0.0
mean,2025,42,144,ES1 5,0.0
mean,2025,42,145,ES1 5,0.0
mean,2025,42,146,ES1 5,0.0
mean,2025,42,147,ES1 5,0.0
mean,2025,42,148,ES1 5,0.0
mean,2025,42,149,ES1 5,0.0
mean,2025,42,150,ES1 5,0.0
mean,2025,42,151,ES1 5,0.0
mean,2025,42,152,ES1 5,0.0
mean,2025,42,153,ES1 5,0.0
mean,2025,42,154,ES1 5,0.0
mean,2025,42,155,ES1 5,0.0
mean,2025,42,156,ES1 5,0.0
mean,2025,42,157,ES1 5,0.0
mean,2025,42,158,ES1 5,0.0
mean,2025,42,159,ES1 5,0.0
mean,2025,42,160,ES1 5,0.0
mean,2025,42,161,ES1 5,0.0
mean,2025,42,162,ES1 5,0.0
mean,2025,42,163,ES1 5,0.0
mean,2025,42,164,ES1 5,0.0
mean,2025,42,165,ES1 5,0.0
mean,2025,42,166,ES1 5,0.0
mean,2025,42,167,ES1 5,0.0
mean,2025,52,0,ES1 5,0.0
mean,2025,52,1,ES1 5,0.0
mean,2025,52,2,ES1 5,0.0
mean,2025,52,3,ES1 5,0.0
mean,2025,52,4,ES1 5,0.0
mean,2025,52,5,ES1 5,0.0
mean,2025,52,6,ES1 5,0.0
mean,2025,52,7,ES1 5,0.0
mean,2025,52,8,ES1 5,0.0
mean,2025,52,9,ES1 5,0.0
mean,2025,52,10,ES1 5,0.0
mean,2025,52,11,ES1 5,0.0
mean,2025,52,12,ES1 5,0.0
mean,2025,52,13,ES1 5,0.0
mean,2025,52,14,ES1 5,0.0
mean,2025,52,15,ES1 5,0.0
mean,2025,52,16,ES1 5,0.0
mean,2025,52,17,ES1 5,0.0
mean,2025,52,18,ES1 5,0.0
mean,2025,52,19,ES1 5,0.0
mean,2025,52,20,ES1 5,0.0
mean,2025,52,21,ES1 5,0.0
mean,2025,52,22,ES1 5,0.0
mean,2025,52,23,ES1 5,0.0
mean,2025,52,24,ES1 5,0.0
mean,2025,52,25,ES1 5,0.0
mean,2025,52,26,ES1 5,0.0
mean,2025,52,27,ES1 5,0.0
mean,2025,52,28,ES1 5,0.0
mean,2025,52,29,ES1 5,0.0
mean,2025,52,30,ES1 5,0.0
mean,2025,52,31,ES1 5,0.0
mean,2025,52,32,ES1 5,0.0
mean,2025,52,33,ES1 5,0.0
mean,2025,52,34,ES1 5,0.0
mean,2025,52,35,ES1 5,0.0
mean,2025,52,36,ES1 5,0.0
mean,2025,52,37,ES1 5,0.0
mean,2025,52,38,ES1 5,0.0
mean,2025,52,39,ES1 5,0.0
mean,2025,52,40,ES1 5,0.0
mean,2025,52,41,ES1 5,0.0
mean,2025,52,42,ES1 5,0.0
mean,2025,52,43,ES1 5,0.0
mean,2025,52,44,ES1 5,0.0
mean,2025,52,45,ES1 5,0.0
mean,2025,52,46,ES1 5,0.0
mean,2025,52,47,ES1 5,0.0
mean,2025,52,48,ES1 5,0.0
mean,2025,52,49,ES1 5,0.0
mean,2025,52,50,ES1 5,0.0
mean,2025,52,51,ES1 5,0.0
mean,2025,52,52,ES1 5,0.0
mean,2025,52,53,ES1 5,0.0
mean,2025,52,54,ES1 5,0.0
mean,2025,52,55,ES1 5,0.0
mean,2025,52,56,ES1 5,0.0
mean,2025,52,57,ES1 5,0.0
mean,2025,52,58,ES1 5,0.0
mean,2025,52,59,ES1 5,0.0
mean,2025,52,60,ES1 5,0.0
mean,2025,52,61,ES1 5,0.0
mean,2025,52,62,ES1 5,0.0
mean,2025,52,63,ES1 5,0.0
mean,2025,52,64,ES1 5,0.0
mean,2025,52,65,ES1 5,0.0
mean,2025,52,66,ES1 5,0.0
mean,2025,52,67,ES1 5,0.0
mean,2025,52,68,ES1 5,0.0
mean,2025,52,69,ES1 5,0.0
mean,2025,52,70,ES1 5,0.0
mean,2025,52,71,ES1 5,0.0
mean,2025,52,72,ES1 5,0.0
mean,2025,52,73,ES1 5,0.0
mean,2025,52,74,ES1 5,0.0
mean,2025,52,75,ES1 5,0.0
mean,2025,52,76,ES1 5,0.0
mean,2025,52,77,ES1 5,0.0
mean,2025,52,78,ES1 5,0.0
mean,2025,52,79,ES1 5,0.0
mean,2025,52,80,ES1 5,0.0
mean,2025,52,81,ES1 5,0.0
mean,2025,52,82,ES1 5,0.0
mean,2025,52,83,ES1 5,0.0
mean,2025,52,84,ES1 5,0.0
mean,2025,52,85,ES1 5,0.0
mean,2025,52,86,ES1 5,0.0
mean,2025,52,87,ES1 5,0.0
mean,2025,52,88,ES1 5,0.0
mean,2025,52,89,ES1 5,0.0
mean,2025,52,90,ES1 5,0.0
mean,2025,52,91,ES1 5,0.0
mean,2025,52,92,ES1 5,0.0
mean,2025,52,93,ES1 5,0.0
mean,2025,52,94,ES1 5,0.0
mean,2025,52,95,ES1 5,0.0
mean,2025,52,96,ES1 5,0.0
mean,2025,52,97,ES1 5,0.0
mean,2025,52,98,ES1 5,0.0
mean,2025,52,99,ES1 5,0.0
mean,2025,52,100,ES1 5,0.0
mean,2025,52,101,ES1 5,0.0
mean,2025,52,102,ES1 5,0.0
mean,2025,52,103,ES1 5,0.0
mean,2025,52,104,ES1 5,0.0
mean,2025,52,105,ES1 5,0.0
mean,2025,52,106,ES1 5,0.0
mean,2025,52,107,ES1 5,0.0
mean,2025,52,108,ES1 5,0.0
mean,2025,52,109,ES1 5,0.0
mean,2025,52,110,ES1 5,0.0
mean,2025,52,111,ES1 5,0.0
mean,2025,52,112,ES1 5,0.0
mean,2025,52,113,ES1 5,0.0
mean,2025,52,114,ES1 5,0.0
mean,2025,52,115,ES1 5,0.0
mean,2025,52,116,ES1 5,0.0
mean,2025,52,117,ES1 5,0.0
mean,2025,52,118,ES1 5,0.0
mean,2025,52,119,ES1 5,0.0
mean,2025,52,120,ES1 5,0.0
mean,2025,52,121,ES1 5,0.0
mean,2025,52,122,ES1 5,0.0
mean,2025,52,123,ES1 5,0.0
mean,2025,52,124,ES1 5,0.0
mean,2025,52,125,ES1 5,0.0
mean,2025,52,126,ES1 5,0.0
mean,2025,52,127,ES1 5,0.0
mean,2025,52,128,ES1 5,0.0
mean,2025,52,129,ES1 5,0.0
mean,2025,52,130,ES1 5,0.0
mean,2025,52,131,ES1 5,0.0
mean,2025,52,132,ES1 5,0.0
mean,2025,52,133,ES1 5,0.0
mean,2025,52,134,ES1 5,0.0
mean,2025,52,135,ES1 5,0.0
mean,2025,52,136,ES1 5,0.0
mean,2025,52,137,ES1 5,0.0
mean,2025,52,138,ES1 5,0.0
mean,2025,52,139,ES1 5,0.0
mean,2025,52,140,ES1 5,0.0
mean,2025,52,141,ES1 5,0.0
mean,2025,52,142,ES1 5,0.0
mean,2025,52,143,ES1 5,0.0
mean,2025,52,144,ES1 5,0.0
mean,2025,52,145,ES1 5,0.0
mean,2025,52,146,ES1 5,0.0
mean,2025,52,147,ES1 5,0.0
mean,2025,52,148,ES1 5,0.0
mean,2025,52,149,ES1 5,0.0
mean,2025,52,150,ES1 5,0.0
mean,2025,52,151,ES1 5,0.0
mean,2025,52,152,ES1 5,0.0
mean,2025,52,153,ES1 5,0.0
mean,2025,52,154,ES1 5,0.0
mean,2025,52,155,ES1 5,0.0
mean,2025,52,156,ES1 5,0.0
mean,2025,52,157,ES1 5,0.0
mean,2025,52,158,ES1 5,0.0
mean,2025,52,159,ES1 5,0.0
mean,2025,52,160,ES1 5,0.0
mean,2025,52,161,ES1 5,0.0
mean,2025,52,162,ES1 5,0.0
mean,2025,52,163,ES1 5,0.0
mean,2025,52,164,ES1 5,0.0
mean,2025,52,165,ES1 5,0.0
mean,2025,52,166,ES1 5,0.0
mean,2025,52,167,ES1 5,0.0
mean,2030,11,0,ES1 5,0.0
mean,2030,11,1,ES1 5,0.0
mean,2030,11,2,ES1 5,0.0
mean,2030,11,3,ES1 5,0.0
mean,2030,11,4,ES1 5,0.0
mean,2030,11,5,ES1 5,0.0
mean,2030,11,6,ES1 5,0.0
mean,2030,11,7,ES1 5,0.0
mean,2030,11,8,ES1 5,0.0
mean,2030,11,9,ES1 5,0.0
mean,2030,11,10,ES1 5,0.0
mean,2030,11,11,ES1 5,0.0
mean,2030,11,12,ES1 5,0.0
mean,2030,11,13,ES1 5,0.0
mean,2030,11,14,ES1 5,0.0
mean,2030,11,15,ES1 5,0.0
mean,2030,11,16,ES1 5,0.0
mean,2030,11,17,ES1 5,0.0
mean,2030,11,18,ES1 5,0.0
mean,2030,11,19,ES1 5,0.0
mean,2030,11,20,ES1 5,0.0
mean,2030,11,21,ES1 5,0.0
mean,2030,11,22,ES1 5,0.0
mean,2030,11,23,ES1 5,0.0
mean,2030,11,24,ES1 5,0.0
mean,2030,11,25,ES1 5,0.0
mean,2030,11,26,ES1 5,0.0
mean,2030,11,27,ES1 5,0.0
mean,2030,11,28,ES1 5,0.0
mean,2030,11,29,ES1 5,0.0
mean,2030,11,30,ES1 5,0.0
mean,2030,11,31,ES1 5,0.0
mean,2030,11,32,ES1 5,0.0
mean,2030,11,33,ES1 5,0.0
mean,2030,11,34,ES1 5,0.0
mean,2030,11,35,ES1 5,0.0
mean,2030,11,36,ES1 5,0.0
mean,2030,11,37,ES1 5,0.0
mean,2030,11,38,ES1 5,0.0
mean,2030,11,39,ES1 5,0.0
mean,2030,11,40,ES1 5,0.0
mean,2030,11,41,ES1 5,0.0
mean,2030,11,42,ES1 5,0.0
mean,2030,11,43,ES1 5,0.0
mean,2030,11,44,ES1 5,0.0
mean,2030,11,45,ES1 5,0.0
mean,2030,11,46,ES1 5,0.0
mean,2030,11,47,ES1 5,0.0
mean,2030,11,48,ES1 5,0.0
mean,2030,11,49,ES1 5,0.0
mean,2030,11,50,ES1 5,0.0
mean,2030,11,51,ES1 5,0.0
mean,2030,11,52,ES1 5,0.0
mean,2030,11,53,ES1 5,0.0
mean,2030,11,54,ES1 5,0.0
mean,2030,11,55,ES1 5,0.0
mean,2030,11,56,ES1 5,0.0
mean,2030,11,57,ES1 5,0.0
mean,2030,11,58,ES1 5,0.0
mean,2030,11,59,ES1 5,0.0
mean,2030,11,60,ES1 5,0.0
mean,2030,11,61,ES1 5,0.0
mean,2030,11,62,ES1 5,0.0
mean,2030,11,63,ES1 5,0.0
mean,2030,11,64,ES1 5,0.0
mean,2030,11,65,ES1 5,0.0
mean,2030,11,66,ES1 5,0.0
mean,2030,11,67,ES1 5,0.0
mean,2030,11,68,ES1 5,0.0
mean,2030,11,69,ES1 5,0.0
mean,2030,11,70,ES1 5,0.0
mean,2030,11,71,ES1 5,0.0
mean,2030,11,72,ES1 5,0.0
mean,2030,11,73,ES1 5,0.0
mean,2030,11,74,ES1 5,0.0
mean,2030,11,75,ES1 5,0.0
mean,2030,11,76,ES1 5,0.0
mean,2030,11,77,ES1 5,0.0
mean,2030,11,78,ES1 5,0.0
mean,2030,11,79,ES1 5,0.0
mean,2030,11,80,ES1 5,0.0
mean,2030,11,81,ES1 5,0.0
mean,2030,11,82,ES1 5,0.0
mean,2030,11,83,ES1 5,0.0
mean,2030,11,84,ES1 5,0.0
mean,2030,11,85,ES1 5,0.0
mean,2030,11,86,ES1 5,0.0
mean,2030,11,87,ES1 5,0.0
mean,2030,11,88,ES1 5,0.0
mean,2030,11,89,ES1 5,0.0
mean,2030,11,90,ES1 5,0.0
mean,2030,11,91,ES1 5,0.0
mean,2030,11,92,ES1 5,0.0
mean,2030,11,93,ES1 5,0.0
mean,2030,11,94,ES1 5,0.0
mean,2030,11,95,ES1 5,0.0
mean,2030,11,96,ES1 5,0.0
mean,2030,11,97,ES1 5,0.0
mean,2030,11,98,ES1 5,0.0
mean,2030,11,99,ES1 5,0.0
mean,2030,11,100,ES1 5,0.0
mean,2030,11,101,ES1 5,0.0
mean,2030,11,102,ES1 5,0.0
mean,2030,11,103,ES1 5,0.0
mean,2030,11,104,ES1 5,0.0
mean,2030,11,105,ES1 5,0.0
mean,2030,11,106,ES1 5,0.0
mean,2030,11,107,ES1 5,0.0
mean,2030,11,108,ES1 5,0.0
mean,2030,11,109,ES1 5,0.0
mean,2030,11,110,ES1 5,0.0
mean,2030,11,111,ES1 5,0.0
mean,2030,11,112,ES1 5,0.0
mean,2030,11,113,ES1 5,0.0
mean,2030,11,114,ES1 5,0.0
mean,2030,11,115,ES1 5,0.0
mean,2030,11,116,ES1 5,0.0
mean,2030,11,117,ES1 5,0.0
mean,2030,11,118,ES1 5,0.0
mean,2030,11,119,ES1 5,0.0
mean,2030,11,120,ES1 5,0.0
mean,2030,11,121,ES1 5,0.0
mean,2030,11,122,ES1 5,0.0
mean,2030,11,123,ES1 5,0.0
mean,2030,11,124,ES1 5,0.0
mean,2030,11,125,ES1 5,0.0
mean,2030,11,126,ES1 5,0.0
mean,2030,11,127,ES1 5,0.0
mean,2030,11,128,ES1 5,0.0
mean,2030,11,129,ES1 5,0.0
mean,2030,11,130,ES1 5,0.0
mean,2030,11,131,ES1 5,0.0
mean,2030,11,132,ES1 5,0.0
mean,2030,11,133,ES1 5,0.0
mean,2030,11,134,ES1 5,0.0
mean,2030,11,135,ES1 5,0.0
mean,2030,11,136,ES1 5,0.0
mean,2030,11,137,ES1 5,0.0
mean,2030,11,138,ES1 5,0.0
mean,2030,11,139,ES1 5,0.0
mean,2030,11,140,ES1 5,0.0
mean,2030,11,141,ES1 5,0.0
mean,2030,11,142,ES1 5,0.0
mean,2030,11,143,ES1 5,0.0
mean,2030,11,144,ES1 5,0.0
mean,2030,11,145,ES1 5,0.0
mean,2030,11,146,ES1 5,0.0
mean,2030,11,147,ES1 5,0.0
mean,2030,11,148,ES1 5,0.0
mean,2030,11,149,ES1 5,0.0
mean,2030,11,150,ES1 5,0.0
mean,2030,11,151,ES1 5,0.0
mean,2030,11,152,ES1 5,0.0
mean,2030,11,153,ES1 5,0.0
mean,2030,11,154,ES1 5,0.0
mean,2030,11,155,ES1 5,0.0
mean,2030,11,156,ES1 5,0.0
mean,2030,11,157,ES1 5,0.0
mean,2030,11,158,ES1 5,0.0
mean,2030,11,159,ES1 5,0.0
mean,2030,11,160,ES1 5,0.0
mean,2030,11,161,ES1 5,0.0
mean,2030,11,162,ES1 5,0.0
mean,2030,11,163,ES1 5,0.0
mean,2030,11,164,ES1 5,0.0
mean,2030,11,165,ES1 5,0.0
mean,2030,11,166,ES1 5,0.0
mean,2030,11,167,ES1 5,0.0
mean,2030,21,0,ES1 5,0.0
mean,2030,21,1,ES1 5,0.0
mean,2030,21,2,ES1 5,0.0
mean,2030,21,3,ES1 5,0.0
mean,2030,21,4,ES1 5,0.0
mean,2030,21,5,ES1 5,0.0
mean,2030,21,6,ES1 5,0.0
mean,2030,21,7,ES1 5,0.0
mean,2030,21,8,ES1 5,0.0
mean,2030,21,9,ES1 5,0.0
mean,2030,21,10,ES1 5,0.0
mean,2030,21,11,ES1 5,0.0
mean,2030,21,12,ES1 5,0.0
mean,2030,21,13,ES1 5,0.0
mean,2030,21,14,ES1 5,0.0
mean,2030,21,15,ES1 5,0.0
mean,2030,21,16,ES1 5,0.0
mean,2030,21,17,ES1 5,0.0
mean,2030,21,18,ES1 5,0.0
mean,2030,21,19,ES1 5,0.0
mean,2030,21,20,ES1 5,0.0
mean,2030,21,21,ES1 5,0.0
mean,2030,21,22,ES1 5,0.0
mean,2030,21,23,ES1 5,0.0
mean,2030,21,24,ES1 5,0.0
mean,2030,21,25,ES1 5,0.0
mean,2030,21,26,ES1 5,0.0
mean,2030,21,27,ES1 5,0.0
mean,2030,21,28,ES1 5,0.0
mean,2030,21,29,ES1 5,0.0
mean,2030,21,30,ES1 5,0.0
mean,2030,21,31,ES1 5,0.0
mean,2030,21,32,ES1 5,0.0
mean,2030,21,33,ES1 5,0.0
mean,2030,21,34,ES1 5,0.0
mean,2030,21,35,ES1 5,0.0
mean,2030,21,36,ES1 5,0.0
mean,2030,21,37,ES1 5,0.0
mean,2030,21,38,ES1 5,0.0
mean,2030,21,39,ES1 5,0.0
mean,2030,21,40,ES1 5,0.0
mean,2030,21,41,ES1 5,0.0
mean,2030,21,42,ES1 5,0.0
mean,2030,21,43,ES1 5,0.0
mean,2030,21,44,ES1 5,0.0
mean,2030,21,45,ES1 5,0.0
mean,2030,21,46,ES1 5,0.0
mean,2030,21,47,ES1 5,0.0
mean,2030,21,48,ES1 5,0.0
mean,2030,21,49,ES1 5,0.0
mean,2030,21,50,ES1 5,0.0
mean,2030,21,51,ES1 5,0.0
mean,2030,21,52,ES1 5,0.0
mean,2030,21,53,ES1 5,0.0
mean,2030,21,54,ES1 5,0.0
mean,2030,21,55,ES1 5,0.0
mean,2030,21,56,ES1 5,0.0
mean,2030,21,57,ES1 5,0.0
mean,2030,21,58,ES1 5,0.0
mean,2030,21,59,ES1 5,0.0
mean,2030,21,60,ES1 5,0.0
mean,2030,21,61,ES1 5,0.0
mean,2030,21,62,ES1 5,0.0
mean,2030,21,63,ES1 5,0.0
mean,2030,21,64,ES1 5,0.0
mean,2030,21,65,ES1 5,0.0
mean,2030,21,66,ES1 5,0.0
mean,2030,21,67,ES1 5,0.0
mean,2030,21,68,ES1 5,0.0
mean,2030,21,69,ES1 5,0.0
mean,2030,21,70,ES1 5,0.0
mean,2030,21,71,ES1 5,0.0
mean,2030,21,72,ES1 5,0.0
mean,2030,21,73,ES1 5,0.0
mean,2030,21,74,ES1 5,0.0
mean,2030,21,75,ES1 5,0.0
mean,2030,21,76,ES1 5,0.0
mean,2030,21,77,ES1 5,0.0
mean,2030,21,78,ES1 5,0.0
mean,2030,21,79,ES1 5,0.0
mean,2030,21,80,ES1 5,0.0
mean,2030,21,81,ES1 5,0.0
mean,2030,21,82,ES1 5,0.0
mean,2030,21,83,ES1 5,0.0
mean,2030,21,84,ES1 5,0.0
mean,2030,21,85,ES1 5,0.0
mean,2030,21,86,ES1 5,0.0
mean,2030,21,87,ES1 5,0.0
mean,2030,21,88,ES1 5,0.0
mean,2030,21,89,ES1 5,0.0
mean,2030,21,90,ES1 5,0.0
mean,2030,21,91,ES1 5,0.0
mean,2030,21,92,ES1 5,0.0
mean,2030,21,93,ES1 5,0.0
mean,2030,21,94,ES1 5,0.0
mean,2030,21,95,ES1 5,0.0
mean,2030,21,96,ES1 5,0.0
mean,2030,21,97,ES1 5,0.0
mean,2030,21,98,ES1 5,0.0
mean,2030,21,99,ES1 5,0.0
mean,2030,21,100,ES1 5,0.0
mean,2030,21,101,ES1 5,0.0
mean,2030,21,102,ES1 5,0.0
mean,2030,21,103,ES1 5,0.0
mean,2030,21,104,ES1 5,0.0
mean,2030,21,105,ES1 5,0.0
mean,2030,21,106,ES1 5,0.0
mean,2030,21,107,ES1 5,0.0
mean,2030,21,108,ES1 5,0.0
mean,2030,21,109,ES1 5,0.0
mean,2030,21,110,ES1 5,0.0
mean,2030,21,111,ES1 5,0.0
mean,2030,21,112,ES1 5,0.0
mean,2030,21,113,ES1 5,0.0
mean,2030,21,114,ES1 5,0.0
mean,2030,21,115,ES1 5,0.0
mean,2030,21,116,ES1 5,0.0
mean,2030,21,117,ES1 5,0.0
mean,2030,21,118,ES1 5,0.0
mean,2030,21,119,ES1 5,0.0
mean,2030,21,120,ES1 5,0.0
mean,2030,21,121,ES1 5,0.0
mean,2030,21,122,ES1 5,0.0
mean,2030,21,123,ES1 5,0.0
mean,2030,21,124,ES1 5,0.0
mean,2030,21,125,ES1 5,0.0
mean,2030,21,126,ES1 5,0.0
mean,2030,21,127,ES1 5,0.0
mean,2030,21,128,ES1 5,0.0
mean,2030,21,129,ES1 5,0.0
mean,2030,21,130,ES1 5,0.0
mean,2030,21,131,ES1 5,0.0
mean,2030,21,132,ES1 5,0.0
mean,2030,21,133,ES1 5,0.0
mean,2030,21,134,ES1 5,0.0
mean,2030,21,135,ES1 5,0.0
mean,2030,21,136,ES1 5,0.0
mean,2030,21,137,ES1 5,0.0
mean,2030,21,138,ES1 5,0.0
mean,2030,21,139,ES1 5,0.0
mean,2030,21,140,ES1 5,0.0
mean,2030,21,141,ES1 5,0.0
mean,2030,21,142,ES1 5,0.0
mean,2030,21,143,ES1 5,0.0
mean,2030,21,144,ES1 5,0.0
mean,2030,21,145,ES1 5,0.0
mean,2030,21,146,ES1 5,0.0
mean,2030,21,147,ES1 5,0.0
mean,2030,21,148,ES1 5,0.0
mean,2030,21,149,ES1 5,0.0
mean,2030,21,150,ES1 5,0.0
mean,2030,21,151,ES1 5,0.0
mean,2030,21,152,ES1 5,0.0
mean,2030,21,153,ES1 5,0.0
mean,2030,21,154,ES1 5,0.0
mean,2030,21,155,ES1 5,0.0
mean,2030,21,156,ES1 5,0.0
mean,2030,21,157,ES1 5,0.0
mean,2030,21,158,ES1 5,0.0
mean,2030,21,159,ES1 5,0.0
mean,2030,21,160,ES1 5,0.0
mean,2030,21,161,ES1 5,0.0
mean,2030,21,162,ES1 5,0.0
mean,2030,21,163,ES1 5,0.0
mean,2030,21,164,ES1 5,0.0
mean,2030,21,165,ES1 5,0.0
mean,2030,21,166,ES1 5,0.0
mean,2030,21,167,ES1 5,0.0
mean,2030,42,0,ES1 5,0.0
mean,2030,42,1,ES1 5,0.0
mean,2030,42,2,ES1 5,0.0
mean,2030,42,3,ES1 5,0.0
mean,2030,42,4,ES1 5,0.0
mean,2030,42,5,ES1 5,0.0
mean,2030,42,6,ES1 5,0.0
mean,2030,42,7,ES1 5,0.0
mean,2030,42,8,ES1 5,0.0
mean,2030,42,9,ES1 5,0.0
mean,2030,42,10,ES1 5,0.0
mean,2030,42,11,ES1 5,0.0
mean,2030,42,12,ES1 5,0.0
mean,2030,42,13,ES1 5,0.0
mean,2030,42,14,ES1 5,0.0
mean,2030,42,15,ES1 5,0.0
mean,2030,42,16,ES1 5,0.0
mean,2030,42,17,ES1 5,0.0
mean,2030,42,18,ES1 5,0.0
mean,2030,42,19,ES1 5,0.0
mean,2030,42,20,ES1 5,0.0
mean,2030,42,21,ES1 5,0.0
mean,2030,42,22,ES1 5,0.0
mean,2030,42,23,ES1 5,0.0
mean,2030,42,24,ES1 5,0.0
mean,2030,42,25,ES1 5,0.0
mean,2030,42,26,ES1 5,0.0
mean,2030,42,27,ES1 5,0.0
mean,2030,42,28,ES1 5,0.0
mean,2030,42,29,ES1 5,0.0
mean,2030,42,30,ES1 5,0.0
mean,2030,42,31,ES1 5,0.0
mean,2030,42,32,ES1 5,0.0
mean,2030,42,33,ES1 5,0.0
mean,2030,42,34,ES1 5,0.0
mean,2030,42,35,ES1 5,0.0
mean,2030,42,36,ES1 5,0.0
mean,2030,42,37,ES1 5,0.0
mean,2030,42,38,ES1 5,0.0
mean,2030,42,39,ES1 5,0.0
mean,2030,42,40,ES1 5,0.0
mean,2030,42,41,ES1 5,0.0
mean,2030,42,42,ES1 5,0.0
mean,2030,42,43,ES1 5,0.0
mean,2030,42,44,ES1 5,0.0
mean,2030,42,45,ES1 5,0.0
mean,2030,42,46,ES1 5,0.0
mean,2030,42,47,ES1 5,0.0
mean,2030,42,48,ES1 5,0.0
mean,2030,42,49,ES1 5,0.0
mean,2030,42,50,ES1 5,0.0
mean,2030,42,51,ES1 5,0.0
mean,2030,42,52,ES1 5,0.0
mean,2030,42,53,ES1 5,0.0
mean,2030,42,54,ES1 5,0.0
mean,2030,42,55,ES1 5,0.0
mean,2030,42,56,ES1 5,0.0
mean,2030,42,57,ES1 5,0.0
mean,2030,42,58,ES1 5,0.0
mean,2030,42,59,ES1 5,0.0
mean,2030,42,60,ES1 5,0.0
mean,2030,42,61,ES1 5,0.0
mean,2030,42,62,ES1 5,0.0
mean,2030,42,63,ES1 5,0.0
mean,2030,42,64,ES1 5,0.0
mean,2030,42,65,ES1 5,0.0
mean,2030,42,66,ES1 5,0.0
mean,2030,42,67,ES1 5,0.0
mean,2030,42,68,ES1 5,0.0
mean,2030,42,69,ES1 5,0.0
mean,2030,42,70,ES1 5,0.0
mean,2030,42,71,ES1 5,0.0
mean,2030,42,72,ES1 5,0.0
mean,2030,42,73,ES1 5,0.0
mean,2030,42,74,ES1 5,0.0
mean,2030,42,75,ES1 5,0.0
mean,2030,42,76,ES1 5,0.0
mean,2030,42,77,ES1 5,0.0
mean,2030,42,78,ES1 5,0.0
mean,2030,42,79,ES1 5,0.0
mean,2030,42,80,ES1 5,0.0
mean,2030,42,81,ES1 5,0.0
mean,2030,42,82,ES1 5,0.0
mean,2030,42,83,ES1 5,0.0
mean,2030,42,84,ES1 5,0.0
mean,2030,42,85,ES1 5,0.0
mean,2030,42,86,ES1 5,0.0
mean,2030,42,87,ES1 5,0.0
mean,2030,42,88,ES1 5,0.0
mean,2030,42,89,ES1 5,0.0
mean,2030,42,90,ES1 5,0.0
mean,2030,42,91,ES1 5,0.0
mean,2030,42,92,ES1 5,0.0
mean,2030,42,93,ES1 5,0.0
mean,2030,42,94,ES1 5,0.0
mean,2030,42,95,ES1 5,0.0
mean,2030,42,96,ES1 5,0.0
mean,2030,42,97,ES1 5,0.0
mean,2030,42,98,ES1 5,0.0
mean,2030,42,99,ES1 5,0.0
mean,2030,42,100,ES1 5,0.0
mean,2030,42,101,ES1 5,0.0
mean,2030,42,102,ES1 5,0.0
mean,2030,42,103,ES1 5,0.0
mean,2030,42,104,ES1 5,0.0
mean,2030,42,105,ES1 5,0.0
mean,2030,42,106,ES1 5,0.0
mean,2030,42,107,ES1 5,0.0
mean,2030,42,108,ES1 5,0.0
mean,2030,42,109,ES1 5,0.0
mean,2030,42,110,ES1 5,0.0
mean,2030,42,111,ES1 5,0.0
mean,2030,42,112,ES1 5,0.0
mean,2030,42,113,ES1 5,0.0
mean,2030,42,114,ES1 5,0.0
mean,2030,42,115,ES1 5,0.0
mean,2030,42,116,ES1 5,0.0
mean,2030,42,117,ES1 5,0.0
mean,2030,42,118,ES1 5,0.0
mean,2030,42,119,ES1 5,0.0
mean,2030,42,120,ES1 5,0.0
mean,2030,42,121,ES1 5,0.0
mean,2030,42,122,ES1 5,0.0
mean,2030,42,123,ES1 5,0.0
mean,2030,42,124,ES1 5,0.0
mean,2030,42,125,ES1 5,0.0
mean,2030,42,126,ES1 5,0.0
mean,2030,42,127,ES1 5,0.0
mean,2030,42,128,ES1 5,0.0
mean,2030,42,129,ES1 5,0.0
mean,2030,42,130,ES1 5,0.0
mean,2030,42,131,ES1 5,0.0
mean,2030,42,132,ES1 5,0.0
mean,2030,42,133,ES1 5,0.0
mean,2030,42,134,ES1 5,0.0
mean,2030,42,135,ES1 5,0.0
mean,2030,42,136,ES1 5,0.0
mean,2030,42,137,ES1 5,0.0
mean,2030,42,138,ES1 5,0.0
mean,2030,42,139,ES1 5,0.0
mean,2030,42,140,ES1 5,0.0
mean,2030,42,141,ES1 5,0.0
mean,2030,42,142,ES1 5,0.0
mean,2030,42,143,ES1 5,0.0
mean,2030,42,144,ES1 5,0.0
mean,2030,42,145,ES1 5,0.0
mean,2030,42,146,ES1 5,0.0
mean,2030,42,147,ES1 5,0.0
mean,2030,42,148,ES1 5,0.0
mean,2030,42,149,ES1 5,0.0
mean,2030,42,150,ES1 5,0.0
mean,2030,42,151,ES1 5,0.0
mean,2030,42,152,ES1 5,0.0
mean,2030,42,153,ES1 5,0.0
mean,2030,42,154,ES1 5,0.0
mean,2030,42,155,ES1 5,0.0
mean,2030,42,156,ES1 5,0.0
mean,2030,42,157,ES1 5,0.0
mean,2030,42,158,ES1 5,0.0
mean,2030,42,159,ES1 5,0.0
mean,2030,42,160,ES1 5,0.0
mean,2030,42,161,ES1 5,0.0
mean,2030,42,162,ES1 5,0.0
mean,2030,42,163,ES1 5,0.0
mean,2030,42,164,ES1 5,0.0
mean,2030,42,165,ES1 5,0.0
mean,2030,42,166,ES1 5,0.0
mean,2030,42,167,ES1 5,0.0
mean,2030,52,0,ES1 5,0.0
mean,2030,52,1,ES1 5,0.0
mean,2030,52,2,ES1 5,0.0
mean,2030,52,3,ES1 5,0.0
mean,2030,52,4,ES1 5,0.0
mean,2030,52,5,ES1 5,0.0
mean,2030,52,6,ES1 5,0.0
mean,2030,52,7,ES1 5,0.0
mean,2030,52,8,ES1 5,0.0
mean,2030,52,9,ES1 5,0.0
mean,2030,52,10,ES1 5,0.0
mean,2030,52,11,ES1 5,0.0
mean,2030,52,12,ES1 5,0.0
mean,2030,52,13,ES1 5,0.0
mean,2030,52,14,ES1 5,0.0
mean,2030,52,15,ES1 5,0.0
mean,2030,52,16,ES1 5,0.0
mean,2030,52,17,ES1 5,0.0
mean,2030,52,18,ES1 5,0.0
mean,2030,52,19,ES1 5,0.0
mean,2030,52,20,ES1 5,0.0
mean,2030,52,21,ES1 5,0.0
mean,2030,52,22,ES1 5,0.0
mean,2030,52,23,ES1 5,0.0
mean,2030,52,24,ES1 5,0.0
mean,2030,52,25,ES1 5,0.0
mean,2030,52,26,ES1 5,0.0
mean,2030,52,27,ES1 5,0.0
mean,2030,52,28,ES1 5,0.0
mean,2030,52,29,ES1 5,0.0
mean,2030,52,30,ES1 5,0.0
mean,2030,52,31,ES1 5,0.0
mean,2030,52,32,ES1 5,0.0
mean,2030,52,33,ES1 5,0.0
mean,2030,52,34,ES1 5,0.0
mean,2030,52,35,ES1 5,0.0
mean,2030,52,36,ES1 5,0.0
mean,2030,52,37,ES1 5,0.0
mean,2030,52,38,ES1 5,0.0
mean,2030,52,39,ES1 5,0.0
mean,2030,52,40,ES1 5,0.0
mean,2030,52,41,ES1 5,0.0
mean,2030,52,42,ES1 5,0.0
mean,2030,52,43,ES1 5,0.0
mean,2030,52,44,ES1 5,0.0
mean,2030,52,45,ES1 5,0.0
mean,2030,52,46,ES1 5,0.0
mean,2030,52,47,ES1 5,0.0
mean,2030,52,48,ES1 5,0.0
mean,2030,52,49,ES1 5,0.0
mean,2030,52,50,ES1 5,0.0
mean,2030,52,51,ES1 5,0.0
mean,2030,52,52,ES1 5,0.0
mean,2030,52,53,ES1 5,0.0
mean,2030,52,54,ES1 5,0.0
mean,2030,52,55,ES1 5,0.0
mean,2030,52,56,ES1 5,0.0
mean,2030,52,57,ES1 5,0.0
mean,2030,52,58,ES1 5,0.0
mean,2030,52,59,ES1 5,0.0
mean,2030,52,60,ES1 5,0.0
mean,2030,52,61,ES1 5,0.0
mean,2030,52,62,ES1 5,0.0
mean,2030,52,63,ES1 5,0.0
mean,2030,52,64,ES1 5,0.0
mean,2030,52,65,ES1 5,0.0
mean,2030,52,66,ES1 5,0.0
mean,2030,52,67,ES1 5,0.0
mean,2030,52,68,ES1 5,0.0
mean,2030,52,69,ES1 5,0.0
mean,2030,52,70,ES1 5,0.0
mean,2030,52,71,ES1 5,0.0
mean,2030,52,72,ES1 5,0.0
mean,2030,52,73,ES1 5,0.0
mean,2030,52,74,ES1 5,0.0
mean,2030,52,75,ES1 5,0.0
mean,2030,52,76,ES1 5,0.0
mean,2030,52,77,ES1 5,0.0
mean,2030,52,78,ES1 5,0.0
mean,2030,52,79,ES1 5,0.0
mean,2030,52,80,ES1 5,0.0
mean,2030,52,81,ES1 5,0.0
mean,2030,52,82,ES1 5,0.0
mean,2030,52,83,ES1 5,0.0
mean,2030,52,84,ES1 5,0.0
mean,2030,52,85,ES1 5,0.0
mean,2030,52,86,ES1 5,0.0
mean,2030,52,87,ES1 5,0.0
mean,2030,52,88,ES1 5,0.0
mean,2030,52,89,ES1 5,0.0
mean,2030,52,90,ES1 5,0.0
mean,2030,52,91,ES1 5,0.0
mean,2030,52,92,ES1 5,0.0
mean,2030,52,93,ES1 5,0.0
mean,2030,52,94,ES1 5,0.0
mean,2030,52,95,ES1 5,0.0
mean,2030,52,96,ES1 5,0.0
mean,2030,52,97,ES1 5,0.0
mean,2030,52,98,ES1 5,0.0
mean,2030,52,99,ES1 5,0.0
mean,2030,52,100,ES1 5,0.0
mean,2030,52,101,ES1 5,0.0
mean,2030,52,102,ES1 5,0.0
mean,2030,52,103,ES1 5,0.0
mean,2030,52,104,ES1 5,0.0
mean,2030,52,105,ES1 5,0.0
mean,2030,52,106,ES1 5,0.0
mean,2030,52,107,ES1 5,0.0
mean,2030,52,108,ES1 5,0.0
mean,2030,52,109,ES1 5,0.0
mean,2030,52,110,ES1 5,0.0
mean,2030,52,111,ES1 5,0.0
mean,2030,52,112,ES1 5,0.0
mean,2030,52,113,ES1 5,0.0
mean,2030,52,114,ES1 5,0.0
mean,2030,52,115,ES1 5,0.0
mean,2030,52,116,ES1 5,0.0
mean,2030,52,117,ES1 5,0.0
mean,2030,52,118,ES1 5,0.0
mean,2030,52,119,ES1 5,0.0
mean,2030,52,120,ES1 5,0.0
mean,2030,52,121,ES1 5,0.0
mean,2030,52,122,ES1 5,0.0
mean,2030,52,123,ES1 5,0.0
mean,2030,52,124,ES1 5,0.0
mean,2030,52,125,ES1 5,0.0
mean,2030,52,126,ES1 5,0.0
mean,2030,52,127,ES1 5,0.0
mean,2030,52,128,ES1 5,0.0
mean,2030,52,129,ES1 5,0.0
mean,2030,52,130,ES1 5,0.0
mean,2030,52,131,ES1 5,0.0
mean,2030,52,132,ES1 5,0.0
mean,2030,52,133,ES1 5,0.0
mean,2030,52,134,ES1 5,0.0
mean,2030,52,135,ES1 5,0.0
mean,2030,52,136,ES1 5,0.0
mean,2030,52,137,ES1 5,0.0
mean,2030,52,138,ES1 5,0.0
mean,2030,52,139,ES1 5,0.0
mean,2030,52,140,ES1 5,0.0
mean,2030,52,141,ES1 5,0.0
mean,2030,52,142,ES1 5,0.0
mean,2030,52,143,ES1 5,0.0
mean,2030,52,144,ES1 5,0.0
mean,2030,52,145,ES1 5,0.0
mean,2030,52,146,ES1 5,0.0
mean,2030,52,147,ES1 5,0.0
mean,2030,52,148,ES1 5,0.0
mean,2030,52,149,ES1 5,0.0
mean,2030,52,150,ES1 5,0.0
mean,2030,52,151,ES1 5,0.0
mean,2030,52,152,ES1 5,0.0
mean,2030,52,153,ES1 5,0.0
mean,2030,52,154,ES1 5,0.0
mean,2030,52,155,ES1 5,0.0
mean,2030,52,156,ES1 5,0.0
mean,2030,52,157,ES1 5,0.0
mean,2030,52,158,ES1 5,0.0
mean,2030,52,159,ES1 5,0.0
mean,2030,52,160,ES1 5,0.0
mean,2030,52,161,ES1 5,0.0
mean,2030,52,162,ES1 5,0.0
mean,2030,52,163,ES1 5,0.0
mean,2030,52,164,ES1 5,0.0
mean,2030,52,165,ES1 5,0.0
mean,2030,52,166,ES1 5,0.0
mean,2030,52,167,ES1 5,0.0
mean,2040,11,0,ES1 5,0.0
mean,2040,11,1,ES1 5,0.0
mean,2040,11,2,ES1 5,0.0
mean,2040,11,3,ES1 5,0.0
mean,2040,11,4,ES1 5,0.0
mean,2040,11,5,ES1 5,0.0
mean,2040,11,6,ES1 5,0.0
mean,2040,11,7,ES1 5,0.0
mean,2040,11,8,ES1 5,0.0
mean,2040,11,9,ES1 5,0.0
mean,2040,11,10,ES1 5,0.0
mean,2040,11,11,ES1 5,0.0
mean,2040,11,12,ES1 5,0.0
mean,2040,11,13,ES1 5,0.0
mean,2040,11,14,ES1 5,0.0
mean,2040,11,15,ES1 5,0.0
mean,2040,11,16,ES1 5,0.0
mean,2040,11,17,ES1 5,0.0
mean,2040,11,18,ES1 5,0.0
mean,2040,11,19,ES1 5,0.0
mean,2040,11,20,ES1 5,0.0
mean,2040,11,21,ES1 5,0.0
mean,2040,11,22,ES1 5,0.0
mean,2040,11,23,ES1 5,0.0
mean,2040,11,24,ES1 5,0.0
mean,2040,11,25,ES1 5,0.0
mean,2040,11,26,ES1 5,0.0
mean,2040,11,27,ES1 5,0.0
mean,2040,11,28,ES1 5,0.0
mean,2040,11,29,ES1 5,0.0
mean,2040,11,30,ES1 5,0.0
mean,2040,11,31,ES1 5,0.0
mean,2040,11,32,ES1 5,0.0
mean,2040,11,33,ES1 5,0.0
mean,2040,11,34,ES1 5,0.0
mean,2040,11,35,ES1 5,0.0
mean,2040,11,36,ES1 5,0.0
mean,2040,11,37,ES1 5,0.0
mean,2040,11,38,ES1 5,0.0
mean,2040,11,39,ES1 5,0.0
mean,2040,11,40,ES1 5,0.0
mean,2040,11,41,ES1 5,0.0
mean,2040,11,42,ES1 5,0.0
mean,2040,11,43,ES1 5,0.0
mean,2040,11,44,ES1 5,0.0
mean,2040,11,45,ES1 5,0.0
mean,2040,11,46,ES1 5,0.0
mean,2040,11,47,ES1 5,0.0
mean,2040,11,48,ES1 5,0.0
mean,2040,11,49,ES1 5,0.0
mean,2040,11,50,ES1 5,0.0
mean,2040,11,51,ES1 5,0.0
mean,2040,11,52,ES1 5,0.0
mean,2040,11,53,ES1 5,0.0
mean,2040,11,54,ES1 5,0.0
mean,2040,11,55,ES1 5,0.0
mean,2040,11,56,ES1 5,0.0
mean,2040,11,57,ES1 5,0.0
mean,2040,11,58,ES1 5,0.0
mean,2040,11,59,ES1 5,0.0
mean,2040,11,60,ES1 5,0.0
mean,2040,11,61,ES1 5,0.0
mean,2040,11,62,ES1 5,0.0
mean,2040,11,63,ES1 5,0.0
mean,2040,11,64,ES1 5,0.0
mean,2040,11,65,ES1 5,0.0
mean,2040,11,66,ES1 5,0.0
mean,2040,11,67,ES1 5,0.0
mean,2040,11,68,ES1 5,0.0
mean,2040,11,69,ES1 5,0.0
mean,2040,11,70,ES1 5,0.0
mean,2040,11,71,ES1 5,0.0
mean,2040,11,72,ES1 5,0.0
mean,2040,11,73,ES1 5,0.0
mean,2040,11,74,ES1 5,0.0
mean,2040,11,75,ES1 5,0.0
mean,2040,11,76,ES1 5,0.0
mean,2040,11,77,ES1 5,0.0
mean,2040,11,78,ES1 5,0.0
mean,2040,11,79,ES1 5,0.0
mean,2040,11,80,ES1 5,0.0
mean,2040,11,81,ES1 5,0.0
mean,2040,11,82,ES1 5,0.0
mean,2040,11,83,ES1 5,0.0
mean,2040,11,84,ES1 5,0.0
mean,2040,11,85,ES1 5,0.0
mean,2040,11,86,ES1 5,0.0
mean,2040,11,87,ES1 5,0.0
mean,2040,11,88,ES1 5,0.0
mean,2040,11,89,ES1 5,0.0
mean,2040,11,90,ES1 5,0.0
mean,2040,11,91,ES1 5,0.0
mean,2040,11,92,ES1 5,0.0
mean,2040,11,93,ES1 5,0.0
mean,2040,11,94,ES1 5,0.0
mean,2040,11,95,ES1 5,0.0
mean,2040,11,96,ES1 5,0.0
mean,2040,11,97,ES1 5,0.0
mean,2040,11,98,ES1 5,0.0
mean,2040,11,99,ES1 5,0.0
mean,2040,11,100,ES1 5,0.0
mean,2040,11,101,ES1 5,0.0
mean,2040,11,102,ES1 5,0.0
mean,2040,11,103,ES1 5,0.0
mean,2040,11,104,ES1 5,0.0
mean,2040,11,105,ES1 5,0.0
mean,2040,11,106,ES1 5,0.0
mean,2040,11,107,ES1 5,0.0
mean,2040,11,108,ES1 5,0.0
mean,2040,11,109,ES1 5,0.0
mean,2040,11,110,ES1 5,0.0
mean,2040,11,111,ES1 5,0.0
mean,2040,11,112,ES1 5,0.0
mean,2040,11,113,ES1 5,0.0
mean,2040,11,114,ES1 5,0.0
mean,2040,11,115,ES1 5,0.0
mean,2040,11,116,ES1 5,0.0
mean,2040,11,117,ES1 5,0.0
mean,2040,11,118,ES1 5,0.0
mean,2040,11,119,ES1 5,0.0
mean,2040,11,120,ES1 5,0.0
mean,2040,11,121,ES1 5,0.0
mean,2040,11,122,ES1 5,0.0
mean,2040,11,123,ES1 5,0.0
mean,2040,11,124,ES1 5,0.0
mean,2040,11,125,ES1 5,0.0
mean,2040,11,126,ES1 5,0.0
mean,2040,11,127,ES1 5,0.0
mean,2040,11,128,ES1 5,0.0
mean,2040,11,129,ES1 5,0.0
mean,2040,11,130,ES1 5,0.0
mean,2040,11,131,ES1 5,0.0
mean,2040,11,132,ES1 5,0.0
mean,2040,11,133,ES1 5,0.0
mean,2040,11,134,ES1 5,0.0
mean,2040,11,135,ES1 5,0.0
mean,2040,11,136,ES1 5,0.0
mean,2040,11,137,ES1 5,0.0
mean,2040,11,138,ES1 5,0.0
mean,2040,11,139,ES1 5,0.0
mean,2040,11,140,ES1 5,0.0
mean,2040,11,141,ES1 5,0.0
mean,2040,11,142,ES1 5,0.0
mean,2040,11,143,ES1 5,0.0
mean,2040,11,144,ES1 5,0.0
mean,2040,11,145,ES1 5,0.0
mean,2040,11,146,ES1 5,0.0
mean,2040,11,147,ES1 5,0.0
mean,2040,11,148,ES1 5,0.0
mean,2040,11,149,ES1 5,0.0
mean,2040,11,150,ES1 5,0.0
mean,2040,11,151,ES1 5,0.0
mean,2040,11,152,ES1 5,0.0
mean,2040,11,153,ES1 5,0.0
mean,2040,11,154,ES1 5,0.0
mean,2040,11,155,ES1 5,0.0
mean,2040,11,156,ES1 5,0.0
mean,2040,11,157,ES1 5,0.0
mean,2040,11,158,ES1 5,0.0
mean,2040,11,159,ES1 5,0.0
mean,2040,11,160,ES1 5,0.0
mean,2040,11,161,ES1 5,0.0
mean,2040,11,162,ES1 5,0.0
mean,2040,11,163,ES1 5,0.0
mean,2040,11,164,ES1 5,0.0
mean,2040,11,165,ES1 5,0.0
mean,2040,11,166,ES1 5,0.0
mean,2040,11,167,ES1 5,0.0
mean,2040,21,0,ES1 5,0.0
mean,2040,21,1,ES1 5,0.0
mean,2040,21,2,ES1 5,0.0
mean,2040,21,3,ES1 5,0.0
mean,2040,21,4,ES1 5,0.0
mean,2040,21,5,ES1 5,0.0
mean,2040,21,6,ES1 5,0.0
mean,2040,21,7,ES1 5,0.0
mean,2040,21,8,ES1 5,0.0
mean,2040,21,9,ES1 5,0.0
mean,2040,21,10,ES1 5,0.0
mean,2040,21,11,ES1 5,0.0
mean,2040,21,12,ES1 5,0.0
mean,2040,21,13,ES1 5,0.0
mean,2040,21,14,ES1 5,0.0
mean,2040,21,15,ES1 5,0.0
mean,2040,21,16,ES1 5,0.0
mean,2040,21,17,ES1 5,0.0
mean,2040,21,18,ES1 5,0.0
mean,2040,21,19,ES1 5,0.0
mean,2040,21,20,ES1 5,0.0
mean,2040,21,21,ES1 5,0.0
mean,2040,21,22,ES1 5,0.0
mean,2040,21,23,ES1 5,0.0
mean,2040,21,24,ES1 5,0.0
mean,2040,21,25,ES1 5,0.0
mean,2040,21,26,ES1 5,0.0
mean,2040,21,27,ES1 5,0.0
mean,2040,21,28,ES1 5,0.0
mean,2040,21,29,ES1 5,0.0
mean,2040,21,30,ES1 5,0.0
mean,2040,21,31,ES1 5,0.0
mean,2040,21,32,ES1 5,0.0
mean,2040,21,33,ES1 5,0.0
mean,2040,21,34,ES1 5,0.0
mean,2040,21,35,ES1 5,0.0
mean,2040,21,36,ES1 5,0.0
mean,2040,21,37,ES1 5,0.0
mean,2040,21,38,ES1 5,0.0
mean,2040,21,39,ES1 5,0.0
mean,2040,21,40,ES1 5,0.0
mean,2040,21,41,ES1 5,0.0
mean,2040,21,42,ES1 5,0.0
mean,2040,21,43,ES1 5,0.0
mean,2040,21,44,ES1 5,0.0
mean,2040,21,45,ES1 5,0.0
mean,2040,21,46,ES1 5,0.0
mean,2040,21,47,ES1 5,0.0
mean,2040,21,48,ES1 5,0.0
mean,2040,21,49,ES1 5,0.0
mean,2040,21,50,ES1 5,0.0
mean,2040,21,51,ES1 5,0.0
mean,2040,21,52,ES1 5,0.0
mean,2040,21,53,ES1 5,0.0
mean,2040,21,54,ES1 5,0.0
mean,2040,21,55,ES1 5,0.0
mean,2040,21,56,ES1 5,0.0
mean,2040,21,57,ES1 5,0.0
mean,2040,21,58,ES1 5,0.0
mean,2040,21,59,ES1 5,0.0
mean,2040,21,60,ES1 5,0.0
mean,2040,21,61,ES1 5,0.0
mean,2040,21,62,ES1 5,0.0
mean,2040,21,63,ES1 5,0.0
mean,2040,21,64,ES1 5,0.0
mean,2040,21,65,ES1 5,0.0
mean,2040,21,66,ES1 5,0.0
mean,2040,21,67,ES1 5,0.0
mean,2040,21,68,ES1 5,0.0
mean,2040,21,69,ES1 5,0.0
mean,2040,21,70,ES1 5,0.0
mean,2040,21,71,ES1 5,0.0
mean,2040,21,72,ES1 5,0.0
mean,2040,21,73,ES1 5,0.0
mean,2040,21,74,ES1 5,0.0
mean,2040,21,75,ES1 5,0.0
mean,2040,21,76,ES1 5,0.0
mean,2040,21,77,ES1 5,0.0
mean,2040,21,78,ES1 5,0.0
mean,2040,21,79,ES1 5,0.0
mean,2040,21,80,ES1 5,0.0
mean,2040,21,81,ES1 5,0.0
mean,2040,21,82,ES1 5,0.0
mean,2040,21,83,ES1 5,0.0
mean,2040,21,84,ES1 5,0.0
mean,2040,21,85,ES1 5,0.0
mean,2040,21,86,ES1 5,0.0
mean,2040,21,87,ES1 5,0.0
mean,2040,21,88,ES1 5,0.0
mean,2040,21,89,ES1 5,0.0
mean,2040,21,90,ES1 5,0.0
mean,2040,21,91,ES1 5,0.0
mean,2040,21,92,ES1 5,0.0
mean,2040,21,93,ES1 5,0.0
mean,2040,21,94,ES1 5,0.0
mean,2040,21,95,ES1 5,0.0
mean,2040,21,96,ES1 5,0.0
mean,2040,21,97,ES1 5,0.0
mean,2040,21,98,ES1 5,0.0
mean,2040,21,99,ES1 5,0.0
mean,2040,21,100,ES1 5,0.0
mean,2040,21,101,ES1 5,0.0
mean,2040,21,102,ES1 5,0.0
mean,2040,21,103,ES1 5,0.0
mean,2040,21,104,ES1 5,0.0
mean,2040,21,105,ES1 5,0.0
mean,2040,21,106,ES1 5,0.0
mean,2040,21,107,ES1 5,0.0
mean,2040,21,108,ES1 5,0.0
mean,2040,21,109,ES1 5,0.0
mean,2040,21,110,ES1 5,0.0
mean,2040,21,111,ES1 5,0.0
mean,2040,21,112,ES1 5,0.0
mean,2040,21,113,ES1 5,0.0
mean,2040,21,114,ES1 5,0.0
mean,2040,21,115,ES1 5,0.0
mean,2040,21,116,ES1 5,0.0
mean,2040,21,117,ES1 5,0.0
mean,2040,21,118,ES1 5,0.0
mean,2040,21,119,ES1 5,0.0
mean,2040,21,120,ES1 5,0.0
mean,2040,21,121,ES1 5,0.0
mean,2040,21,122,ES1 5,0.0
mean,2040,21,123,ES1 5,0.0
mean,2040,21,124,ES1 5,0.0
mean,2040,21,125,ES1 5,0.0
mean,2040,21,126,ES1 5,0.0
mean,2040,21,127,ES1 5,0.0
mean,2040,21,128,ES1 5,0.0
mean,2040,21,129,ES1 5,0.0
mean,2040,21,130,ES1 5,0.0
mean,2040,21,131,ES1 5,0.0
mean,2040,21,132,ES1 5,0.0
mean,2040,21,133,ES1 5,0.0
mean,2040,21,134,ES1 5,0.0
mean,2040,21,135,ES1 5,0.0
mean,2040,21,136,ES1 5,0.0
mean,2040,21,137,ES1 5,0.0
mean,2040,21,138,ES1 5,0.0
mean,2040,21,139,ES1 5,0.0
mean,2040,21,140,ES1 5,0.0
mean,2040,21,141,ES1 5,0.0
mean,2040,21,142,ES1 5,0.0
mean,2040,21,143,ES1 5,0.0
mean,2040,21,144,ES1 5,0.0
mean,2040,21,145,ES1 5,0.0
mean,2040,21,146,ES1 5,0.0
mean,2040,21,147,ES1 5,0.0
mean,2040,21,148,ES1 5,0.0
mean,2040,21,149,ES1 5,0.0
mean,2040,21,150,ES1 5,0.0
mean,2040,21,151,ES1 5,0.0
mean,2040,21,152,ES1 5,0.0
mean,2040,21,153,ES1 5,0.0
mean,2040,21,154,ES1 5,0.0
mean,2040,21,155,ES1 5,0.0
mean,2040,21,156,ES1 5,0.0
mean,2040,21,157,ES1 5,0.0
mean,2040,21,158,ES1 5,0.0
mean,2040,21,159,ES1 5,0.0
mean,2040,21,160,ES1 5,0.0
mean,2040,21,161,ES1 5,0.0
mean,2040,21,162,ES1 5,0.0
mean,2040,21,163,ES1 5,0.0
mean,2040,21,164,ES1 5,0.0
mean,2040,21,165,ES1 5,0.0
mean,2040,21,166,ES1 5,0.0
mean,2040,21,167,ES1 5,0.0
mean,2040,42,0,ES1 5,0.0
mean,2040,42,1,ES1 5,0.0
mean,2040,42,2,ES1 5,0.0
mean,2040,42,3,ES1 5,0.0
mean,2040,42,4,ES1 5,0.0
mean,2040,42,5,ES1 5,0.0
mean,2040,42,6,ES1 5,0.0
mean,2040,42,7,ES1 5,0.0
mean,2040,42,8,ES1 5,0.0
mean,2040,42,9,ES1 5,0.0
mean,2040,42,10,ES1 5,0.0
mean,2040,42,11,ES1 5,0.0
mean,2040,42,12,ES1 5,0.0
mean,2040,42,13,ES1 5,0.0
mean,2040,42,14,ES1 5,0.0
mean,2040,42,15,ES1 5,0.0
mean,2040,42,16,ES1 5,0.0
mean,2040,42,17,ES1 5,0.0
mean,2040,42,18,ES1 5,0.0
mean,2040,42,19,ES1 5,0.0
mean,2040,42,20,ES1 5,0.0
mean,2040,42,21,ES1 5,0.0
mean,2040,42,22,ES1 5,0.0
mean,2040,42,23,ES1 5,0.0
mean,2040,42,24,ES1 5,0.0
mean,2040,42,25,ES1 5,0.0
mean,2040,42,26,ES1 5,0.0
mean,2040,42,27,ES1 5,0.0
mean,2040,42,28,ES1 5,0.0
mean,2040,42,29,ES1 5,0.0
mean,2040,42,30,ES1 5,0.0
mean,2040,42,31,ES1 5,0.0
mean,2040,42,32,ES1 5,0.0
mean,2040,42,33,ES1 5,0.0
mean,2040,42,34,ES1 5,0.0
mean,2040,42,35,ES1 5,0.0
mean,2040,42,36,ES1 5,0.0
mean,2040,42,37,ES1 5,0.0
mean,2040,42,38,ES1 5,0.0
mean,2040,42,39,ES1 5,0.0
mean,2040,42,40,ES1 5,0.0
mean,2040,42,41,ES1 5,0.0
mean,2040,42,42,ES1 5,0.0
mean,2040,42,43,ES1 5,0.0
mean,2040,42,44,ES1 5,0.0
mean,2040,42,45,ES1 5,0.0
mean,2040,42,46,ES1 5,0.0
mean,2040,42,47,ES1 5,0.0
mean,2040,42,48,ES1 5,0.0
mean,2040,42,49,ES1 5,0.0
mean,2040,42,50,ES1 5,0.0
mean,2040,42,51,ES1 5,0.0
mean,2040,42,52,ES1 5,0.0
mean,2040,42,53,ES1 5,0.0
mean,2040,42,54,ES1 5,0.0
mean,2040,42,55,ES1 5,0.0
mean,2040,42,56,ES1 5,0.0
mean,2040,42,57,ES1 5,0.0
mean,2040,42,58,ES1 5,0.0
mean,2040,42,59,ES1 5,0.0
mean,2040,42,60,ES1 5,0.0
mean,2040,42,61,ES1 5,0.0
mean,2040,42,62,ES1 5,0.0
mean,2040,42,63,ES1 5,0.0
mean,2040,42,64,ES1 5,0.0
mean,2040,42,65,ES1 5,0.0
mean,2040,42,66,ES1 5,0.0
mean,2040,42,67,ES1 5,0.0
mean,2040,42,68,ES1 5,0.0
mean,2040,42,69,ES1 5,0.0
mean,2040,42,70,ES1 5,0.0
mean,2040,42,71,ES1 5,0.0
mean,2040,42,72,ES1 5,0.0
mean,2040,42,73,ES1 5,0.0
mean,2040,42,74,ES1 5,0.0
mean,2040,42,75,ES1 5,0.0
mean,2040,42,76,ES1 5,0.0
mean,2040,42,77,ES1 5,0.0
mean,2040,42,78,ES1 5,0.0
mean,2040,42,79,ES1 5,0.0
mean,2040,42,80,ES1 5,0.0
mean,2040,42,81,ES1 5,0.0
mean,2040,42,82,ES1 5,0.0
mean,2040,42,83,ES1 5,0.0
mean,2040,42,84,ES1 5,0.0
mean,2040,42,85,ES1 5,0.0
mean,2040,42,86,ES1 5,0.0
mean,2040,42,87,ES1 5,0.0
mean,2040,42,88,ES1 5,0.0
mean,2040,42,89,ES1 5,0.0
mean,2040,42,90,ES1 5,0.0
mean,2040,42,91,ES1 5,0.0
mean,2040,42,92,ES1 5,0.0
mean,2040,42,93,ES1 5,0.0
mean,2040,42,94,ES1 5,0.0
mean,2040,42,95,ES1 5,0.0
mean,2040,42,96,ES1 5,0.0
mean,2040,42,97,ES1 5,0.0
mean,2040,42,98,ES1 5,0.0
mean,2040,42,99,ES1 5,0.0
mean,2040,42,100,ES1 5,0.0
mean,2040,42,101,ES1 5,0.0
mean,2040,42,102,ES1 5,0.0
mean,2040,42,103,ES1 5,0.0
mean,2040,42,104,ES1 5,0.0
mean,2040,42,105,ES1 5,0.0
mean,2040,42,106,ES1 5,0.0
mean,2040,42,107,ES1 5,0.0
mean,2040,42,108,ES1 5,0.0
mean,2040,42,109,ES1 5,0.0
mean,2040,42,110,ES1 5,0.0
mean,2040,42,111,ES1 5,0.0
mean,2040,42,112,ES1 5,0.0
mean,2040,42,113,ES1 5,0.0
mean,2040,42,114,ES1 5,0.0
mean,2040,42,115,ES1 5,0.0
mean,2040,42,116,ES1 5,0.0
mean,2040,42,117,ES1 5,0.0
mean,2040,42,118,ES1 5,0.0
mean,2040,42,119,ES1 5,0.0
mean,2040,42,120,ES1 5,0.0
mean,2040,42,121,ES1 5,0.0
mean,2040,42,122,ES1 5,0.0
mean,2040,42,123,ES1 5,0.0
mean,2040,42,124,ES1 5,0.0
mean,2040,42,125,ES1 5,0.0
mean,2040,42,126,ES1 5,0.0
mean,2040,42,127,ES1 5,0.0
mean,2040,42,128,ES1 5,0.0
mean,2040,42,129,ES1 5,0.0
mean,2040,42,130,ES1 5,0.0
mean,2040,42,131,ES1 5,0.0
mean,2040,42,132,ES1 5,0.0
mean,2040,42,133,ES1 5,0.0
mean,2040,42,134,ES1 5,0.0
mean,2040,42,135,ES1 5,0.0
mean,2040,42,136,ES1 5,0.0
mean,2040,42,137,ES1 5,0.0
mean,2040,42,138,ES1 5,0.0
mean,2040,42,139,ES1 5,0.0
mean,2040,42,140,ES1 5,0.0
mean,2040,42,141,ES1 5,0.0
mean,2040,42,142,ES1 5,0.0
mean,2040,42,143,ES1 5,0.0
mean,2040,42,144,ES1 5,0.0
mean,2040,42,145,ES1 5,0.0
mean,2040,42,146,ES1 5,0.0
mean,2040,42,147,ES1 5,0.0
mean,2040,42,148,ES1 5,0.0
mean,2040,42,149,ES1 5,0.0
mean,2040,42,150,ES1 5,0.0
mean,2040,42,151,ES1 5,0.0
mean,2040,42,152,ES1 5,0.0
mean,2040,42,153,ES1 5,0.0
mean,2040,42,154,ES1 5,0.0
mean,2040,42,155,ES1 5,0.0
mean,2040,42,156,ES1 5,0.0
mean,2040,42,157,ES1 5,0.0
mean,2040,42,158,ES1 5,0.0
mean,2040,42,159,ES1 5,0.0
mean,2040,42,160,ES1 5,0.0
mean,2040,42,161,ES1 5,0.0
mean,2040,42,162,ES1 5,0.0
mean,2040,42,163,ES1 5,0.0
mean,2040,42,164,ES1 5,0.0
mean,2040,42,165,ES1 5,0.0
mean,2040,42,166,ES1 5,0.0
mean,2040,42,167,ES1 5,0.0
mean,2040,52,0,ES1 5,0.0
mean,2040,52,1,ES1 5,0.0
mean,2040,52,2,ES1 5,0.0
mean,2040,52,3,ES1 5,0.0
mean,2040,52,4,ES1 5,0.0
mean,2040,52,5,ES1 5,0.0
mean,2040,52,6,ES1 5,0.0
mean,2040,52,7,ES1 5,0.0
mean,2040,52,8,ES1 5,0.0
mean,2040,52,9,ES1 5,0.0
mean,2040,52,10,ES1 5,0.0
mean,2040,52,11,ES1 5,0.0
mean,2040,52,12,ES1 5,0.0
mean,2040,52,13,ES1 5,0.0
mean,2040,52,14,ES1 5,0.0
mean,2040,52,15,ES1 5,0.0
mean,2040,52,16,ES1 5,0.0
mean,2040,52,17,ES1 5,0.0
mean,2040,52,18,ES1 5,0.0
mean,2040,52,19,ES1 5,0.0
mean,2040,52,20,ES1 5,0.0
mean,2040,52,21,ES1 5,0.0
mean,2040,52,22,ES1 5,0.0
mean,2040,52,23,ES1 5,0.0
mean,2040,52,24,ES1 5,0.0
mean,2040,52,25,ES1 5,0.0
mean,2040,52,26,ES1 5,0.0
mean,2040,52,27,ES1 5,0.0
mean,2040,52,28,ES1 5,0.0
mean,2040,52,29,ES1 5,0.0
mean,2040,52,30,ES1 5,0.0
mean,2040,52,31,ES1 5,0.0
mean,2040,52,32,ES1 5,0.0
mean,2040,52,33,ES1 5,0.0
mean,2040,52,34,ES1 5,0.0
mean,2040,52,35,ES1 5,0.0
mean,2040,52,36,ES1 5,0.0
mean,2040,52,37,ES1 5,0.0
mean,2040,52,38,ES1 5,0.0
mean,2040,52,39,ES1 5,0.0
mean,2040,52,40,ES1 5,0.0
mean,2040,52,41,ES1 5,0.0
mean,2040,52,42,ES1 5,0.0
mean,2040,52,43,ES1 5,0.0
mean,2040,52,44,ES1 5,0.0
mean,2040,52,45,ES1 5,0.0
mean,2040,52,46,ES1 5,0.0
mean,2040,52,47,ES1 5,0.0
mean,2040,52,48,ES1 5,0.0
mean,2040,52,49,ES1 5,0.0
mean,2040,52,50,ES1 5,0.0
mean,2040,52,51,ES1 5,0.0
mean,2040,52,52,ES1 5,0.0
mean,2040,52,53,ES1 5,0.0
mean,2040,52,54,ES1 5,0.0
mean,2040,52,55,ES1 5,0.0
mean,2040,52,56,ES1 5,0.0
mean,2040,52,57,ES1 5,0.0
mean,2040,52,58,ES1 5,0.0
mean,2040,52,59,ES1 5,0.0
mean,2040,52,60,ES1 5,0.0
mean,2040,52,61,ES1 5,0.0
mean,2040,52,62,ES1 5,0.0
mean,2040,52,63,ES1 5,0.0
mean,2040,52,64,ES1 5,0.0
mean,2040,52,65,ES1 5,0.0
mean,2040,52,66,ES1 5,0.0
mean,2040,52,67,ES1 5,0.0
mean,2040,52,68,ES1 5,0.0
mean,2040,52,69,ES1 5,0.0
mean,2040,52,70,ES1 5,0.0
mean,2040,52,71,ES1 5,0.0
mean,2040,52,72,ES1 5,0.0
mean,2040,52,73,ES1 5,0.0
mean,2040,52,74,ES1 5,0.0
mean,2040,52,75,ES1 5,0.0
mean,2040,52,76,ES1 5,0.0
mean,2040,52,77,ES1 5,0.0
mean,2040,52,78,ES1 5,0.0
mean,2040,52,79,ES1 5,0.0
mean,2040,52,80,ES1 5,0.0
mean,2040,52,81,ES1 5,0.0
mean,2040,52,82,ES1 5,0.0
mean,2040,52,83,ES1 5,0.0
mean,2040,52,84,ES1 5,0.0
mean,2040,52,85,ES1 5,0.0
mean,2040,52,86,ES1 5,0.0
mean,2040,52,87,ES1 5,0.0
mean,2040,52,88,ES1 5,0.0
mean,2040,52,89,ES1 5,0.0
mean,2040,52,90,ES1 5,0.0
mean,2040,52,91,ES1 5,0.0
mean,2040,52,92,ES1 5,0.0
mean,2040,52,93,ES1 5,0.0
mean,2040,52,94,ES1 5,0.0
mean,2040,52,95,ES1 5,0.0
mean,2040,52,96,ES1 5,0.0
mean,2040,52,97,ES1 5,0.0
mean,2040,52,98,ES1 5,0.0
mean,2040,52,99,ES1 5,0.0
mean,2040,52,100,ES1 5,0.0
mean,2040,52,101,ES1 5,0.0
mean,2040,52,102,ES1 5,0.0
mean,2040,52,103,ES1 5,0.0
mean,2040,52,104,ES1 5,0.0
mean,2040,52,105,ES1 5,0.0
mean,2040,52,106,ES1 5,0.0
mean,2040,52,107,ES1 5,0.0
mean,2040,52,108,ES1 5,0.0
mean,2040,52,109,ES1 5,0.0
mean,2040,52,110,ES1 5,0.0
mean,2040,52,111,ES1 5,0.0
mean,2040,52,112,ES1 5,0.0
mean,2040,52,113,ES1 5,0.0
mean,2040,52,114,ES1 5,0.0
mean,2040,52,115,ES1 5,0.0
mean,2040,52,116,ES1 5,0.0
mean,2040,52,117,ES1 5,0.0
mean,2040,52,118,ES1 5,0.0
mean,2040,52,119,ES1 5,0.0
mean,2040,52,120,ES1 5,0.0
mean,2040,52,121,ES1 5,0.0
mean,2040,52,122,ES1 5,0.0
mean,2040,52,123,ES1 5,0.0
mean,2040,52,124,ES1 5,0.0
mean,2040,52,125,ES1 5,0.0
mean,2040,52,126,ES1 5,0.0
mean,2040,52,127,ES1 5,0.0
mean,2040,52,128,ES1 5,0.0
mean,2040,52,129,ES1 5,0.0
mean,2040,52,130,ES1 5,0.0
mean,2040,52,131,ES1 5,0.0
mean,2040,52,132,ES1 5,0.0
mean,2040,52,133,ES1 5,0.0
mean,2040,52,134,ES1 5,0.0
mean,2040,52,135,ES1 5,0.0
mean,2040,52,136,ES1 5,0.0
mean,2040,52,137,ES1 5,0.0
mean,2040,52,138,ES1 5,0.0
mean,2040,52,139,ES1 5,0.0
mean,2040,52,140,ES1 5,0.0
mean,2040,52,141,ES1 5,0.0
mean,2040,52,142,ES1 5,0.0
mean,2040,52,143,ES1 5,0.0
mean,2040,52,144,ES1 5,0.0
mean,2040,52,145,ES1 5,0.0
mean,2040,52,146,ES1 5,0.0
mean,2040,52,147,ES1 5,0.0
mean,2040,52,148,ES1 5,0.0
mean,2040,52,149,ES1 5,0.0
mean,2040,52,150,ES1 5,0.0
mean,2040,52,151,ES1 5,0.0
mean,2040,52,152,ES1 5,0.0
mean,2040,52,153,ES1 5,0.0
mean,2040,52,154,ES1 5,0.0
mean,2040,52,155,ES1 5,0.0
mean,2040,52,156,ES1 5,0.0
mean,2040,52,157,ES1 5,0.0
mean,2040,52,158,ES1 5,0.0
mean,2040,52,159,ES1 5,0.0
mean,2040,52,160,ES1 5,0.0
mean,2040,52,161,ES1 5,0.0
mean,2040,52,162,ES1 5,0.0
mean,2040,52,163,ES1 5,0.0
mean,2040,52,164,ES1 5,0.0
mean,2040,52,165,ES1 5,0.0
mean,2040,52,166,ES1 5,0.0
mean,2040,52,167,ES1 5,0.0
mean,2050,11,0,ES1 5,0.0
mean,2050,11,1,ES1 5,0.0
mean,2050,11,2,ES1 5,0.0
mean,2050,11,3,ES1 5,0.0
mean,2050,11,4,ES1 5,0.0
mean,2050,11,5,ES1 5,0.0
mean,2050,11,6,ES1 5,0.0
mean,2050,11,7,ES1 5,0.0
mean,2050,11,8,ES1 5,0.0
mean,2050,11,9,ES1 5,0.0
mean,2050,11,10,ES1 5,0.0
mean,2050,11,11,ES1 5,0.0
mean,2050,11,12,ES1 5,0.0
mean,2050,11,13,ES1 5,0.0
mean,2050,11,14,ES1 5,0.0
mean,2050,11,15,ES1 5,0.0
mean,2050,11,16,ES1 5,0.0
mean,2050,11,17,ES1 5,0.0
mean,2050,11,18,ES1 5,0.0
mean,2050,11,19,ES1 5,0.0
mean,2050,11,20,ES1 5,0.0
mean,2050,11,21,ES1 5,0.0
mean,2050,11,22,ES1 5,0.0
mean,2050,11,23,ES1 5,0.0
mean,2050,11,24,ES1 5,0.0
mean,2050,11,25,ES1 5,0.0
mean,2050,11,26,ES1 5,0.0
mean,2050,11,27,ES1 5,0.0
mean,2050,11,28,ES1 5,0.0
mean,2050,11,29,ES1 5,0.0
mean,2050,11,30,ES1 5,0.0
mean,2050,11,31,ES1 5,0.0
mean,2050,11,32,ES1 5,0.0
mean,2050,11,33,ES1 5,0.0
mean,2050,11,34,ES1 5,0.0
mean,2050,11,35,ES1 5,0.0
mean,2050,11,36,ES1 5,0.0
mean,2050,11,37,ES1 5,0.0
mean,2050,11,38,ES1 5,0.0
mean,2050,11,39,ES1 5,0.0
mean,2050,11,40,ES1 5,0.0
mean,2050,11,41,ES1 5,0.0
mean,2050,11,42,ES1 5,0.0
mean,2050,11,43,ES1 5,0.0
mean,2050,11,44,ES1 5,0.0
mean,2050,11,45,ES1 5,0.0
mean,2050,11,46,ES1 5,0.0
mean,2050,11,47,ES1 5,0.0
mean,2050,11,48,ES1 5,0.0
mean,2050,11,49,ES1 5,0.0
mean,2050,11,50,ES1 5,0.0
mean,2050,11,51,ES1 5,0.0
mean,2050,11,52,ES1 5,0.0
mean,2050,11,53,ES1 5,0.0
mean,2050,11,54,ES1 5,0.0
mean,2050,11,55,ES1 5,0.0
mean,2050,11,56,ES1 5,0.0
mean,2050,11,57,ES1 5,0.0
mean,2050,11,58,ES1 5,0.0
mean,2050,11,59,ES1 5,0.0
mean,2050,11,60,ES1 5,0.0
mean,2050,11,61,ES1 5,0.0
mean,2050,11,62,ES1 5,0.0
mean,2050,11,63,ES1 5,0.0
mean,2050,11,64,ES1 5,0.0
mean,2050,11,65,ES1 5,0.0
mean,2050,11,66,ES1 5,0.0
mean,2050,11,67,ES1 5,0.0
mean,2050,11,68,ES1 5,0.0
mean,2050,11,69,ES1 5,0.0
mean,2050,11,70,ES1 5,0.0
mean,2050,11,71,ES1 5,0.0
mean,2050,11,72,ES1 5,0.0
mean,2050,11,73,ES1 5,0.0
mean,2050,11,74,ES1 5,0.0
mean,2050,11,75,ES1 5,0.0
mean,2050,11,76,ES1 5,0.0
mean,2050,11,77,ES1 5,0.0
mean,2050,11,78,ES1 5,0.0
mean,2050,11,79,ES1 5,0.0
mean,2050,11,80,ES1 5,0.0
mean,2050,11,81,ES1 5,0.0
mean,2050,11,82,ES1 5,0.0
mean,2050,11,83,ES1 5,0.0
mean,2050,11,84,ES1 5,0.0
mean,2050,11,85,ES1 5,0.0
mean,2050,11,86,ES1 5,0.0
mean,2050,11,87,ES1 5,0.0
mean,2050,11,88,ES1 5,0.0
mean,2050,11,89,ES1 5,0.0
mean,2050,11,90,ES1 5,0.0
mean,2050,11,91,ES1 5,0.0
mean,2050,11,92,ES1 5,0.0
mean,2050,11,93,ES1 5,0.0
mean,2050,11,94,ES1 5,0.0
mean,2050,11,95,ES1 5,0.0
mean,2050,11,96,ES1 5,0.0
mean,2050,11,97,ES1 5,0.0
mean,2050,11,98,ES1 5,0.0
mean,2050,11,99,ES1 5,0.0
mean,2050,11,100,ES1 5,0.0
mean,2050,11,101,ES1 5,0.0
mean,2050,11,102,ES1 5,0.0
mean,2050,11,103,ES1 5,0.0
mean,2050,11,104,ES1 5,0.0
mean,2050,11,105,ES1 5,0.0
mean,2050,11,106,ES1 5,0.0
mean,2050,11,107,ES1 5,0.0
mean,2050,11,108,ES1 5,0.0
mean,2050,11,109,ES1 5,0.0
mean,2050,11,110,ES1 5,0.0
mean,2050,11,111,ES1 5,0.0
mean,2050,11,112,ES1 5,0.0
mean,2050,11,113,ES1 5,0.0
mean,2050,11,114,ES1 5,0.0
mean,2050,11,115,ES1 5,0.0
mean,2050,11,116,ES1 5,0.0
mean,2050,11,117,ES1 5,0.0
mean,2050,11,118,ES1 5,0.0
mean,2050,11,119,ES1 5,0.0
mean,2050,11,120,ES1 5,0.0
mean,2050,11,121,ES1 5,0.0
mean,2050,11,122,ES1 5,0.0
mean,2050,11,123,ES1 5,0.0
mean,2050,11,124,ES1 5,0.0
mean,2050,11,125,ES1 5,0.0
mean,2050,11,126,ES1 5,0.0
mean,2050,11,127,ES1 5,0.0
mean,2050,11,128,ES1 5,0.0
mean,2050,11,129,ES1 5,0.0
mean,2050,11,130,ES1 5,0.0
mean,2050,11,131,ES1 5,0.0
mean,2050,11,132,ES1 5,0.0
mean,2050,11,133,ES1 5,0.0
mean,2050,11,134,ES1 5,0.0
mean,2050,11,135,ES1 5,0.0
mean,2050,11,136,ES1 5,0.0
mean,2050,11,137,ES1 5,0.0
mean,2050,11,138,ES1 5,0.0
mean,2050,11,139,ES1 5,0.0
mean,2050,11,140,ES1 5,0.0
mean,2050,11,141,ES1 5,0.0
mean,2050,11,142,ES1 5,0.0
mean,2050,11,143,ES1 5,0.0
mean,2050,11,144,ES1 5,0.0
mean,2050,11,145,ES1 5,0.0
mean,2050,11,146,ES1 5,0.0
mean,2050,11,147,ES1 5,0.0
mean,2050,11,148,ES1 5,0.0
mean,2050,11,149,ES1 5,0.0
mean,2050,11,150,ES1 5,0.0
mean,2050,11,151,ES1 5,0.0
mean,2050,11,152,ES1 5,0.0
mean,2050,11,153,ES1 5,0.0
mean,2050,11,154,ES1 5,0.0
mean,2050,11,155,ES1 5,0.0
mean,2050,11,156,ES1 5,0.0
mean,2050,11,157,ES1 5,0.0
mean,2050,11,158,ES1 5,0.0
mean,2050,11,159,ES1 5,0.0
mean,2050,11,160,ES1 5,0.0
mean,2050,11,161,ES1 5,0.0
mean,2050,11,162,ES1 5,0.0
mean,2050,11,163,ES1 5,0.0
mean,2050,11,164,ES1 5,0.0
mean,2050,11,165,ES1 5,0.0
mean,2050,11,166,ES1 5,0.0
mean,2050,11,167,ES1 5,0.0
mean,2050,21,0,ES1 5,0.0
mean,2050,21,1,ES1 5,0.0
mean,2050,21,2,ES1 5,0.0
mean,2050,21,3,ES1 5,0.0
mean,2050,21,4,ES1 5,0.0
mean,2050,21,5,ES1 5,0.0
mean,2050,21,6,ES1 5,0.0
mean,2050,21,7,ES1 5,0.0
mean,2050,21,8,ES1 5,0.0
mean,2050,21,9,ES1 5,0.0
mean,2050,21,10,ES1 5,0.0
mean,2050,21,11,ES1 5,0.0
mean,2050,21,12,ES1 5,0.0
mean,2050,21,13,ES1 5,0.0
mean,2050,21,14,ES1 5,0.0
mean,2050,21,15,ES1 5,0.0
mean,2050,21,16,ES1 5,0.0
mean,2050,21,17,ES1 5,0.0
mean,2050,21,18,ES1 5,0.0
mean,2050,21,19,ES1 5,0.0
mean,2050,21,20,ES1 5,0.0
mean,2050,21,21,ES1 5,0.0
mean,2050,21,22,ES1 5,0.0
mean,2050,21,23,ES1 5,0.0
mean,2050,21,24,ES1 5,0.0
mean,2050,21,25,ES1 5,0.0
mean,2050,21,26,ES1 5,0.0
mean,2050,21,27,ES1 5,0.0
mean,2050,21,28,ES1 5,0.0
mean,2050,21,29,ES1 5,0.0
mean,2050,21,30,ES1 5,0.0
mean,2050,21,31,ES1 5,0.0
mean,2050,21,32,ES1 5,0.0
mean,2050,21,33,ES1 5,0.0
mean,2050,21,34,ES1 5,0.0
mean,2050,21,35,ES1 5,0.0
mean,2050,21,36,ES1 5,0.0
mean,2050,21,37,ES1 5,0.0
mean,2050,21,38,ES1 5,0.0
mean,2050,21,39,ES1 5,0.0
mean,2050,21,40,ES1 5,0.0
mean,2050,21,41,ES1 5,0.0
mean,2050,21,42,ES1 5,0.0
mean,2050,21,43,ES1 5,0.0
mean,2050,21,44,ES1 5,0.0
mean,2050,21,45,ES1 5,0.0
mean,2050,21,46,ES1 5,0.0
mean,2050,21,47,ES1 5,0.0
mean,2050,21,48,ES1 5,0.0
mean,2050,21,49,ES1 5,0.0
mean,2050,21,50,ES1 5,0.0
mean,2050,21,51,ES1 5,0.0
mean,2050,21,52,ES1 5,0.0
mean,2050,21,53,ES1 5,0.0
mean,2050,21,54,ES1 5,0.0
mean,2050,21,55,ES1 5,0.0
mean,2050,21,56,ES1 5,0.0
mean,2050,21,57,ES1 5,0.0
mean,2050,21,58,ES1 5,0.0
mean,2050,21,59,ES1 5,0.0
mean,2050,21,60,ES1 5,0.0
mean,2050,21,61,ES1 5,0.0
mean,2050,21,62,ES1 5,0.0
mean,2050,21,63,ES1 5,0.0
mean,2050,21,64,ES1 5,0.0
mean,2050,21,65,ES1 5,0.0
mean,2050,21,66,ES1 5,0.0
mean,2050,21,67,ES1 5,0.0
mean,2050,21,68,ES1 5,0.0
mean,2050,21,69,ES1 5,0.0
mean,2050,21,70,ES1 5,0.0
mean,2050,21,71,ES1 5,0.0
mean,2050,21,72,ES1 5,0.0
mean,2050,21,73,ES1 5,0.0
mean,2050,21,74,ES1 5,0.0
mean,2050,21,75,ES1 5,0.0
mean,2050,21,76,ES1 5,0.0
mean,2050,21,77,ES1 5,0.0
mean,2050,21,78,ES1 5,0.0
mean,2050,21,79,ES1 5,0.0
mean,2050,21,80,ES1 5,0.0
mean,2050,21,81,ES1 5,0.0
mean,2050,21,82,ES1 5,0.0
mean,2050,21,83,ES1 5,0.0
mean,2050,21,84,ES1 5,0.0
mean,2050,21,85,ES1 5,0.0
mean,2050,21,86,ES1 5,0.0
mean,2050,21,87,ES1 5,0.0
mean,2050,21,88,ES1 5,0.0
mean,2050,21,89,ES1 5,0.0
mean,2050,21,90,ES1 5,0.0
mean,2050,21,91,ES1 5,0.0
mean,2050,21,92,ES1 5,0.0
mean,2050,21,93,ES1 5,0.0
mean,2050,21,94,ES1 5,0.0
mean,2050,21,95,ES1 5,0.0
mean,2050,21,96,ES1 5,0.0
mean,2050,21,97,ES1 5,0.0
mean,2050,21,98,ES1 5,0.0
mean,2050,21,99,ES1 5,0.0
mean,2050,21,100,ES1 5,0.0
mean,2050,21,101,ES1 5,0.0
mean,2050,21,102,ES1 5,0.0
mean,2050,21,103,ES1 5,0.0
mean,2050,21,104,ES1 5,0.0
mean,2050,21,105,ES1 5,0.0
mean,2050,21,106,ES1 5,0.0
mean,2050,21,107,ES1 5,0.0
mean,2050,21,108,ES1 5,0.0
mean,2050,21,109,ES1 5,0.0
mean,2050,21,110,ES1 5,0.0
mean,2050,21,111,ES1 5,0.0
mean,2050,21,112,ES1 5,0.0
mean,2050,21,113,ES1 5,0.0
mean,2050,21,114,ES1 5,0.0
mean,2050,21,115,ES1 5,0.0
mean,2050,21,116,ES1 5,0.0
mean,2050,21,117,ES1 5,0.0
mean,2050,21,118,ES1 5,0.0
mean,2050,21,119,ES1 5,0.0
mean,2050,21,120,ES1 5,0.0
mean,2050,21,121,ES1 5,0.0
mean,2050,21,122,ES1 5,0.0
mean,2050,21,123,ES1 5,0.0
mean,2050,21,124,ES1 5,0.0
mean,2050,21,125,ES1 5,0.0
mean,2050,21,126,ES1 5,0.0
mean,2050,21,127,ES1 5,0.0
mean,2050,21,128,ES1 5,0.0
mean,2050,21,129,ES1 5,0.0
mean,2050,21,130,ES1 5,0.0
mean,2050,21,131,ES1 5,0.0
mean,2050,21,132,ES1 5,0.0
mean,2050,21,133,ES1 5,0.0
mean,2050,21,134,ES1 5,0.0
mean,2050,21,135,ES1 5,0.0
mean,2050,21,136,ES1 5,0.0
mean,2050,21,137,ES1 5,0.0
mean,2050,21,138,ES1 5,0.0
mean,2050,21,139,ES1 5,0.0
mean,2050,21,140,ES1 5,0.0
mean,2050,21,141,ES1 5,0.0
mean,2050,21,142,ES1 5,0.0
mean,2050,21,143,ES1 5,0.0
mean,2050,21,144,ES1 5,0.0
mean,2050,21,145,ES1 5,0.0
mean,2050,21,146,ES1 5,0.0
mean,2050,21,147,ES1 5,0.0
mean,2050,21,148,ES1 5,0.0
mean,2050,21,149,ES1 5,0.0
mean,2050,21,150,ES1 5,0.0
mean,2050,21,151,ES1 5,0.0
mean,2050,21,152,ES1 5,0.0
mean,2050,21,153,ES1 5,0.0
mean,2050,21,154,ES1 5,0.0
mean,2050,21,155,ES1 5,0.0
mean,2050,21,156,ES1 5,0.0
mean,2050,21,157,ES1 5,0.0
mean,2050,21,158,ES1 5,0.0
mean,2050,21,159,ES1 5,0.0
mean,2050,21,160,ES1 5,0.0
mean,2050,21,161,ES1 5,0.0
mean,2050,21,162,ES1 5,0.0
mean,2050,21,163,ES1 5,0.0
mean,2050,21,164,ES1 5,0.0
mean,2050,21,165,ES1 5,0.0
mean,2050,21,166,ES1 5,0.0
mean,2050,21,167,ES1 5,0.0
mean,2050,42,0,ES1 5,0.0
mean,2050,42,1,ES1 5,0.0
mean,2050,42,2,ES1 5,0.0
mean,2050,42,3,ES1 5,0.0
mean,2050,42,4,ES1 5,0.0
mean,2050,42,5,ES1 5,0.0
mean,2050,42,6,ES1 5,0.0
mean,2050,42,7,ES1 5,0.0
mean,2050,42,8,ES1 5,0.0
mean,2050,42,9,ES1 5,0.0
mean,2050,42,10,ES1 5,0.0
mean,2050,42,11,ES1 5,0.0
mean,2050,42,12,ES1 5,0.0
mean,2050,42,13,ES1 5,0.0
mean,2050,42,14,ES1 5,0.0
mean,2050,42,15,ES1 5,0.0
mean,2050,42,16,ES1 5,0.0
mean,2050,42,17,ES1 5,0.0
mean,2050,42,18,ES1 5,0.0
mean,2050,42,19,ES1 5,0.0
mean,2050,42,20,ES1 5,0.0
mean,2050,42,21,ES1 5,0.0
mean,2050,42,22,ES1 5,0.0
mean,2050,42,23,ES1 5,0.0
mean,2050,42,24,ES1 5,0.0
mean,2050,42,25,ES1 5,0.0
mean,2050,42,26,ES1 5,0.0
mean,2050,42,27,ES1 5,0.0
mean,2050,42,28,ES1 5,0.0
mean,2050,42,29,ES1 5,0.0
mean,2050,42,30,ES1 5,0.0
mean,2050,42,31,ES1 5,0.0
mean,2050,42,32,ES1 5,0.0
mean,2050,42,33,ES1 5,0.0
mean,2050,42,34,ES1 5,0.0
mean,2050,42,35,ES1 5,0.0
mean,2050,42,36,ES1 5,0.0
mean,2050,42,37,ES1 5,0.0
mean,2050,42,38,ES1 5,0.0
mean,2050,42,39,ES1 5,0.0
mean,2050,42,40,ES1 5,0.0
mean,2050,42,41,ES1 5,0.0
mean,2050,42,42,ES1 5,0.0
mean,2050,42,43,ES1 5,0.0
mean,2050,42,44,ES1 5,0.0
mean,2050,42,45,ES1 5,0.0
mean,2050,42,46,ES1 5,0.0
mean,2050,42,47,ES1 5,0.0
mean,2050,42,48,ES1 5,0.0
mean,2050,42,49,ES1 5,0.0
mean,2050,42,50,ES1 5,0.0
mean,2050,42,51,ES1 5,0.0
mean,2050,42,52,ES1 5,0.0
mean,2050,42,53,ES1 5,0.0
mean,2050,42,54,ES1 5,0.0
mean,2050,42,55,ES1 5,0.0
mean,2050,42,56,ES1 5,0.0
mean,2050,42,57,ES1 5,0.0
mean,2050,42,58,ES1 5,0.0
mean,2050,42,59,ES1 5,0.0
mean,2050,42,60,ES1 5,0.0
mean,2050,42,61,ES1 5,0.0
mean,2050,42,62,ES1 5,0.0
mean,2050,42,63,ES1 5,0.0
mean,2050,42,64,ES1 5,0.0
mean,2050,42,65,ES1 5,0.0
mean,2050,42,66,ES1 5,0.0
mean,2050,42,67,ES1 5,0.0
mean,2050,42,68,ES1 5,0.0
mean,2050,42,69,ES1 5,0.0
mean,2050,42,70,ES1 5,0.0
mean,2050,42,71,ES1 5,0.0
mean,2050,42,72,ES1 5,0.0
mean,2050,42,73,ES1 5,0.0
mean,2050,42,74,ES1 5,0.0
mean,2050,42,75,ES1 5,0.0
mean,2050,42,76,ES1 5,0.0
mean,2050,42,77,ES1 5,0.0
mean,2050,42,78,ES1 5,0.0
mean,2050,42,79,ES1 5,0.0
mean,2050,42,80,ES1 5,0.0
mean,2050,42,81,ES1 5,0.0
mean,2050,42,82,ES1 5,0.0
mean,2050,42,83,ES1 5,0.0
mean,2050,42,84,ES1 5,0.0
mean,2050,42,85,ES1 5,0.0
mean,2050,42,86,ES1 5,0.0
mean,2050,42,87,ES1 5,0.0
mean,2050,42,88,ES1 5,0.0
mean,2050,42,89,ES1 5,0.0
mean,2050,42,90,ES1 5,0.0
mean,2050,42,91,ES1 5,0.0
mean,2050,42,92,ES1 5,0.0
mean,2050,42,93,ES1 5,0.0
mean,2050,42,94,ES1 5,0.0
mean,2050,42,95,ES1 5,0.0
mean,2050,42,96,ES1 5,0.0
mean,2050,42,97,ES1 5,0.0
mean,2050,42,98,ES1 5,0.0
mean,2050,42,99,ES1 5,0.0
mean,2050,42,100,ES1 5,0.0
mean,2050,42,101,ES1 5,0.0
mean,2050,42,102,ES1 5,0.0
mean,2050,42,103,ES1 5,0.0
mean,2050,42,104,ES1 5,0.0
mean,2050,42,105,ES1 5,0.0
mean,2050,42,106,ES1 5,0.0
mean,2050,42,107,ES1 5,0.0
mean,2050,42,108,ES1 5,0.0
mean,2050,42,109,ES1 5,0.0
mean,2050,42,110,ES1 5,0.0
mean,2050,42,111,ES1 5,0.0
mean,2050,42,112,ES1 5,0.0
mean,2050,42,113,ES1 5,0.0
mean,2050,42,114,ES1 5,0.0
mean,2050,42,115,ES1 5,0.0
mean,2050,42,116,ES1 5,0.0
mean,2050,42,117,ES1 5,0.0
mean,2050,42,118,ES1 5,0.0
mean,2050,42,119,ES1 5,0.0
mean,2050,42,120,ES1 5,0.0
mean,2050,42,121,ES1 5,0.0
mean,2050,42,122,ES1 5,0.0
mean,2050,42,123,ES1 5,0.0
mean,2050,42,124,ES1 5,0.0
mean,2050,42,125,ES1 5,0.0
mean,2050,42,126,ES1 5,0.0
mean,2050,42,127,ES1 5,0.0
mean,2050,42,128,ES1 5,0.0
mean,2050,42,129,ES1 5,0.0
mean,2050,42,130,ES1 5,0.0
mean,2050,42,131,ES1 5,0.0
mean,2050,42,132,ES1 5,0.0
mean,2050,42,133,ES1 5,0.0
mean,2050,42,134,ES1 5,0.0
mean,2050,42,135,ES1 5,0.0
mean,2050,42,136,ES1 5,0.0
mean,2050,42,137,ES1 5,0.0
mean,2050,42,138,ES1 5,0.0
mean,2050,42,139,ES1 5,0.0
mean,2050,42,140,ES1 5,0.0
mean,2050,42,141,ES1 5,0.0
mean,2050,42,142,ES1 5,0.0
mean,2050,42,143,ES1 5,0.0
mean,2050,42,144,ES1 5,0.0
mean,2050,42,145,ES1 5,0.0
mean,2050,42,146,ES1 5,0.0
mean,2050,42,147,ES1 5,0.0
mean,2050,42,148,ES1 5,0.0
mean,2050,42,149,ES1 5,0.0
mean,2050,42,150,ES1 5,0.0
mean,2050,42,151,ES1 5,0.0
mean,2050,42,152,ES1 5,0.0
mean,2050,42,153,ES1 5,0.0
mean,2050,42,154,ES1 5,0.0
mean,2050,42,155,ES1 5,0.0
mean,2050,42,156,ES1 5,0.0
mean,2050,42,157,ES1 5,0.0
mean,2050,42,158,ES1 5,0.0
mean,2050,42,159,ES1 5,0.0
mean,2050,42,160,ES1 5,0.0
mean,2050,42,161,ES1 5,0.0
mean,2050,42,162,ES1 5,0.0
mean,2050,42,163,ES1 5,0.0
mean,2050,42,164,ES1 5,0.0
mean,2050,42,165,ES1 5,0.0
mean,2050,42,166,ES1 5,0.0
mean,2050,42,167,ES1 5,0.0
mean,2050,52,0,ES1 5,0.0
mean,2050,52,1,ES1 5,0.0
mean,2050,52,2,ES1 5,0.0
mean,2050,52,3,ES1 5,0.0
mean,2050,52,4,ES1 5,0.0
mean,2050,52,5,ES1 5,0.0
mean,2050,52,6,ES1 5,0.0
mean,2050,52,7,ES1 5,0.0
mean,2050,52,8,ES1 5,0.0
mean,2050,52,9,ES1 5,0.0
mean,2050,52,10,ES1 5,0.0
mean,2050,52,11,ES1 5,0.0
mean,2050,52,12,ES1 5,0.0
mean,2050,52,13,ES1 5,0.0
mean,2050,52,14,ES1 5,0.0
mean,2050,52,15,ES1 5,0.0
mean,2050,52,16,ES1 5,0.0
mean,2050,52,17,ES1 5,0.0
mean,2050,52,18,ES1 5,0.0
mean,2050,52,19,ES1 5,0.0
mean,2050,52,20,ES1 5,0.0
mean,2050,52,21,ES1 5,0.0
mean,2050,52,22,ES1 5,0.0
mean,2050,52,23,ES1 5,0.0
mean,2050,52,24,ES1 5,0.0
mean,2050,52,25,ES1 5,0.0
mean,2050,52,26,ES1 5,0.0
mean,2050,52,27,ES1 5,0.0
mean,2050,52,28,ES1 5,0.0
mean,2050,52,29,ES1 5,0.0
mean,2050,52,30,ES1 5,0.0
mean,2050,52,31,ES1 5,0.0
mean,2050,52,32,ES1 5,0.0
mean,2050,52,33,ES1 5,0.0
mean,2050,52,34,ES1 5,0.0
mean,2050,52,35,ES1 5,0.0
mean,2050,52,36,ES1 5,0.0
mean,2050,52,37,ES1 5,0.0
mean,2050,52,38,ES1 5,0.0
mean,2050,52,39,ES1 5,0.0
mean,2050,52,40,ES1 5,0.0
mean,2050,52,41,ES1 5,0.0
mean,2050,52,42,ES1 5,0.0
mean,2050,52,43,ES1 5,0.0
mean,2050,52,44,ES1 5,0.0
mean,2050,52,45,ES1 5,0.0
mean,2050,52,46,ES1 5,0.0
mean,2050,52,47,ES1 5,0.0
mean,2050,52,48,ES1 5,0.0
mean,2050,52,49,ES1 5,0.0
mean,2050,52,50,ES1 5,0.0
mean,2050,52,51,ES1 5,0.0
mean,2050,52,52,ES1 5,0.0
mean,2050,52,53,ES1 5,0.0
mean,2050,52,54,ES1 5,0.0
mean,2050,52,55,ES1 5,0.0
mean,2050,52,56,ES1 5,0.0
mean,2050,52,57,ES1 5,0.0
mean,2050,52,58,ES1 5,0.0
mean,2050,52,59,ES1 5,0.0
mean,2050,52,60,ES1 5,0.0
mean,2050,52,61,ES1 5,0.0
mean,2050,52,62,ES1 5,0.0
mean,2050,52,63,ES1 5,0.0
mean,2050,52,64,ES1 5,0.0
mean,2050,52,65,ES1 5,0.0
mean,2050,52,66,ES1 5,0.0
mean,2050,52,67,ES1 5,0.0
mean,2050,52,68,ES1 5,0.0
mean,2050,52,69,ES1 5,0.0
mean,2050,52,70,ES1 5,0.0
mean,2050,52,71,ES1 5,0.0
mean,2050,52,72,ES1 5,0.0
mean,2050,52,73,ES1 5,0.0
mean,2050,52,74,ES1 5,0.0
mean,2050,52,75,ES1 5,0.0
mean,2050,52,76,ES1 5,0.0
mean,2050,52,77,ES1 5,0.0
mean,2050,52,78,ES1 5,0.0
mean,2050,52,79,ES1 5,0.0
mean,2050,52,80,ES1 5,0.0
mean,2050,52,81,ES1 5,0.0
mean,2050,52,82,ES1 5,0.0
mean,2050,52,83,ES1 5,0.0
mean,2050,52,84,ES1 5,0.0
mean,2050,52,85,ES1 5,0.0
mean,2050,52,86,ES1 5,0.0
mean,2050,52,87,ES1 5,0.0
mean,2050,52,88,ES1 5,0.0
mean,2050,52,89,ES1 5,0.0
mean,2050,52,90,ES1 5,0.0
mean,2050,52,91,ES1 5,0.0
mean,2050,52,92,ES1 5,0.0
mean,2050,52,93,ES1 5,0.0
mean,2050,52,94,ES1 5,0.0
mean,2050,52,95,ES1 5,0.0
mean,2050,52,96,ES1 5,0.0
mean,2050,52,97,ES1 5,0.0
mean,2050,52,98,ES1 5,0.0
mean,2050,52,99,ES1 5,0.0
mean,2050,52,100,ES1 5,0.0
mean,2050,52,101,ES1 5,0.0
mean,2050,52,102,ES1 5,0.0
mean,2050,52,103,ES1 5,0.0
mean,2050,52,104,ES1 5,0.0
mean,2050,52,105,ES1 5,0.0
mean,2050,52,106,ES1 5,0.0
mean,2050,52,107,ES1 5,0.0
mean,2050,52,108,ES1 5,0.0
mean,2050,52,109,ES1 5,0.0
mean,2050,52,110,ES1 5,0.0
mean,2050,52,111,ES1 5,0.0
mean,2050,52,112,ES1 5,0.0
mean,2050,52,113,ES1 5,0.0
mean,2050,52,114,ES1 5,0.0
mean,2050,52,115,ES1 5,0.0
mean,2050,52,116,ES1 5,0.0
mean,2050,52,117,ES1 5,0.0
mean,2050,52,118,ES1 5,0.0
mean,2050,52,119,ES1 5,0.0
mean,2050,52,120,ES1 5,0.0
mean,2050,52,121,ES1 5,0.0
mean,2050,52,122,ES1 5,0.0
mean,2050,52,123,ES1 5,0.0
mean,2050,52,124,ES1 5,0.0
mean,2050,52,125,ES1 5,0.0
mean,2050,52,126,ES1 5,0.0
mean,2050,52,127,ES1 5,0.0
mean,2050,52,128,ES1 5,0.0
mean,2050,52,129,ES1 5,0.0
mean,2050,52,130,ES1 5,0.0
mean,2050,52,131,ES1 5,0.0
mean,2050,52,132,ES1 5,0.0
mean,2050,52,133,ES1 5,0.0
mean,2050,52,134,ES1 5,0.0
mean,2050,52,135,ES1 5,0.0
mean,2050,52,136,ES1 5,0.0
mean,2050,52,137,ES1 5,0.0
mean,2050,52,138,ES1 5,0.0
mean,2050,52,139,ES1 5,0.0
mean,2050,52,140,ES1 5,0.0
mean,2050,52,141,ES1 5,0.0
mean,2050,52,142,ES1 5,0.0
mean,2050,52,143,ES1 5,0.0
mean,2050,52,144,ES1 5,0.0
mean,2050,52,145,ES1 5,0.0
mean,2050,52,146,ES1 5,0.0
mean,2050,52,147,ES1 5,0.0
mean,2050,52,148,ES1 5,0.0
mean,2050,52,149,ES1 5,0.0
mean,2050,52,150,ES1 5,0.0
mean,2050,52,151,ES1 5,0.0
mean,2050,52,152,ES1 5,0.0
mean,2050,52,153,ES1 5,0.0
mean,2050,52,154,ES1 5,0.0
mean,2050,52,155,ES1 5,0.0
mean,2050,52,156,ES1 5,0.0
mean,2050,52,157,ES1 5,0.0
mean,2050,52,158,ES1 5,0.0
mean,2050,52,159,ES1 5,0.0
mean,2050,52,160,ES1 5,0.0
mean,2050,52,161,ES1 5,0.0
mean,2050,52,162,ES1 5,0.0
mean,2050,52,163,ES1 5,0.0
mean,2050,52,164,ES1 5,0.0
mean,2050,52,165,ES1 5,0.0
mean,2050,52,166,ES1 5,0.0
mean,2050,52,167,ES1 5,0.0
mean,2025,11,0,ES1 6,0.0
mean,2025,11,1,ES1 6,0.0
mean,2025,11,2,ES1 6,0.0
mean,2025,11,3,ES1 6,0.0
mean,2025,11,4,ES1 6,0.0
mean,2025,11,5,ES1 6,0.0
mean,2025,11,6,ES1 6,0.0
mean,2025,11,7,ES1 6,0.0
mean,2025,11,8,ES1 6,0.0
mean,2025,11,9,ES1 6,0.0
mean,2025,11,10,ES1 6,0.0
mean,2025,11,11,ES1 6,0.0
mean,2025,11,12,ES1 6,0.0
mean,2025,11,13,ES1 6,0.0
mean,2025,11,14,ES1 6,0.0
mean,2025,11,15,ES1 6,0.0
mean,2025,11,16,ES1 6,0.0
mean,2025,11,17,ES1 6,0.0
mean,2025,11,18,ES1 6,0.0
mean,2025,11,19,ES1 6,0.0
mean,2025,11,20,ES1 6,0.0
mean,2025,11,21,ES1 6,0.0
mean,2025,11,22,ES1 6,0.0
mean,2025,11,23,ES1 6,0.0
mean,2025,11,24,ES1 6,0.0
mean,2025,11,25,ES1 6,0.0
mean,2025,11,26,ES1 6,0.0
mean,2025,11,27,ES1 6,0.0
mean,2025,11,28,ES1 6,0.0
mean,2025,11,29,ES1 6,0.0
mean,2025,11,30,ES1 6,0.0
mean,2025,11,31,ES1 6,0.0
mean,2025,11,32,ES1 6,0.0
mean,2025,11,33,ES1 6,0.0
mean,2025,11,34,ES1 6,0.0
mean,2025,11,35,ES1 6,0.0
mean,2025,11,36,ES1 6,0.0
mean,2025,11,37,ES1 6,0.0
mean,2025,11,38,ES1 6,0.0
mean,2025,11,39,ES1 6,0.0
mean,2025,11,40,ES1 6,0.0
mean,2025,11,41,ES1 6,0.0
mean,2025,11,42,ES1 6,0.0
mean,2025,11,43,ES1 6,0.0
mean,2025,11,44,ES1 6,0.0
mean,2025,11,45,ES1 6,0.0
mean,2025,11,46,ES1 6,0.0
mean,2025,11,47,ES1 6,0.0
mean,2025,11,48,ES1 6,0.0
mean,2025,11,49,ES1 6,0.0
mean,2025,11,50,ES1 6,0.0
mean,2025,11,51,ES1 6,0.0
mean,2025,11,52,ES1 6,0.0
mean,2025,11,53,ES1 6,0.0
mean,2025,11,54,ES1 6,0.0
mean,2025,11,55,ES1 6,0.0
mean,2025,11,56,ES1 6,0.0
mean,2025,11,57,ES1 6,0.0
mean,2025,11,58,ES1 6,0.0
mean,2025,11,59,ES1 6,0.0
mean,2025,11,60,ES1 6,0.0
mean,2025,11,61,ES1 6,0.0
mean,2025,11,62,ES1 6,0.0
mean,2025,11,63,ES1 6,0.0
mean,2025,11,64,ES1 6,0.0
mean,2025,11,65,ES1 6,0.0
mean,2025,11,66,ES1 6,0.0
mean,2025,11,67,ES1 6,0.0
mean,2025,11,68,ES1 6,0.0
mean,2025,11,69,ES1 6,0.0
mean,2025,11,70,ES1 6,0.0
mean,2025,11,71,ES1 6,0.0
mean,2025,11,72,ES1 6,0.0
mean,2025,11,73,ES1 6,0.0
mean,2025,11,74,ES1 6,0.0
mean,2025,11,75,ES1 6,0.0
mean,2025,11,76,ES1 6,0.0
mean,2025,11,77,ES1 6,0.0
mean,2025,11,78,ES1 6,0.0
mean,2025,11,79,ES1 6,0.0
mean,2025,11,80,ES1 6,0.0
mean,2025,11,81,ES1 6,0.0
mean,2025,11,82,ES1 6,0.0
mean,2025,11,83,ES1 6,0.0
mean,2025,11,84,ES1 6,0.0
mean,2025,11,85,ES1 6,0.0
mean,2025,11,86,ES1 6,0.0
mean,2025,11,87,ES1 6,0.0
mean,2025,11,88,ES1 6,0.0
mean,2025,11,89,ES1 6,0.0
mean,2025,11,90,ES1 6,0.0
mean,2025,11,91,ES1 6,0.0
mean,2025,11,92,ES1 6,0.0
mean,2025,11,93,ES1 6,0.0
mean,2025,11,94,ES1 6,0.0
mean,2025,11,95,ES1 6,0.0
mean,2025,11,96,ES1 6,0.0
mean,2025,11,97,ES1 6,0.0
mean,2025,11,98,ES1 6,0.0
mean,2025,11,99,ES1 6,0.0
mean,2025,11,100,ES1 6,0.0
mean,2025,11,101,ES1 6,0.0
mean,2025,11,102,ES1 6,0.0
mean,2025,11,103,ES1 6,0.0
mean,2025,11,104,ES1 6,0.0
mean,2025,11,105,ES1 6,0.0
mean,2025,11,106,ES1 6,0.0
mean,2025,11,107,ES1 6,0.0
mean,2025,11,108,ES1 6,0.0
mean,2025,11,109,ES1 6,0.0
mean,2025,11,110,ES1 6,0.0
mean,2025,11,111,ES1 6,0.0
mean,2025,11,112,ES1 6,0.0
mean,2025,11,113,ES1 6,0.0
mean,2025,11,114,ES1 6,0.0
mean,2025,11,115,ES1 6,0.0
mean,2025,11,116,ES1 6,0.0
mean,2025,11,117,ES1 6,0.0
mean,2025,11,118,ES1 6,0.0
mean,2025,11,119,ES1 6,0.0
mean,2025,11,120,ES1 6,0.0
mean,2025,11,121,ES1 6,0.0
mean,2025,11,122,ES1 6,0.0
mean,2025,11,123,ES1 6,0.0
mean,2025,11,124,ES1 6,0.0
mean,2025,11,125,ES1 6,0.0
mean,2025,11,126,ES1 6,0.0
mean,2025,11,127,ES1 6,0.0
mean,2025,11,128,ES1 6,0.0
mean,2025,11,129,ES1 6,0.0
mean,2025,11,130,ES1 6,0.0
mean,2025,11,131,ES1 6,0.0
mean,2025,11,132,ES1 6,0.0
mean,2025,11,133,ES1 6,0.0
mean,2025,11,134,ES1 6,0.0
mean,2025,11,135,ES1 6,0.0
mean,2025,11,136,ES1 6,0.0
mean,2025,11,137,ES1 6,0.0
mean,2025,11,138,ES1 6,0.0
mean,2025,11,139,ES1 6,0.0
mean,2025,11,140,ES1 6,0.0
mean,2025,11,141,ES1 6,0.0
mean,2025,11,142,ES1 6,0.0
mean,2025,11,143,ES1 6,0.0
mean,2025,11,144,ES1 6,0.0
mean,2025,11,145,ES1 6,0.0
mean,2025,11,146,ES1 6,0.0
mean,2025,11,147,ES1 6,0.0
mean,2025,11,148,ES1 6,0.0
mean,2025,11,149,ES1 6,0.0
mean,2025,11,150,ES1 6,0.0
mean,2025,11,151,ES1 6,0.0
mean,2025,11,152,ES1 6,0.0
mean,2025,11,153,ES1 6,0.0
mean,2025,11,154,ES1 6,0.0
mean,2025,11,155,ES1 6,0.0
mean,2025,11,156,ES1 6,0.0
mean,2025,11,157,ES1 6,0.0
mean,2025,11,158,ES1 6,0.0
mean,2025,11,159,ES1 6,0.0
mean,2025,11,160,ES1 6,0.0
mean,2025,11,161,ES1 6,0.0
mean,2025,11,162,ES1 6,0.0
mean,2025,11,163,ES1 6,0.0
mean,2025,11,164,ES1 6,0.0
mean,2025,11,165,ES1 6,0.0
mean,2025,11,166,ES1 6,0.0
mean,2025,11,167,ES1 6,0.0
mean,2025,21,0,ES1 6,0.0
mean,2025,21,1,ES1 6,-16.8045350917363
mean,2025,21,2,ES1 6,-18.933701609694303
mean,2025,21,3,ES1 6,-18.933701609694303
mean,2025,21,4,ES1 6,-20.52144716370704
mean,2025,21,5,ES1 6,-20.52144716370704
mean,2025,21,6,ES1 6,-20.52144716370704
mean,2025,21,7,ES1 6,-18.933701609694303
mean,2025,21,8,ES1 6,-0.027516295005605644
mean,2025,21,9,ES1 6,0.0
mean,2025,21,10,ES1 6,-0.027516295005605644
mean,2025,21,11,ES1 6,0.0
mean,2025,21,12,ES1 6,0.0
mean,2025,21,13,ES1 6,0.0
mean,2025,21,14,ES1 6,0.0
mean,2025,21,15,ES1 6,0.0
mean,2025,21,16,ES1 6,0.0
mean,2025,21,17,ES1 6,-16.8045350917363
mean,2025,21,18,ES1 6,-16.8045350917363
mean,2025,21,19,ES1 6,-20.52144716370704
mean,2025,21,20,ES1 6,-20.52144716370704
mean,2025,21,21,ES1 6,-16.8045350917363
mean,2025,21,22,ES1 6,-16.8045350917363
mean,2025,21,23,ES1 6,-16.8045350917363
mean,2025,21,24,ES1 6,-16.8045350917363
mean,2025,21,25,ES1 6,0.0
mean,2025,21,26,ES1 6,0.0
mean,2025,21,27,ES1 6,0.0
mean,2025,21,28,ES1 6,-16.8045350917363
mean,2025,21,29,ES1 6,-16.8045350917363
mean,2025,21,30,ES1 6,-20.52144716370704
mean,2025,21,31,ES1 6,-16.8045350917363
mean,2025,21,32,ES1 6,-0.027516295005605644
mean,2025,21,33,ES1 6,0.0
mean,2025,21,34,ES1 6,0.0
mean,2025,21,35,ES1 6,0.0
mean,2025,21,36,ES1 6,0.0
mean,2025,21,37,ES1 6,0.0
mean,2025,21,38,ES1 6,0.0
mean,2025,21,39,ES1 6,0.0
mean,2025,21,40,ES1 6,0.0
mean,2025,21,41,ES1 6,0.0
mean,2025,21,42,ES1 6,0.0
mean,2025,21,43,ES1 6,0.0
mean,2025,21,44,ES1 6,0.0
mean,2025,21,45,ES1 6,0.0
mean,2025,21,46,ES1 6,0.0
mean,2025,21,47,ES1 6,0.0
mean,2025,21,48,ES1 6,0.0
mean,2025,21,49,ES1 6,0.0
mean,2025,21,50,ES1 6,0.0
mean,2025,21,51,ES1 6,0.0
mean,2025,21,52,ES1 6,0.0
mean,2025,21,53,ES1 6,0.0
mean,2025,21,54,ES1 6,0.0
mean,2025,21,55,ES1 6,0.0
mean,2025,21,56,ES1 6,0.0
mean,2025,21,57,ES1 6,0.0
mean,2025,21,58,ES1 6,0.0
mean,2025,21,59,ES1 6,0.0
mean,2025,21,60,ES1 6,0.0
mean,2025,21,61,ES1 6,0.0
mean,2025,21,62,ES1 6,0.0
mean,2025,21,63,ES1 6,0.0
mean,2025,21,64,ES1 6,0.0
mean,2025,21,65,ES1 6,0.0
mean,2025,21,66,ES1 6,0.0
mean,2025,21,67,ES1 6,0.0
mean,2025,21,68,ES1 6,0.0
mean,2025,21,69,ES1 6,0.0
mean,2025,21,70,ES1 6,0.0
mean,2025,21,71,ES1 6,0.0
mean,2025,21,72,ES1 6,0.0
mean,2025,21,73,ES1 6,0.0
mean,2025,21,74,ES1 6,0.0
mean,2025,21,75,ES1 6,0.0
mean,2025,21,76,ES1 6,0.0
mean,2025,21,77,ES1 6,0.0
mean,2025,21,78,ES1 6,0.0
mean,2025,21,79,ES1 6,0.0
mean,2025,21,80,ES1 6,0.0
mean,2025,21,81,ES1 6,0.0
mean,2025,21,82,ES1 6,0.0
mean,2025,21,83,ES1 6,0.0
mean,2025,21,84,ES1 6,0.0
mean,2025,21,85,ES1 6,0.0
mean,2025,21,86,ES1 6,0.0
mean,2025,21,87,ES1 6,0.0
mean,2025,21,88,ES1 6,0.0
mean,2025,21,89,ES1 6,0.0
mean,2025,21,90,ES1 6,0.0
mean,2025,21,91,ES1 6,0.0
mean,2025,21,92,ES1 6,0.0
mean,2025,21,93,ES1 6,0.0
mean,2025,21,94,ES1 6,0.0
mean,2025,21,95,ES1 6,0.0
mean,2025,21,96,ES1 6,0.0
mean,2025,21,97,ES1 6,0.0
mean,2025,21,98,ES1 6,0.0
mean,2025,21,99,ES1 6,0.0
mean,2025,21,100,ES1 6,0.0
mean,2025,21,101,ES1 6,0.0
mean,2025,21,102,ES1 6,0.0
mean,2025,21,103,ES1 6,0.0
mean,2025,21,104,ES1 6,0.0
mean,2025,21,105,ES1 6,0.0
mean,2025,21,106,ES1 6,0.0
mean,2025,21,107,ES1 6,0.0
mean,2025,21,108,ES1 6,0.0
mean,2025,21,109,ES1 6,0.0
mean,2025,21,110,ES1 6,0.0
mean,2025,21,111,ES1 6,0.0
mean,2025,21,112,ES1 6,0.0
mean,2025,21,113,ES1 6,0.0
mean,2025,21,114,ES1 6,0.0
mean,2025,21,115,ES1 6,0.0
mean,2025,21,116,ES1 6,0.0
mean,2025,21,117,ES1 6,0.0
mean,2025,21,118,ES1 6,0.0
mean,2025,21,119,ES1 6,0.0
mean,2025,21,120,ES1 6,0.0
mean,2025,21,121,ES1 6,0.0
mean,2025,21,122,ES1 6,0.0
mean,2025,21,123,ES1 6,0.0
mean,2025,21,124,ES1 6,0.0
mean,2025,21,125,ES1 6,0.0
mean,2025,21,126,ES1 6,0.0
mean,2025,21,127,ES1 6,0.0
mean,2025,21,128,ES1 6,0.0
mean,2025,21,129,ES1 6,0.0
mean,2025,21,130,ES1 6,0.0
mean,2025,21,131,ES1 6,0.0
mean,2025,21,132,ES1 6,0.0
mean,2025,21,133,ES1 6,0.0
mean,2025,21,134,ES1 6,0.0
mean,2025,21,135,ES1 6,0.0
mean,2025,21,136,ES1 6,0.0
mean,2025,21,137,ES1 6,0.0
mean,2025,21,138,ES1 6,0.0
mean,2025,21,139,ES1 6,0.0
mean,2025,21,140,ES1 6,0.0
mean,2025,21,141,ES1 6,0.0
mean,2025,21,142,ES1 6,0.0
mean,2025,21,143,ES1 6,0.0
mean,2025,21,144,ES1 6,0.0
mean,2025,21,145,ES1 6,0.0
mean,2025,21,146,ES1 6,0.0
mean,2025,21,147,ES1 6,0.0
mean,2025,21,148,ES1 6,0.0
mean,2025,21,149,ES1 6,0.0
mean,2025,21,150,ES1 6,0.0
mean,2025,21,151,ES1 6,0.0
mean,2025,21,152,ES1 6,0.0
mean,2025,21,153,ES1 6,0.0
mean,2025,21,154,ES1 6,0.0
mean,2025,21,155,ES1 6,0.0
mean,2025,21,156,ES1 6,0.0
mean,2025,21,157,ES1 6,0.0
mean,2025,21,158,ES1 6,0.0
mean,2025,21,159,ES1 6,0.0
mean,2025,21,160,ES1 6,0.0
mean,2025,21,161,ES1 6,0.0
mean,2025,21,162,ES1 6,0.0
mean,2025,21,163,ES1 6,0.0
mean,2025,21,164,ES1 6,0.0
mean,2025,21,165,ES1 6,0.0
mean,2025,21,166,ES1 6,0.0
mean,2025,21,167,ES1 6,0.0
mean,2025,42,0,ES1 6,0.0
mean,2025,42,1,ES1 6,-20.52144716370704
mean,2025,42,2,ES1 6,-20.52144716370704
mean,2025,42,3,ES1 6,-20.52144716370704
mean,2025,42,4,ES1 6,-20.52144716370704
mean,2025,42,5,ES1 6,-23.10594155511018
mean,2025,42,6,ES1 6,-25.23721536936857
mean,2025,42,7,ES1 6,-23.10594155511018
mean,2025,42,8,ES1 6,-18.933701609694303
mean,2025,42,9,ES1 6,-0.027516295005605644
mean,2025,42,10,ES1 6,0.0
mean,2025,42,11,ES1 6,-16.8045350917363
mean,2025,42,12,ES1 6,0.0
mean,2025,42,13,ES1 6,0.0
mean,2025,42,14,ES1 6,0.0
mean,2025,42,15,ES1 6,-16.8045350917363
mean,2025,42,16,ES1 6,-16.8045350917363
mean,2025,42,17,ES1 6,-20.52144716370704
mean,2025,42,18,ES1 6,-20.52144716370704
mean,2025,42,19,ES1 6,-20.52144716370704
mean,2025,42,20,ES1 6,-17.856065678650555
mean,2025,42,21,ES1 6,-16.8045350917363
mean,2025,42,22,ES1 6,-16.8045350917363
mean,2025,42,23,ES1 6,0.0
mean,2025,42,24,ES1 6,0.0
mean,2025,42,25,ES1 6,0.0
mean,2025,42,26,ES1 6,0.0
mean,2025,42,27,ES1 6,0.0
mean,2025,42,28,ES1 6,0.0
mean,2025,42,29,ES1 6,0.0
mean,2025,42,30,ES1 6,0.0
mean,2025,42,31,ES1 6,0.0
mean,2025,42,32,ES1 6,0.0
mean,2025,42,33,ES1 6,0.0
mean,2025,42,34,ES1 6,0.0
mean,2025,42,35,ES1 6,0.0
mean,2025,42,36,ES1 6,0.0
mean,2025,42,37,ES1 6,0.0
mean,2025,42,38,ES1 6,0.0
mean,2025,42,39,ES1 6,0.0
mean,2025,42,40,ES1 6,0.0
mean,2025,42,41,ES1 6,0.0
mean,2025,42,42,ES1 6,0.0
mean,2025,42,43,ES1 6,0.0
mean,2025,42,44,ES1 6,0.0
mean,2025,42,45,ES1 6,0.0
mean,2025,42,46,ES1 6,0.0
mean,2025,42,47,ES1 6,0.0
mean,2025,42,48,ES1 6,0.0
mean,2025,42,49,ES1 6,0.0
mean,2025,42,50,ES1 6,0.0
mean,2025,42,51,ES1 6,0.0
mean,2025,42,52,ES1 6,0.0
mean,2025,42,53,ES1 6,0.0
mean,2025,42,54,ES1 6,0.0
mean,2025,42,55,ES1 6,0.0
mean,2025,42,56,ES1 6,0.0
mean,2025,42,57,ES1 6,0.0
mean,2025,42,58,ES1 6,0.0
mean,2025,42,59,ES1 6,0.0
mean,2025,42,60,ES1 6,0.0
mean,2025,42,61,ES1 6,0.0
mean,2025,42,62,ES1 6,0.0
mean,2025,42,63,ES1 6,0.0
mean,2025,42,64,ES1 6,-16.539124371379465
mean,2025,42,65,ES1 6,-16.8045350917363
mean,2025,42,66,ES1 6,-17.069956876635903
mean,2025,42,67,ES1 6,-17.335389726540416
mean,2025,42,68,ES1 6,-17.600833641912004
mean,2025,42,69,ES1 6,-17.86628862321058
mean,2025,42,70,ES1 6,-18.13175467089718
mean,2025,42,71,ES1 6,-18.397231785435075
mean,2025,42,72,ES1 6,-18.66271996728307
mean,2025,42,73,ES1 6,-18.928219216907785
mean,2025,42,74,ES1 6,-19.19372953476132
mean,2025,42,75,ES1 6,-19.45925092131365
mean,2025,42,76,ES1 6,-19.724783377023574
mean,2025,42,77,ES1 6,-19.990326902351008
mean,2025,42,78,ES1 6,-20.255881497758114
mean,2025,42,79,ES1 6,-20.52144716370704
mean,2025,42,80,ES1 6,-18.933701609694303
mean,2025,42,81,ES1 6,-16.8045350917363
mean,2025,42,82,ES1 6,0.0
mean,2025,42,83,ES1 6,0.0
mean,2025,42,84,ES1 6,0.0
mean,2025,42,85,ES1 6,0.0
mean,2025,42,86,ES1 6,-0.027516295005605644
mean,2025,42,87,ES1 6,-16.8045350917363
mean,2025,42,88,ES1 6,-20.52144716370704
mean,2025,42,89,ES1 6,-23.10594155511018
mean,2025,42,90,ES1 6,-23.10594155511018
mean,2025,42,91,ES1 6,-23.10594155511018
mean,2025,42,92,ES1 6,-23.10594155511018
mean,2025,42,93,ES1 6,-20.52144716370704
mean,2025,42,94,ES1 6,-18.933701609694303
mean,2025,42,95,ES1 6,-18.933701609694303
mean,2025,42,96,ES1 6,-16.8045350917363
mean,2025,42,97,ES1 6,-16.8045350917363
mean,2025,42,98,ES1 6,0.0
mean,2025,42,99,ES1 6,0.0
mean,2025,42,100,ES1 6,0.0
mean,2025,42,101,ES1 6,-16.8045350917363
mean,2025,42,102,ES1 6,-16.8045350917363
mean,2025,42,103,ES1 6,0.0
mean,2025,42,104,ES1 6,0.0
mean,2025,42,105,ES1 6,0.0
mean,2025,42,106,ES1 6,0.0
mean,2025,42,107,ES1 6,0.0
mean,2025,42,108,ES1 6,0.0
mean,2025,42,109,ES1 6,0.0
mean,2025,42,110,ES1 6,0.0
mean,2025,42,111,ES1 6,0.0
mean,2025,42,112,ES1 6,0.0
mean,2025,42,113,ES1 6,0.0
mean,2025,42,114,ES1 6,0.0
mean,2025,42,115,ES1 6,0.0
mean,2025,42,116,ES1 6,0.0
mean,2025,42,117,ES1 6,0.0
mean,2025,42,118,ES1 6,0.0
mean,2025,42,119,ES1 6,0.0
mean,2025,42,120,ES1 6,0.0
mean,2025,42,121,ES1 6,0.0
mean,2025,42,122,ES1 6,0.0
mean,2025,42,123,ES1 6,0.0
mean,2025,42,124,ES1 6,0.0
mean,2025,42,125,ES1 6,0.0
mean,2025,42,126,ES1 6,0.0
mean,2025,42,127,ES1 6,0.0
mean,2025,42,128,ES1 6,0.0
mean,2025,42,129,ES1 6,0.0
mean,2025,42,130,ES1 6,0.0
mean,2025,42,131,ES1 6,0.0
mean,2025,42,132,ES1 6,0.0
mean,2025,42,133,ES1 6,0.0
mean,2025,42,134,ES1 6,0.0
mean,2025,42,135,ES1 6,0.0
mean,2025,42,136,ES1 6,0.0
mean,2025,42,137,ES1 6,0.0
mean,2025,42,138,ES1 6,0.0
mean,2025,42,139,ES1 6,0.0
mean,2025,42,140,ES1 6,0.0
mean,2025,42,141,ES1 6,0.0
mean,2025,42,142,ES1 6,0.0
mean,2025,42,143,ES1 6,0.0
mean,2025,42,144,ES1 6,0.0
mean,2025,42,145,ES1 6,0.0
mean,2025,42,146,ES1 6,0.0
mean,2025,42,147,ES1 6,0.0
mean,2025,42,148,ES1 6,0.0
mean,2025,42,149,ES1 6,0.0
mean,2025,42,150,ES1 6,0.0
mean,2025,42,151,ES1 6,0.0
mean,2025,42,152,ES1 6,0.0
mean,2025,42,153,ES1 6,0.0
mean,2025,42,154,ES1 6,0.0
mean,2025,42,155,ES1 6,0.0
mean,2025,42,156,ES1 6,0.0
mean,2025,42,157,ES1 6,0.0
mean,2025,42,158,ES1 6,0.0
mean,2025,42,159,ES1 6,0.0
mean,2025,42,160,ES1 6,0.0
mean,2025,42,161,ES1 6,0.0
mean,2025,42,162,ES1 6,0.0
mean,2025,42,163,ES1 6,0.0
mean,2025,42,164,ES1 6,0.0
mean,2025,42,165,ES1 6,0.0
mean,2025,42,166,ES1 6,0.0
mean,2025,42,167,ES1 6,0.0
mean,2025,52,0,ES1 6,0.0
mean,2025,52,1,ES1 6,0.0
mean,2025,52,2,ES1 6,0.0
mean,2025,52,3,ES1 6,0.0
mean,2025,52,4,ES1 6,0.0
mean,2025,52,5,ES1 6,0.0
mean,2025,52,6,ES1 6,0.0
mean,2025,52,7,ES1 6,0.0
mean,2025,52,8,ES1 6,0.0
mean,2025,52,9,ES1 6,0.0
mean,2025,52,10,ES1 6,0.0
mean,2025,52,11,ES1 6,0.0
mean,2025,52,12,ES1 6,0.0
mean,2025,52,13,ES1 6,0.0
mean,2025,52,14,ES1 6,0.0
mean,2025,52,15,ES1 6,0.0
mean,2025,52,16,ES1 6,0.0
mean,2025,52,17,ES1 6,0.0
mean,2025,52,18,ES1 6,0.0
mean,2025,52,19,ES1 6,0.0
mean,2025,52,20,ES1 6,0.0
mean,2025,52,21,ES1 6,0.0
mean,2025,52,22,ES1 6,0.0
mean,2025,52,23,ES1 6,0.0
mean,2025,52,24,ES1 6,0.0
mean,2025,52,25,ES1 6,0.0
mean,2025,52,26,ES1 6,0.0
mean,2025,52,27,ES1 6,0.0
mean,2025,52,28,ES1 6,0.0
mean,2025,52,29,ES1 6,0.0
mean,2025,52,30,ES1 6,0.0
mean,2025,52,31,ES1 6,0.0
mean,2025,52,32,ES1 6,0.0
mean,2025,52,33,ES1 6,0.0
mean,2025,52,34,ES1 6,0.0
mean,2025,52,35,ES1 6,0.0
mean,2025,52,36,ES1 6,0.0
mean,2025,52,37,ES1 6,0.0
mean,2025,52,38,ES1 6,0.0
mean,2025,52,39,ES1 6,0.0
mean,2025,52,40,ES1 6,0.0
mean,2025,52,41,ES1 6,0.0
mean,2025,52,42,ES1 6,0.0
mean,2025,52,43,ES1 6,0.0
mean,2025,52,44,ES1 6,0.0
mean,2025,52,45,ES1 6,0.0
mean,2025,52,46,ES1 6,0.0
mean,2025,52,47,ES1 6,0.0
mean,2025,52,48,ES1 6,0.0
mean,2025,52,49,ES1 6,0.0
mean,2025,52,50,ES1 6,0.0
mean,2025,52,51,ES1 6,0.0
mean,2025,52,52,ES1 6,0.0
mean,2025,52,53,ES1 6,0.0
mean,2025,52,54,ES1 6,0.0
mean,2025,52,55,ES1 6,0.0
mean,2025,52,56,ES1 6,0.0
mean,2025,52,57,ES1 6,0.0
mean,2025,52,58,ES1 6,0.0
mean,2025,52,59,ES1 6,0.0
mean,2025,52,60,ES1 6,0.0
mean,2025,52,61,ES1 6,0.0
mean,2025,52,62,ES1 6,0.0
mean,2025,52,63,ES1 6,0.0
mean,2025,52,64,ES1 6,0.0
mean,2025,52,65,ES1 6,0.0
mean,2025,52,66,ES1 6,0.0
mean,2025,52,67,ES1 6,0.0
mean,2025,52,68,ES1 6,0.0
mean,2025,52,69,ES1 6,0.0
mean,2025,52,70,ES1 6,0.0
mean,2025,52,71,ES1 6,0.0
mean,2025,52,72,ES1 6,0.0
mean,2025,52,73,ES1 6,0.0
mean,2025,52,74,ES1 6,0.0
mean,2025,52,75,ES1 6,0.0
mean,2025,52,76,ES1 6,0.0
mean,2025,52,77,ES1 6,0.0
mean,2025,52,78,ES1 6,0.0
mean,2025,52,79,ES1 6,0.0
mean,2025,52,80,ES1 6,0.0
mean,2025,52,81,ES1 6,0.0
mean,2025,52,82,ES1 6,0.0
mean,2025,52,83,ES1 6,0.0
mean,2025,52,84,ES1 6,0.0
mean,2025,52,85,ES1 6,0.0
mean,2025,52,86,ES1 6,0.0
mean,2025,52,87,ES1 6,0.0
mean,2025,52,88,ES1 6,0.0
mean,2025,52,89,ES1 6,0.0
mean,2025,52,90,ES1 6,0.0
mean,2025,52,91,ES1 6,0.0
mean,2025,52,92,ES1 6,0.0
mean,2025,52,93,ES1 6,0.0
mean,2025,52,94,ES1 6,0.0
mean,2025,52,95,ES1 6,0.0
mean,2025,52,96,ES1 6,0.0
mean,2025,52,97,ES1 6,0.0
mean,2025,52,98,ES1 6,0.0
mean,2025,52,99,ES1 6,0.0
mean,2025,52,100,ES1 6,0.0
mean,2025,52,101,ES1 6,0.0
mean,2025,52,102,ES1 6,0.0
mean,2025,52,103,ES1 6,0.0
mean,2025,52,104,ES1 6,0.0
mean,2025,52,105,ES1 6,0.0
mean,2025,52,106,ES1 6,0.0
mean,2025,52,107,ES1 6,0.0
mean,2025,52,108,ES1 6,0.0
mean,2025,52,109,ES1 6,0.0
mean,2025,52,110,ES1 6,0.0
mean,2025,52,111,ES1 6,0.0
mean,2025,52,112,ES1 6,0.0
mean,2025,52,113,ES1 6,0.0
mean,2025,52,114,ES1 6,0.0
mean,2025,52,115,ES1 6,0.0
mean,2025,52,116,ES1 6,0.0
mean,2025,52,117,ES1 6,0.0
mean,2025,52,118,ES1 6,0.0
mean,2025,52,119,ES1 6,0.0
mean,2025,52,120,ES1 6,0.0
mean,2025,52,121,ES1 6,0.0
mean,2025,52,122,ES1 6,0.0
mean,2025,52,123,ES1 6,0.0
mean,2025,52,124,ES1 6,0.0
mean,2025,52,125,ES1 6,0.0
mean,2025,52,126,ES1 6,0.0
mean,2025,52,127,ES1 6,0.0
mean,2025,52,128,ES1 6,0.0
mean,2025,52,129,ES1 6,0.0
mean,2025,52,130,ES1 6,0.0
mean,2025,52,131,ES1 6,0.0
mean,2025,52,132,ES1 6,0.0
mean,2025,52,133,ES1 6,0.0
mean,2025,52,134,ES1 6,0.0
mean,2025,52,135,ES1 6,0.0
mean,2025,52,136,ES1 6,0.0
mean,2025,52,137,ES1 6,0.0
mean,2025,52,138,ES1 6,0.0
mean,2025,52,139,ES1 6,0.0
mean,2025,52,140,ES1 6,0.0
mean,2025,52,141,ES1 6,0.0
mean,2025,52,142,ES1 6,0.0
mean,2025,52,143,ES1 6,0.0
mean,2025,52,144,ES1 6,0.0
mean,2025,52,145,ES1 6,0.0
mean,2025,52,146,ES1 6,0.0
mean,2025,52,147,ES1 6,0.0
mean,2025,52,148,ES1 6,0.0
mean,2025,52,149,ES1 6,0.0
mean,2025,52,150,ES1 6,0.0
mean,2025,52,151,ES1 6,0.0
mean,2025,52,152,ES1 6,0.0
mean,2025,52,153,ES1 6,0.0
mean,2025,52,154,ES1 6,0.0
mean,2025,52,155,ES1 6,0.0
mean,2025,52,156,ES1 6,0.0
mean,2025,52,157,ES1 6,0.0
mean,2025,52,158,ES1 6,0.0
mean,2025,52,159,ES1 6,0.0
mean,2025,52,160,ES1 6,0.0
mean,2025,52,161,ES1 6,0.0
mean,2025,52,162,ES1 6,0.0
mean,2025,52,163,ES1 6,0.0
mean,2025,52,164,ES1 6,0.0
mean,2025,52,165,ES1 6,0.0
mean,2025,52,166,ES1 6,0.0
mean,2025,52,167,ES1 6,0.0
mean,2030,11,0,ES1 6,0.0
mean,2030,11,1,ES1 6,0.0
mean,2030,11,2,ES1 6,0.0
mean,2030,11,3,ES1 6,0.0
mean,2030,11,4,ES1 6,0.0
mean,2030,11,5,ES1 6,0.0
mean,2030,11,6,ES1 6,0.0
mean,2030,11,7,ES1 6,0.0
mean,2030,11,8,ES1 6,0.0
mean,2030,11,9,ES1 6,0.0
mean,2030,11,10,ES1 6,0.0
mean,2030,11,11,ES1 6,0.0
mean,2030,11,12,ES1 6,0.0
mean,2030,11,13,ES1 6,0.0
mean,2030,11,14,ES1 6,0.0
mean,2030,11,15,ES1 6,0.0
mean,2030,11,16,ES1 6,0.0
mean,2030,11,17,ES1 6,0.0
mean,2030,11,18,ES1 6,0.0
mean,2030,11,19,ES1 6,0.0
mean,2030,11,20,ES1 6,0.0
mean,2030,11,21,ES1 6,0.0
mean,2030,11,22,ES1 6,0.0
mean,2030,11,23,ES1 6,0.0
mean,2030,11,24,ES1 6,0.0
mean,2030,11,25,ES1 6,0.0
mean,2030,11,26,ES1 6,0.0
mean,2030,11,27,ES1 6,0.0
mean,2030,11,28,ES1 6,0.0
mean,2030,11,29,ES1 6,0.0
mean,2030,11,30,ES1 6,0.0
mean,2030,11,31,ES1 6,0.0
mean,2030,11,32,ES1 6,0.0
mean,2030,11,33,ES1 6,0.0
mean,2030,11,34,ES1 6,0.0
mean,2030,11,35,ES1 6,0.0
mean,2030,11,36,ES1 6,0.0
mean,2030,11,37,ES1 6,0.0
mean,2030,11,38,ES1 6,0.0
mean,2030,11,39,ES1 6,0.0
mean,2030,11,40,ES1 6,0.0
mean,2030,11,41,ES1 6,0.0
mean,2030,11,42,ES1 6,0.0
mean,2030,11,43,ES1 6,0.0
mean,2030,11,44,ES1 6,0.0
mean,2030,11,45,ES1 6,0.0
mean,2030,11,46,ES1 6,0.0
mean,2030,11,47,ES1 6,0.0
mean,2030,11,48,ES1 6,0.0
mean,2030,11,49,ES1 6,0.0
mean,2030,11,50,ES1 6,0.0
mean,2030,11,51,ES1 6,0.0
mean,2030,11,52,ES1 6,0.0
mean,2030,11,53,ES1 6,0.0
mean,2030,11,54,ES1 6,0.0
mean,2030,11,55,ES1 6,0.0
mean,2030,11,56,ES1 6,0.0
mean,2030,11,57,ES1 6,0.0
mean,2030,11,58,ES1 6,0.0
mean,2030,11,59,ES1 6,0.0
mean,2030,11,60,ES1 6,0.0
mean,2030,11,61,ES1 6,0.0
mean,2030,11,62,ES1 6,0.0
mean,2030,11,63,ES1 6,0.0
mean,2030,11,64,ES1 6,0.0
mean,2030,11,65,ES1 6,0.0
mean,2030,11,66,ES1 6,0.0
mean,2030,11,67,ES1 6,0.0
mean,2030,11,68,ES1 6,0.0
mean,2030,11,69,ES1 6,0.0
mean,2030,11,70,ES1 6,0.0
mean,2030,11,71,ES1 6,0.0
mean,2030,11,72,ES1 6,0.0
mean,2030,11,73,ES1 6,0.0
mean,2030,11,74,ES1 6,0.0
mean,2030,11,75,ES1 6,0.0
mean,2030,11,76,ES1 6,0.0
mean,2030,11,77,ES1 6,0.0
mean,2030,11,78,ES1 6,0.0
mean,2030,11,79,ES1 6,0.0
mean,2030,11,80,ES1 6,0.0
mean,2030,11,81,ES1 6,0.0
mean,2030,11,82,ES1 6,0.0
mean,2030,11,83,ES1 6,0.0
mean,2030,11,84,ES1 6,0.0
mean,2030,11,85,ES1 6,0.0
mean,2030,11,86,ES1 6,0.0
mean,2030,11,87,ES1 6,0.0
mean,2030,11,88,ES1 6,0.0
mean,2030,11,89,ES1 6,0.0
mean,2030,11,90,ES1 6,0.0
mean,2030,11,91,ES1 6,0.0
mean,2030,11,92,ES1 6,0.0
mean,2030,11,93,ES1 6,0.0
mean,2030,11,94,ES1 6,0.0
mean,2030,11,95,ES1 6,0.0
mean,2030,11,96,ES1 6,0.0
mean,2030,11,97,ES1 6,0.0
mean,2030,11,98,ES1 6,0.0
mean,2030,11,99,ES1 6,0.0
mean,2030,11,100,ES1 6,0.0
mean,2030,11,101,ES1 6,0.0
mean,2030,11,102,ES1 6,0.0
mean,2030,11,103,ES1 6,0.0
mean,2030,11,104,ES1 6,0.0
mean,2030,11,105,ES1 6,0.0
mean,2030,11,106,ES1 6,0.0
mean,2030,11,107,ES1 6,0.0
mean,2030,11,108,ES1 6,0.0
mean,2030,11,109,ES1 6,0.0
mean,2030,11,110,ES1 6,0.0
mean,2030,11,111,ES1 6,0.0
mean,2030,11,112,ES1 6,0.0
mean,2030,11,113,ES1 6,0.0
mean,2030,11,114,ES1 6,0.0
mean,2030,11,115,ES1 6,0.0
mean,2030,11,116,ES1 6,0.0
mean,2030,11,117,ES1 6,0.0
mean,2030,11,118,ES1 6,0.0
mean,2030,11,119,ES1 6,0.0
mean,2030,11,120,ES1 6,0.0
mean,2030,11,121,ES1 6,0.0
mean,2030,11,122,ES1 6,0.0
mean,2030,11,123,ES1 6,0.0
mean,2030,11,124,ES1 6,0.0
mean,2030,11,125,ES1 6,0.0
mean,2030,11,126,ES1 6,0.0
mean,2030,11,127,ES1 6,0.0
mean,2030,11,128,ES1 6,0.0
mean,2030,11,129,ES1 6,0.0
mean,2030,11,130,ES1 6,0.0
mean,2030,11,131,ES1 6,0.0
mean,2030,11,132,ES1 6,0.0
mean,2030,11,133,ES1 6,0.0
mean,2030,11,134,ES1 6,0.0
mean,2030,11,135,ES1 6,0.0
mean,2030,11,136,ES1 6,0.0
mean,2030,11,137,ES1 6,0.0
mean,2030,11,138,ES1 6,0.0
mean,2030,11,139,ES1 6,0.0
mean,2030,11,140,ES1 6,0.0
mean,2030,11,141,ES1 6,0.0
mean,2030,11,142,ES1 6,0.0
mean,2030,11,143,ES1 6,0.0
mean,2030,11,144,ES1 6,0.0
mean,2030,11,145,ES1 6,0.0
mean,2030,11,146,ES1 6,0.0
mean,2030,11,147,ES1 6,0.0
mean,2030,11,148,ES1 6,0.0
mean,2030,11,149,ES1 6,0.0
mean,2030,11,150,ES1 6,0.0
mean,2030,11,151,ES1 6,0.0
mean,2030,11,152,ES1 6,0.0
mean,2030,11,153,ES1 6,0.0
mean,2030,11,154,ES1 6,0.0
mean,2030,11,155,ES1 6,0.0
mean,2030,11,156,ES1 6,0.0
mean,2030,11,157,ES1 6,0.0
mean,2030,11,158,ES1 6,0.0
mean,2030,11,159,ES1 6,0.0
mean,2030,11,160,ES1 6,0.0
mean,2030,11,161,ES1 6,0.0
mean,2030,11,162,ES1 6,0.0
mean,2030,11,163,ES1 6,0.0
mean,2030,11,164,ES1 6,0.0
mean,2030,11,165,ES1 6,0.0
mean,2030,11,166,ES1 6,0.0
mean,2030,11,167,ES1 6,0.0
mean,2030,21,0,ES1 6,0.0
mean,2030,21,1,ES1 6,0.0
mean,2030,21,2,ES1 6,0.0
mean,2030,21,3,ES1 6,0.0
mean,2030,21,4,ES1 6,0.0
mean,2030,21,5,ES1 6,0.0
mean,2030,21,6,ES1 6,0.0
mean,2030,21,7,ES1 6,0.0
mean,2030,21,8,ES1 6,0.0
mean,2030,21,9,ES1 6,0.0
mean,2030,21,10,ES1 6,0.0
mean,2030,21,11,ES1 6,0.0
mean,2030,21,12,ES1 6,0.0
mean,2030,21,13,ES1 6,0.0
mean,2030,21,14,ES1 6,0.0
mean,2030,21,15,ES1 6,0.0
mean,2030,21,16,ES1 6,0.0
mean,2030,21,17,ES1 6,0.0
mean,2030,21,18,ES1 6,0.0
mean,2030,21,19,ES1 6,0.0
mean,2030,21,20,ES1 6,0.0
mean,2030,21,21,ES1 6,0.0
mean,2030,21,22,ES1 6,0.0
mean,2030,21,23,ES1 6,0.0
mean,2030,21,24,ES1 6,0.0
mean,2030,21,25,ES1 6,0.0
mean,2030,21,26,ES1 6,0.0
mean,2030,21,27,ES1 6,0.0
mean,2030,21,28,ES1 6,0.0
mean,2030,21,29,ES1 6,0.0
mean,2030,21,30,ES1 6,0.0
mean,2030,21,31,ES1 6,0.0
mean,2030,21,32,ES1 6,0.0
mean,2030,21,33,ES1 6,0.0
mean,2030,21,34,ES1 6,0.0
mean,2030,21,35,ES1 6,0.0
mean,2030,21,36,ES1 6,0.0
mean,2030,21,37,ES1 6,0.0
mean,2030,21,38,ES1 6,0.0
mean,2030,21,39,ES1 6,0.0
mean,2030,21,40,ES1 6,0.0
mean,2030,21,41,ES1 6,0.0
mean,2030,21,42,ES1 6,0.0
mean,2030,21,43,ES1 6,0.0
mean,2030,21,44,ES1 6,0.0
mean,2030,21,45,ES1 6,0.0
mean,2030,21,46,ES1 6,0.0
mean,2030,21,47,ES1 6,0.0
mean,2030,21,48,ES1 6,0.0
mean,2030,21,49,ES1 6,0.0
mean,2030,21,50,ES1 6,0.0
mean,2030,21,51,ES1 6,0.0
mean,2030,21,52,ES1 6,0.0
mean,2030,21,53,ES1 6,0.0
mean,2030,21,54,ES1 6,0.0
mean,2030,21,55,ES1 6,0.0
mean,2030,21,56,ES1 6,0.0
mean,2030,21,57,ES1 6,0.0
mean,2030,21,58,ES1 6,0.0
mean,2030,21,59,ES1 6,0.0
mean,2030,21,60,ES1 6,0.0
mean,2030,21,61,ES1 6,0.0
mean,2030,21,62,ES1 6,0.0
mean,2030,21,63,ES1 6,0.0
mean,2030,21,64,ES1 6,0.0
mean,2030,21,65,ES1 6,0.0
mean,2030,21,66,ES1 6,0.0
mean,2030,21,67,ES1 6,0.0
mean,2030,21,68,ES1 6,0.0
mean,2030,21,69,ES1 6,0.0
mean,2030,21,70,ES1 6,0.0
mean,2030,21,71,ES1 6,0.0
mean,2030,21,72,ES1 6,0.0
mean,2030,21,73,ES1 6,0.0
mean,2030,21,74,ES1 6,0.0
mean,2030,21,75,ES1 6,0.0
mean,2030,21,76,ES1 6,0.0
mean,2030,21,77,ES1 6,0.0
mean,2030,21,78,ES1 6,0.0
mean,2030,21,79,ES1 6,0.0
mean,2030,21,80,ES1 6,0.0
mean,2030,21,81,ES1 6,0.0
mean,2030,21,82,ES1 6,0.0
mean,2030,21,83,ES1 6,0.0
mean,2030,21,84,ES1 6,0.0
mean,2030,21,85,ES1 6,0.0
mean,2030,21,86,ES1 6,0.0
mean,2030,21,87,ES1 6,0.0
mean,2030,21,88,ES1 6,0.0
mean,2030,21,89,ES1 6,0.0
mean,2030,21,90,ES1 6,0.0
mean,2030,21,91,ES1 6,0.0
mean,2030,21,92,ES1 6,0.0
mean,2030,21,93,ES1 6,0.0
mean,2030,21,94,ES1 6,0.0
mean,2030,21,95,ES1 6,0.0
mean,2030,21,96,ES1 6,0.0
mean,2030,21,97,ES1 6,0.0
mean,2030,21,98,ES1 6,0.0
mean,2030,21,99,ES1 6,0.0
mean,2030,21,100,ES1 6,0.0
mean,2030,21,101,ES1 6,0.0
mean,2030,21,102,ES1 6,0.0
mean,2030,21,103,ES1 6,0.0
mean,2030,21,104,ES1 6,0.0
mean,2030,21,105,ES1 6,0.0
mean,2030,21,106,ES1 6,0.0
mean,2030,21,107,ES1 6,0.0
mean,2030,21,108,ES1 6,0.0
mean,2030,21,109,ES1 6,0.0
mean,2030,21,110,ES1 6,0.0
mean,2030,21,111,ES1 6,0.0
mean,2030,21,112,ES1 6,0.0
mean,2030,21,113,ES1 6,0.0
mean,2030,21,114,ES1 6,0.0
mean,2030,21,115,ES1 6,0.0
mean,2030,21,116,ES1 6,0.0
mean,2030,21,117,ES1 6,0.0
mean,2030,21,118,ES1 6,0.0
mean,2030,21,119,ES1 6,0.0
mean,2030,21,120,ES1 6,0.0
mean,2030,21,121,ES1 6,0.0
mean,2030,21,122,ES1 6,0.0
mean,2030,21,123,ES1 6,0.0
mean,2030,21,124,ES1 6,0.0
mean,2030,21,125,ES1 6,0.0
mean,2030,21,126,ES1 6,0.0
mean,2030,21,127,ES1 6,0.0
mean,2030,21,128,ES1 6,0.0
mean,2030,21,129,ES1 6,0.0
mean,2030,21,130,ES1 6,0.0
mean,2030,21,131,ES1 6,0.0
mean,2030,21,132,ES1 6,0.0
mean,2030,21,133,ES1 6,0.0
mean,2030,21,134,ES1 6,0.0
mean,2030,21,135,ES1 6,0.0
mean,2030,21,136,ES1 6,0.0
mean,2030,21,137,ES1 6,0.0
mean,2030,21,138,ES1 6,0.0
mean,2030,21,139,ES1 6,0.0
mean,2030,21,140,ES1 6,0.0
mean,2030,21,141,ES1 6,0.0
mean,2030,21,142,ES1 6,0.0
mean,2030,21,143,ES1 6,0.0
mean,2030,21,144,ES1 6,0.0
mean,2030,21,145,ES1 6,0.0
mean,2030,21,146,ES1 6,0.0
mean,2030,21,147,ES1 6,0.0
mean,2030,21,148,ES1 6,0.0
mean,2030,21,149,ES1 6,0.0
mean,2030,21,150,ES1 6,0.0
mean,2030,21,151,ES1 6,0.0
mean,2030,21,152,ES1 6,0.0
mean,2030,21,153,ES1 6,0.0
mean,2030,21,154,ES1 6,0.0
mean,2030,21,155,ES1 6,0.0
mean,2030,21,156,ES1 6,0.0
mean,2030,21,157,ES1 6,0.0
mean,2030,21,158,ES1 6,0.0
mean,2030,21,159,ES1 6,0.0
mean,2030,21,160,ES1 6,0.0
mean,2030,21,161,ES1 6,0.0
mean,2030,21,162,ES1 6,0.0
mean,2030,21,163,ES1 6,0.0
mean,2030,21,164,ES1 6,0.0
mean,2030,21,165,ES1 6,0.0
mean,2030,21,166,ES1 6,0.0
mean,2030,21,167,ES1 6,0.0
mean,2030,42,0,ES1 6,0.0
mean,2030,42,1,ES1 6,0.0
mean,2030,42,2,ES1 6,0.0
mean,2030,42,3,ES1 6,0.0
mean,2030,42,4,ES1 6,0.0
mean,2030,42,5,ES1 6,0.0
mean,2030,42,6,ES1 6,0.0
mean,2030,42,7,ES1 6,0.0
mean,2030,42,8,ES1 6,0.0
mean,2030,42,9,ES1 6,0.0
mean,2030,42,10,ES1 6,0.0
mean,2030,42,11,ES1 6,0.0
mean,2030,42,12,ES1 6,0.0
mean,2030,42,13,ES1 6,0.0
mean,2030,42,14,ES1 6,0.0
mean,2030,42,15,ES1 6,0.0
mean,2030,42,16,ES1 6,0.0
mean,2030,42,17,ES1 6,0.0
mean,2030,42,18,ES1 6,0.0
mean,2030,42,19,ES1 6,0.0
mean,2030,42,20,ES1 6,0.0
mean,2030,42,21,ES1 6,0.0
mean,2030,42,22,ES1 6,0.0
mean,2030,42,23,ES1 6,0.0
mean,2030,42,24,ES1 6,0.0
mean,2030,42,25,ES1 6,0.0
mean,2030,42,26,ES1 6,0.0
mean,2030,42,27,ES1 6,0.0
mean,2030,42,28,ES1 6,0.0
mean,2030,42,29,ES1 6,0.0
mean,2030,42,30,ES1 6,0.0
mean,2030,42,31,ES1 6,0.0
mean,2030,42,32,ES1 6,0.0
mean,2030,42,33,ES1 6,0.0
mean,2030,42,34,ES1 6,0.0
mean,2030,42,35,ES1 6,0.0
mean,2030,42,36,ES1 6,0.0
mean,2030,42,37,ES1 6,0.0
mean,2030,42,38,ES1 6,0.0
mean,2030,42,39,ES1 6,0.0
mean,2030,42,40,ES1 6,0.0
mean,2030,42,41,ES1 6,0.0
mean,2030,42,42,ES1 6,0.0
mean,2030,42,43,ES1 6,0.0
mean,2030,42,44,ES1 6,0.0
mean,2030,42,45,ES1 6,0.0
mean,2030,42,46,ES1 6,0.0
mean,2030,42,47,ES1 6,0.0
mean,2030,42,48,ES1 6,0.0
mean,2030,42,49,ES1 6,0.0
mean,2030,42,50,ES1 6,0.0
mean,2030,42,51,ES1 6,0.0
mean,2030,42,52,ES1 6,0.0
mean,2030,42,53,ES1 6,0.0
mean,2030,42,54,ES1 6,0.0
mean,2030,42,55,ES1 6,0.0
mean,2030,42,56,ES1 6,0.0
mean,2030,42,57,ES1 6,0.0
mean,2030,42,58,ES1 6,0.0
mean,2030,42,59,ES1 6,0.0
mean,2030,42,60,ES1 6,0.0
mean,2030,42,61,ES1 6,0.0
mean,2030,42,62,ES1 6,0.0
mean,2030,42,63,ES1 6,0.0
mean,2030,42,64,ES1 6,0.0
mean,2030,42,65,ES1 6,0.0
mean,2030,42,66,ES1 6,0.0
mean,2030,42,67,ES1 6,0.0
mean,2030,42,68,ES1 6,0.0
mean,2030,42,69,ES1 6,0.0
mean,2030,42,70,ES1 6,0.0
mean,2030,42,71,ES1 6,0.0
mean,2030,42,72,ES1 6,0.0
mean,2030,42,73,ES1 6,0.0
mean,2030,42,74,ES1 6,0.0
mean,2030,42,75,ES1 6,0.0
mean,2030,42,76,ES1 6,0.0
mean,2030,42,77,ES1 6,0.0
mean,2030,42,78,ES1 6,0.0
mean,2030,42,79,ES1 6,0.0
mean,2030,42,80,ES1 6,0.0
mean,2030,42,81,ES1 6,0.0
mean,2030,42,82,ES1 6,0.0
mean,2030,42,83,ES1 6,0.0
mean,2030,42,84,ES1 6,0.0
mean,2030,42,85,ES1 6,0.0
mean,2030,42,86,ES1 6,0.0
mean,2030,42,87,ES1 6,0.0
mean,2030,42,88,ES1 6,0.0
mean,2030,42,89,ES1 6,0.0
mean,2030,42,90,ES1 6,0.0
mean,2030,42,91,ES1 6,0.0
mean,2030,42,92,ES1 6,0.0
mean,2030,42,93,ES1 6,0.0
mean,2030,42,94,ES1 6,0.0
mean,2030,42,95,ES1 6,0.0
mean,2030,42,96,ES1 6,0.0
mean,2030,42,97,ES1 6,0.0
mean,2030,42,98,ES1 6,0.0
mean,2030,42,99,ES1 6,0.0
mean,2030,42,100,ES1 6,0.0
mean,2030,42,101,ES1 6,0.0
mean,2030,42,102,ES1 6,0.0
mean,2030,42,103,ES1 6,0.0
mean,2030,42,104,ES1 6,0.0
mean,2030,42,105,ES1 6,0.0
mean,2030,42,106,ES1 6,0.0
mean,2030,42,107,ES1 6,0.0
mean,2030,42,108,ES1 6,0.0
mean,2030,42,109,ES1 6,0.0
mean,2030,42,110,ES1 6,0.0
mean,2030,42,111,ES1 6,0.0
mean,2030,42,112,ES1 6,0.0
mean,2030,42,113,ES1 6,0.0
mean,2030,42,114,ES1 6,0.0
mean,2030,42,115,ES1 6,0.0
mean,2030,42,116,ES1 6,0.0
mean,2030,42,117,ES1 6,0.0
mean,2030,42,118,ES1 6,0.0
mean,2030,42,119,ES1 6,0.0
mean,2030,42,120,ES1 6,0.0
mean,2030,42,121,ES1 6,0.0
mean,2030,42,122,ES1 6,0.0
mean,2030,42,123,ES1 6,0.0
mean,2030,42,124,ES1 6,0.0
mean,2030,42,125,ES1 6,0.0
mean,2030,42,126,ES1 6,0.0
mean,2030,42,127,ES1 6,0.0
mean,2030,42,128,ES1 6,0.0
mean,2030,42,129,ES1 6,0.0
mean,2030,42,130,ES1 6,0.0
mean,2030,42,131,ES1 6,0.0
mean,2030,42,132,ES1 6,0.0
mean,2030,42,133,ES1 6,0.0
mean,2030,42,134,ES1 6,0.0
mean,2030,42,135,ES1 6,0.0
mean,2030,42,136,ES1 6,0.0
mean,2030,42,137,ES1 6,0.0
mean,2030,42,138,ES1 6,0.0
mean,2030,42,139,ES1 6,0.0
mean,2030,42,140,ES1 6,0.0
mean,2030,42,141,ES1 6,0.0
mean,2030,42,142,ES1 6,0.0
mean,2030,42,143,ES1 6,0.0
mean,2030,42,144,ES1 6,0.0
mean,2030,42,145,ES1 6,0.0
mean,2030,42,146,ES1 6,0.0
mean,2030,42,147,ES1 6,0.0
mean,2030,42,148,ES1 6,0.0
mean,2030,42,149,ES1 6,0.0
mean,2030,42,150,ES1 6,0.0
mean,2030,42,151,ES1 6,0.0
mean,2030,42,152,ES1 6,0.0
mean,2030,42,153,ES1 6,0.0
mean,2030,42,154,ES1 6,0.0
mean,2030,42,155,ES1 6,0.0
mean,2030,42,156,ES1 6,0.0
mean,2030,42,157,ES1 6,0.0
mean,2030,42,158,ES1 6,0.0
mean,2030,42,159,ES1 6,0.0
mean,2030,42,160,ES1 6,0.0
mean,2030,42,161,ES1 6,0.0
mean,2030,42,162,ES1 6,0.0
mean,2030,42,163,ES1 6,0.0
mean,2030,42,164,ES1 6,0.0
mean,2030,42,165,ES1 6,0.0
mean,2030,42,166,ES1 6,0.0
mean,2030,42,167,ES1 6,0.0
mean,2030,52,0,ES1 6,0.0
mean,2030,52,1,ES1 6,0.0
mean,2030,52,2,ES1 6,0.0
mean,2030,52,3,ES1 6,0.0
mean,2030,52,4,ES1 6,0.0
mean,2030,52,5,ES1 6,0.0
mean,2030,52,6,ES1 6,0.0
mean,2030,52,7,ES1 6,0.0
mean,2030,52,8,ES1 6,0.0
mean,2030,52,9,ES1 6,0.0
mean,2030,52,10,ES1 6,0.0
mean,2030,52,11,ES1 6,0.0
mean,2030,52,12,ES1 6,0.0
mean,2030,52,13,ES1 6,0.0
mean,2030,52,14,ES1 6,0.0
mean,2030,52,15,ES1 6,0.0
mean,2030,52,16,ES1 6,0.0
mean,2030,52,17,ES1 6,0.0
mean,2030,52,18,ES1 6,0.0
mean,2030,52,19,ES1 6,0.0
mean,2030,52,20,ES1 6,0.0
mean,2030,52,21,ES1 6,0.0
mean,2030,52,22,ES1 6,0.0
mean,2030,52,23,ES1 6,0.0
mean,2030,52,24,ES1 6,0.0
mean,2030,52,25,ES1 6,0.0
mean,2030,52,26,ES1 6,0.0
mean,2030,52,27,ES1 6,0.0
mean,2030,52,28,ES1 6,0.0
mean,2030,52,29,ES1 6,0.0
mean,2030,52,30,ES1 6,0.0
mean,2030,52,31,ES1 6,0.0
mean,2030,52,32,ES1 6,0.0
mean,2030,52,33,ES1 6,0.0
mean,2030,52,34,ES1 6,0.0
mean,2030,52,35,ES1 6,0.0
mean,2030,52,36,ES1 6,0.0
mean,2030,52,37,ES1 6,0.0
mean,2030,52,38,ES1 6,0.0
mean,2030,52,39,ES1 6,0.0
mean,2030,52,40,ES1 6,0.0
mean,2030,52,41,ES1 6,0.0
mean,2030,52,42,ES1 6,0.0
mean,2030,52,43,ES1 6,0.0
mean,2030,52,44,ES1 6,0.0
mean,2030,52,45,ES1 6,0.0
mean,2030,52,46,ES1 6,0.0
mean,2030,52,47,ES1 6,0.0
mean,2030,52,48,ES1 6,0.0
mean,2030,52,49,ES1 6,0.0
mean,2030,52,50,ES1 6,0.0
mean,2030,52,51,ES1 6,0.0
mean,2030,52,52,ES1 6,0.0
mean,2030,52,53,ES1 6,0.0
mean,2030,52,54,ES1 6,0.0
mean,2030,52,55,ES1 6,0.0
mean,2030,52,56,ES1 6,0.0
mean,2030,52,57,ES1 6,0.0
mean,2030,52,58,ES1 6,0.0
mean,2030,52,59,ES1 6,0.0
mean,2030,52,60,ES1 6,0.0
mean,2030,52,61,ES1 6,0.0
mean,2030,52,62,ES1 6,0.0
mean,2030,52,63,ES1 6,0.0
mean,2030,52,64,ES1 6,0.0
mean,2030,52,65,ES1 6,0.0
mean,2030,52,66,ES1 6,0.0
mean,2030,52,67,ES1 6,0.0
mean,2030,52,68,ES1 6,0.0
mean,2030,52,69,ES1 6,0.0
mean,2030,52,70,ES1 6,0.0
mean,2030,52,71,ES1 6,0.0
mean,2030,52,72,ES1 6,0.0
mean,2030,52,73,ES1 6,0.0
mean,2030,52,74,ES1 6,0.0
mean,2030,52,75,ES1 6,0.0
mean,2030,52,76,ES1 6,0.0
mean,2030,52,77,ES1 6,0.0
mean,2030,52,78,ES1 6,0.0
mean,2030,52,79,ES1 6,0.0
mean,2030,52,80,ES1 6,0.0
mean,2030,52,81,ES1 6,0.0
mean,2030,52,82,ES1 6,0.0
mean,2030,52,83,ES1 6,0.0
mean,2030,52,84,ES1 6,0.0
mean,2030,52,85,ES1 6,0.0
mean,2030,52,86,ES1 6,0.0
mean,2030,52,87,ES1 6,0.0
mean,2030,52,88,ES1 6,0.0
mean,2030,52,89,ES1 6,0.0
mean,2030,52,90,ES1 6,0.0
mean,2030,52,91,ES1 6,0.0
mean,2030,52,92,ES1 6,0.0
mean,2030,52,93,ES1 6,0.0
mean,2030,52,94,ES1 6,0.0
mean,2030,52,95,ES1 6,0.0
mean,2030,52,96,ES1 6,0.0
mean,2030,52,97,ES1 6,0.0
mean,2030,52,98,ES1 6,0.0
mean,2030,52,99,ES1 6,0.0
mean,2030,52,100,ES1 6,0.0
mean,2030,52,101,ES1 6,0.0
mean,2030,52,102,ES1 6,0.0
mean,2030,52,103,ES1 6,0.0
mean,2030,52,104,ES1 6,0.0
mean,2030,52,105,ES1 6,0.0
mean,2030,52,106,ES1 6,0.0
mean,2030,52,107,ES1 6,0.0
mean,2030,52,108,ES1 6,0.0
mean,2030,52,109,ES1 6,0.0
mean,2030,52,110,ES1 6,0.0
mean,2030,52,111,ES1 6,0.0
mean,2030,52,112,ES1 6,0.0
mean,2030,52,113,ES1 6,0.0
mean,2030,52,114,ES1 6,0.0
mean,2030,52,115,ES1 6,0.0
mean,2030,52,116,ES1 6,0.0
mean,2030,52,117,ES1 6,0.0
mean,2030,52,118,ES1 6,0.0
mean,2030,52,119,ES1 6,0.0
mean,2030,52,120,ES1 6,0.0
mean,2030,52,121,ES1 6,0.0
mean,2030,52,122,ES1 6,0.0
mean,2030,52,123,ES1 6,0.0
mean,2030,52,124,ES1 6,0.0
mean,2030,52,125,ES1 6,0.0
mean,2030,52,126,ES1 6,0.0
mean,2030,52,127,ES1 6,0.0
mean,2030,52,128,ES1 6,0.0
mean,2030,52,129,ES1 6,0.0
mean,2030,52,130,ES1 6,0.0
mean,2030,52,131,ES1 6,0.0
mean,2030,52,132,ES1 6,0.0
mean,2030,52,133,ES1 6,0.0
mean,2030,52,134,ES1 6,0.0
mean,2030,52,135,ES1 6,0.0
mean,2030,52,136,ES1 6,0.0
mean,2030,52,137,ES1 6,0.0
mean,2030,52,138,ES1 6,0.0
mean,2030,52,139,ES1 6,0.0
mean,2030,52,140,ES1 6,0.0
mean,2030,52,141,ES1 6,0.0
mean,2030,52,142,ES1 6,0.0
mean,2030,52,143,ES1 6,0.0
mean,2030,52,144,ES1 6,0.0
mean,2030,52,145,ES1 6,0.0
mean,2030,52,146,ES1 6,0.0
mean,2030,52,147,ES1 6,0.0
mean,2030,52,148,ES1 6,0.0
mean,2030,52,149,ES1 6,0.0
mean,2030,52,150,ES1 6,0.0
mean,2030,52,151,ES1 6,0.0
mean,2030,52,152,ES1 6,0.0
mean,2030,52,153,ES1 6,0.0
mean,2030,52,154,ES1 6,0.0
mean,2030,52,155,ES1 6,0.0
mean,2030,52,156,ES1 6,0.0
mean,2030,52,157,ES1 6,0.0
mean,2030,52,158,ES1 6,0.0
mean,2030,52,159,ES1 6,0.0
mean,2030,52,160,ES1 6,0.0
mean,2030,52,161,ES1 6,0.0
mean,2030,52,162,ES1 6,0.0
mean,2030,52,163,ES1 6,0.0
mean,2030,52,164,ES1 6,0.0
mean,2030,52,165,ES1 6,0.0
mean,2030,52,166,ES1 6,0.0
mean,2030,52,167,ES1 6,0.0
mean,2040,11,0,ES1 6,0.0
mean,2040,11,1,ES1 6,0.0
mean,2040,11,2,ES1 6,0.0
mean,2040,11,3,ES1 6,0.0
mean,2040,11,4,ES1 6,0.0
mean,2040,11,5,ES1 6,0.0
mean,2040,11,6,ES1 6,0.0
mean,2040,11,7,ES1 6,0.0
mean,2040,11,8,ES1 6,0.0
mean,2040,11,9,ES1 6,0.0
mean,2040,11,10,ES1 6,0.0
mean,2040,11,11,ES1 6,0.0
mean,2040,11,12,ES1 6,0.0
mean,2040,11,13,ES1 6,0.0
mean,2040,11,14,ES1 6,0.0
mean,2040,11,15,ES1 6,0.0
mean,2040,11,16,ES1 6,0.0
mean,2040,11,17,ES1 6,0.0
mean,2040,11,18,ES1 6,0.0
mean,2040,11,19,ES1 6,0.0
mean,2040,11,20,ES1 6,0.0
mean,2040,11,21,ES1 6,0.0
mean,2040,11,22,ES1 6,0.0
mean,2040,11,23,ES1 6,0.0
mean,2040,11,24,ES1 6,0.0
mean,2040,11,25,ES1 6,0.0
mean,2040,11,26,ES1 6,0.0
mean,2040,11,27,ES1 6,0.0
mean,2040,11,28,ES1 6,0.0
mean,2040,11,29,ES1 6,0.0
mean,2040,11,30,ES1 6,0.0
mean,2040,11,31,ES1 6,0.0
mean,2040,11,32,ES1 6,0.0
mean,2040,11,33,ES1 6,0.0
mean,2040,11,34,ES1 6,0.0
mean,2040,11,35,ES1 6,0.0
mean,2040,11,36,ES1 6,0.0
mean,2040,11,37,ES1 6,0.0
mean,2040,11,38,ES1 6,0.0
mean,2040,11,39,ES1 6,0.0
mean,2040,11,40,ES1 6,0.0
mean,2040,11,41,ES1 6,0.0
mean,2040,11,42,ES1 6,0.0
mean,2040,11,43,ES1 6,0.0
mean,2040,11,44,ES1 6,0.0
mean,2040,11,45,ES1 6,0.0
mean,2040,11,46,ES1 6,0.0
mean,2040,11,47,ES1 6,0.0
mean,2040,11,48,ES1 6,0.0
mean,2040,11,49,ES1 6,0.0
mean,2040,11,50,ES1 6,0.0
mean,2040,11,51,ES1 6,0.0
mean,2040,11,52,ES1 6,0.0
mean,2040,11,53,ES1 6,0.0
mean,2040,11,54,ES1 6,0.0
mean,2040,11,55,ES1 6,0.0
mean,2040,11,56,ES1 6,0.0
mean,2040,11,57,ES1 6,0.0
mean,2040,11,58,ES1 6,0.0
mean,2040,11,59,ES1 6,0.0
mean,2040,11,60,ES1 6,0.0
mean,2040,11,61,ES1 6,0.0
mean,2040,11,62,ES1 6,0.0
mean,2040,11,63,ES1 6,0.0
mean,2040,11,64,ES1 6,0.0
mean,2040,11,65,ES1 6,0.0
mean,2040,11,66,ES1 6,0.0
mean,2040,11,67,ES1 6,0.0
mean,2040,11,68,ES1 6,0.0
mean,2040,11,69,ES1 6,0.0
mean,2040,11,70,ES1 6,0.0
mean,2040,11,71,ES1 6,0.0
mean,2040,11,72,ES1 6,0.0
mean,2040,11,73,ES1 6,0.0
mean,2040,11,74,ES1 6,0.0
mean,2040,11,75,ES1 6,0.0
mean,2040,11,76,ES1 6,0.0
mean,2040,11,77,ES1 6,0.0
mean,2040,11,78,ES1 6,0.0
mean,2040,11,79,ES1 6,0.0
mean,2040,11,80,ES1 6,0.0
mean,2040,11,81,ES1 6,0.0
mean,2040,11,82,ES1 6,0.0
mean,2040,11,83,ES1 6,0.0
mean,2040,11,84,ES1 6,0.0
mean,2040,11,85,ES1 6,0.0
mean,2040,11,86,ES1 6,0.0
mean,2040,11,87,ES1 6,0.0
mean,2040,11,88,ES1 6,0.0
mean,2040,11,89,ES1 6,0.0
mean,2040,11,90,ES1 6,0.0
mean,2040,11,91,ES1 6,0.0
mean,2040,11,92,ES1 6,0.0
mean,2040,11,93,ES1 6,0.0
mean,2040,11,94,ES1 6,0.0
mean,2040,11,95,ES1 6,0.0
mean,2040,11,96,ES1 6,0.0
mean,2040,11,97,ES1 6,0.0
mean,2040,11,98,ES1 6,0.0
mean,2040,11,99,ES1 6,0.0
mean,2040,11,100,ES1 6,0.0
mean,2040,11,101,ES1 6,0.0
mean,2040,11,102,ES1 6,0.0
mean,2040,11,103,ES1 6,0.0
mean,2040,11,104,ES1 6,0.0
mean,2040,11,105,ES1 6,0.0
mean,2040,11,106,ES1 6,0.0
mean,2040,11,107,ES1 6,0.0
mean,2040,11,108,ES1 6,0.0
mean,2040,11,109,ES1 6,0.0
mean,2040,11,110,ES1 6,0.0
mean,2040,11,111,ES1 6,0.0
mean,2040,11,112,ES1 6,0.0
mean,2040,11,113,ES1 6,0.0
mean,2040,11,114,ES1 6,0.0
mean,2040,11,115,ES1 6,0.0
mean,2040,11,116,ES1 6,0.0
mean,2040,11,117,ES1 6,0.0
mean,2040,11,118,ES1 6,0.0
mean,2040,11,119,ES1 6,0.0
mean,2040,11,120,ES1 6,0.0
mean,2040,11,121,ES1 6,0.0
mean,2040,11,122,ES1 6,0.0
mean,2040,11,123,ES1 6,0.0
mean,2040,11,124,ES1 6,0.0
mean,2040,11,125,ES1 6,0.0
mean,2040,11,126,ES1 6,0.0
mean,2040,11,127,ES1 6,0.0
mean,2040,11,128,ES1 6,0.0
mean,2040,11,129,ES1 6,0.0
mean,2040,11,130,ES1 6,0.0
mean,2040,11,131,ES1 6,0.0
mean,2040,11,132,ES1 6,0.0
mean,2040,11,133,ES1 6,0.0
mean,2040,11,134,ES1 6,0.0
mean,2040,11,135,ES1 6,0.0
mean,2040,11,136,ES1 6,0.0
mean,2040,11,137,ES1 6,0.0
mean,2040,11,138,ES1 6,0.0
mean,2040,11,139,ES1 6,0.0
mean,2040,11,140,ES1 6,0.0
mean,2040,11,141,ES1 6,0.0
mean,2040,11,142,ES1 6,0.0
mean,2040,11,143,ES1 6,0.0
mean,2040,11,144,ES1 6,0.0
mean,2040,11,145,ES1 6,0.0
mean,2040,11,146,ES1 6,0.0
mean,2040,11,147,ES1 6,0.0
mean,2040,11,148,ES1 6,0.0
mean,2040,11,149,ES1 6,0.0
mean,2040,11,150,ES1 6,0.0
mean,2040,11,151,ES1 6,0.0
mean,2040,11,152,ES1 6,0.0
mean,2040,11,153,ES1 6,0.0
mean,2040,11,154,ES1 6,0.0
mean,2040,11,155,ES1 6,0.0
mean,2040,11,156,ES1 6,0.0
mean,2040,11,157,ES1 6,0.0
mean,2040,11,158,ES1 6,0.0
mean,2040,11,159,ES1 6,0.0
mean,2040,11,160,ES1 6,0.0
mean,2040,11,161,ES1 6,0.0
mean,2040,11,162,ES1 6,0.0
mean,2040,11,163,ES1 6,0.0
mean,2040,11,164,ES1 6,0.0
mean,2040,11,165,ES1 6,0.0
mean,2040,11,166,ES1 6,0.0
mean,2040,11,167,ES1 6,0.0
mean,2040,21,0,ES1 6,0.0
mean,2040,21,1,ES1 6,0.0
mean,2040,21,2,ES1 6,0.0
mean,2040,21,3,ES1 6,0.0
mean,2040,21,4,ES1 6,0.0
mean,2040,21,5,ES1 6,0.0
mean,2040,21,6,ES1 6,0.0
mean,2040,21,7,ES1 6,0.0
mean,2040,21,8,ES1 6,0.0
mean,2040,21,9,ES1 6,0.0
mean,2040,21,10,ES1 6,0.0
mean,2040,21,11,ES1 6,0.0
mean,2040,21,12,ES1 6,0.0
mean,2040,21,13,ES1 6,0.0
mean,2040,21,14,ES1 6,0.0
mean,2040,21,15,ES1 6,0.0
mean,2040,21,16,ES1 6,0.0
mean,2040,21,17,ES1 6,0.0
mean,2040,21,18,ES1 6,0.0
mean,2040,21,19,ES1 6,0.0
mean,2040,21,20,ES1 6,0.0
mean,2040,21,21,ES1 6,0.0
mean,2040,21,22,ES1 6,0.0
mean,2040,21,23,ES1 6,0.0
mean,2040,21,24,ES1 6,0.0
mean,2040,21,25,ES1 6,0.0
mean,2040,21,26,ES1 6,0.0
mean,2040,21,27,ES1 6,0.0
mean,2040,21,28,ES1 6,0.0
mean,2040,21,29,ES1 6,0.0
mean,2040,21,30,ES1 6,0.0
mean,2040,21,31,ES1 6,0.0
mean,2040,21,32,ES1 6,0.0
mean,2040,21,33,ES1 6,0.0
mean,2040,21,34,ES1 6,0.0
mean,2040,21,35,ES1 6,0.0
mean,2040,21,36,ES1 6,0.0
mean,2040,21,37,ES1 6,0.0
mean,2040,21,38,ES1 6,0.0
mean,2040,21,39,ES1 6,0.0
mean,2040,21,40,ES1 6,0.0
mean,2040,21,41,ES1 6,0.0
mean,2040,21,42,ES1 6,0.0
mean,2040,21,43,ES1 6,0.0
mean,2040,21,44,ES1 6,0.0
mean,2040,21,45,ES1 6,0.0
mean,2040,21,46,ES1 6,0.0
mean,2040,21,47,ES1 6,0.0
mean,2040,21,48,ES1 6,0.0
mean,2040,21,49,ES1 6,0.0
mean,2040,21,50,ES1 6,0.0
mean,2040,21,51,ES1 6,0.0
mean,2040,21,52,ES1 6,0.0
mean,2040,21,53,ES1 6,0.0
mean,2040,21,54,ES1 6,0.0
mean,2040,21,55,ES1 6,0.0
mean,2040,21,56,ES1 6,0.0
mean,2040,21,57,ES1 6,0.0
mean,2040,21,58,ES1 6,0.0
mean,2040,21,59,ES1 6,0.0
mean,2040,21,60,ES1 6,0.0
mean,2040,21,61,ES1 6,0.0
mean,2040,21,62,ES1 6,0.0
mean,2040,21,63,ES1 6,0.0
mean,2040,21,64,ES1 6,0.0
mean,2040,21,65,ES1 6,0.0
mean,2040,21,66,ES1 6,0.0
mean,2040,21,67,ES1 6,0.0
mean,2040,21,68,ES1 6,0.0
mean,2040,21,69,ES1 6,0.0
mean,2040,21,70,ES1 6,0.0
mean,2040,21,71,ES1 6,0.0
mean,2040,21,72,ES1 6,0.0
mean,2040,21,73,ES1 6,0.0
mean,2040,21,74,ES1 6,0.0
mean,2040,21,75,ES1 6,0.0
mean,2040,21,76,ES1 6,0.0
mean,2040,21,77,ES1 6,0.0
mean,2040,21,78,ES1 6,0.0
mean,2040,21,79,ES1 6,0.0
mean,2040,21,80,ES1 6,0.0
mean,2040,21,81,ES1 6,0.0
mean,2040,21,82,ES1 6,0.0
mean,2040,21,83,ES1 6,0.0
mean,2040,21,84,ES1 6,0.0
mean,2040,21,85,ES1 6,0.0
mean,2040,21,86,ES1 6,0.0
mean,2040,21,87,ES1 6,0.0
mean,2040,21,88,ES1 6,0.0
mean,2040,21,89,ES1 6,0.0
mean,2040,21,90,ES1 6,0.0
mean,2040,21,91,ES1 6,0.0
mean,2040,21,92,ES1 6,0.0
mean,2040,21,93,ES1 6,0.0
mean,2040,21,94,ES1 6,0.0
mean,2040,21,95,ES1 6,0.0
mean,2040,21,96,ES1 6,0.0
mean,2040,21,97,ES1 6,0.0
mean,2040,21,98,ES1 6,0.0
mean,2040,21,99,ES1 6,0.0
mean,2040,21,100,ES1 6,0.0
mean,2040,21,101,ES1 6,0.0
mean,2040,21,102,ES1 6,0.0
mean,2040,21,103,ES1 6,0.0
mean,2040,21,104,ES1 6,0.0
mean,2040,21,105,ES1 6,0.0
mean,2040,21,106,ES1 6,0.0
mean,2040,21,107,ES1 6,0.0
mean,2040,21,108,ES1 6,0.0
mean,2040,21,109,ES1 6,0.0
mean,2040,21,110,ES1 6,0.0
mean,2040,21,111,ES1 6,0.0
mean,2040,21,112,ES1 6,0.0
mean,2040,21,113,ES1 6,0.0
mean,2040,21,114,ES1 6,0.0
mean,2040,21,115,ES1 6,0.0
mean,2040,21,116,ES1 6,0.0
mean,2040,21,117,ES1 6,0.0
mean,2040,21,118,ES1 6,0.0
mean,2040,21,119,ES1 6,0.0
mean,2040,21,120,ES1 6,0.0
mean,2040,21,121,ES1 6,0.0
mean,2040,21,122,ES1 6,0.0
mean,2040,21,123,ES1 6,0.0
mean,2040,21,124,ES1 6,0.0
mean,2040,21,125,ES1 6,0.0
mean,2040,21,126,ES1 6,0.0
mean,2040,21,127,ES1 6,0.0
mean,2040,21,128,ES1 6,0.0
mean,2040,21,129,ES1 6,0.0
mean,2040,21,130,ES1 6,0.0
mean,2040,21,131,ES1 6,0.0
mean,2040,21,132,ES1 6,0.0
mean,2040,21,133,ES1 6,0.0
mean,2040,21,134,ES1 6,0.0
mean,2040,21,135,ES1 6,0.0
mean,2040,21,136,ES1 6,0.0
mean,2040,21,137,ES1 6,0.0
mean,2040,21,138,ES1 6,0.0
mean,2040,21,139,ES1 6,0.0
mean,2040,21,140,ES1 6,0.0
mean,2040,21,141,ES1 6,0.0
mean,2040,21,142,ES1 6,0.0
mean,2040,21,143,ES1 6,0.0
mean,2040,21,144,ES1 6,0.0
mean,2040,21,145,ES1 6,0.0
mean,2040,21,146,ES1 6,0.0
mean,2040,21,147,ES1 6,0.0
mean,2040,21,148,ES1 6,0.0
mean,2040,21,149,ES1 6,0.0
mean,2040,21,150,ES1 6,0.0
mean,2040,21,151,ES1 6,0.0
mean,2040,21,152,ES1 6,0.0
mean,2040,21,153,ES1 6,0.0
mean,2040,21,154,ES1 6,0.0
mean,2040,21,155,ES1 6,0.0
mean,2040,21,156,ES1 6,0.0
mean,2040,21,157,ES1 6,0.0
mean,2040,21,158,ES1 6,0.0
mean,2040,21,159,ES1 6,0.0
mean,2040,21,160,ES1 6,0.0
mean,2040,21,161,ES1 6,0.0
mean,2040,21,162,ES1 6,0.0
mean,2040,21,163,ES1 6,0.0
mean,2040,21,164,ES1 6,0.0
mean,2040,21,165,ES1 6,0.0
mean,2040,21,166,ES1 6,0.0
mean,2040,21,167,ES1 6,0.0
mean,2040,42,0,ES1 6,0.0
mean,2040,42,1,ES1 6,0.0
mean,2040,42,2,ES1 6,0.0
mean,2040,42,3,ES1 6,0.0
mean,2040,42,4,ES1 6,0.0
mean,2040,42,5,ES1 6,0.0
mean,2040,42,6,ES1 6,0.0
mean,2040,42,7,ES1 6,0.0
mean,2040,42,8,ES1 6,0.0
mean,2040,42,9,ES1 6,0.0
mean,2040,42,10,ES1 6,0.0
mean,2040,42,11,ES1 6,0.0
mean,2040,42,12,ES1 6,0.0
mean,2040,42,13,ES1 6,0.0
mean,2040,42,14,ES1 6,0.0
mean,2040,42,15,ES1 6,0.0
mean,2040,42,16,ES1 6,0.0
mean,2040,42,17,ES1 6,0.0
mean,2040,42,18,ES1 6,0.0
mean,2040,42,19,ES1 6,0.0
mean,2040,42,20,ES1 6,0.0
mean,2040,42,21,ES1 6,0.0
mean,2040,42,22,ES1 6,0.0
mean,2040,42,23,ES1 6,0.0
mean,2040,42,24,ES1 6,0.0
mean,2040,42,25,ES1 6,0.0
mean,2040,42,26,ES1 6,0.0
mean,2040,42,27,ES1 6,0.0
mean,2040,42,28,ES1 6,0.0
mean,2040,42,29,ES1 6,0.0
mean,2040,42,30,ES1 6,0.0
mean,2040,42,31,ES1 6,0.0
mean,2040,42,32,ES1 6,0.0
mean,2040,42,33,ES1 6,0.0
mean,2040,42,34,ES1 6,0.0
mean,2040,42,35,ES1 6,0.0
mean,2040,42,36,ES1 6,0.0
mean,2040,42,37,ES1 6,0.0
mean,2040,42,38,ES1 6,0.0
mean,2040,42,39,ES1 6,0.0
mean,2040,42,40,ES1 6,0.0
mean,2040,42,41,ES1 6,0.0
mean,2040,42,42,ES1 6,0.0
mean,2040,42,43,ES1 6,0.0
mean,2040,42,44,ES1 6,0.0
mean,2040,42,45,ES1 6,0.0
mean,2040,42,46,ES1 6,0.0
mean,2040,42,47,ES1 6,0.0
mean,2040,42,48,ES1 6,0.0
mean,2040,42,49,ES1 6,0.0
mean,2040,42,50,ES1 6,0.0
mean,2040,42,51,ES1 6,0.0
mean,2040,42,52,ES1 6,0.0
mean,2040,42,53,ES1 6,0.0
mean,2040,42,54,ES1 6,0.0
mean,2040,42,55,ES1 6,0.0
mean,2040,42,56,ES1 6,0.0
mean,2040,42,57,ES1 6,0.0
mean,2040,42,58,ES1 6,0.0
mean,2040,42,59,ES1 6,0.0
mean,2040,42,60,ES1 6,0.0
mean,2040,42,61,ES1 6,0.0
mean,2040,42,62,ES1 6,0.0
mean,2040,42,63,ES1 6,0.0
mean,2040,42,64,ES1 6,0.0
mean,2040,42,65,ES1 6,0.0
mean,2040,42,66,ES1 6,0.0
mean,2040,42,67,ES1 6,0.0
mean,2040,42,68,ES1 6,0.0
mean,2040,42,69,ES1 6,0.0
mean,2040,42,70,ES1 6,0.0
mean,2040,42,71,ES1 6,0.0
mean,2040,42,72,ES1 6,0.0
mean,2040,42,73,ES1 6,0.0
mean,2040,42,74,ES1 6,0.0
mean,2040,42,75,ES1 6,0.0
mean,2040,42,76,ES1 6,0.0
mean,2040,42,77,ES1 6,0.0
mean,2040,42,78,ES1 6,0.0
mean,2040,42,79,ES1 6,0.0
mean,2040,42,80,ES1 6,0.0
mean,2040,42,81,ES1 6,0.0
mean,2040,42,82,ES1 6,0.0
mean,2040,42,83,ES1 6,0.0
mean,2040,42,84,ES1 6,0.0
mean,2040,42,85,ES1 6,0.0
mean,2040,42,86,ES1 6,0.0
mean,2040,42,87,ES1 6,0.0
mean,2040,42,88,ES1 6,0.0
mean,2040,42,89,ES1 6,0.0
mean,2040,42,90,ES1 6,0.0
mean,2040,42,91,ES1 6,0.0
mean,2040,42,92,ES1 6,0.0
mean,2040,42,93,ES1 6,0.0
mean,2040,42,94,ES1 6,0.0
mean,2040,42,95,ES1 6,0.0
mean,2040,42,96,ES1 6,0.0
mean,2040,42,97,ES1 6,0.0
mean,2040,42,98,ES1 6,0.0
mean,2040,42,99,ES1 6,0.0
mean,2040,42,100,ES1 6,0.0
mean,2040,42,101,ES1 6,0.0
mean,2040,42,102,ES1 6,0.0
mean,2040,42,103,ES1 6,0.0
mean,2040,42,104,ES1 6,0.0
mean,2040,42,105,ES1 6,0.0
mean,2040,42,106,ES1 6,0.0
mean,2040,42,107,ES1 6,0.0
mean,2040,42,108,ES1 6,0.0
mean,2040,42,109,ES1 6,0.0
mean,2040,42,110,ES1 6,0.0
mean,2040,42,111,ES1 6,0.0
mean,2040,42,112,ES1 6,0.0
mean,2040,42,113,ES1 6,0.0
mean,2040,42,114,ES1 6,0.0
mean,2040,42,115,ES1 6,0.0
mean,2040,42,116,ES1 6,0.0
mean,2040,42,117,ES1 6,0.0
mean,2040,42,118,ES1 6,0.0
mean,2040,42,119,ES1 6,0.0
mean,2040,42,120,ES1 6,0.0
mean,2040,42,121,ES1 6,0.0
mean,2040,42,122,ES1 6,0.0
mean,2040,42,123,ES1 6,0.0
mean,2040,42,124,ES1 6,0.0
mean,2040,42,125,ES1 6,0.0
mean,2040,42,126,ES1 6,0.0
mean,2040,42,127,ES1 6,0.0
mean,2040,42,128,ES1 6,0.0
mean,2040,42,129,ES1 6,0.0
mean,2040,42,130,ES1 6,0.0
mean,2040,42,131,ES1 6,0.0
mean,2040,42,132,ES1 6,0.0
mean,2040,42,133,ES1 6,0.0
mean,2040,42,134,ES1 6,0.0
mean,2040,42,135,ES1 6,0.0
mean,2040,42,136,ES1 6,0.0
mean,2040,42,137,ES1 6,0.0
mean,2040,42,138,ES1 6,0.0
mean,2040,42,139,ES1 6,0.0
mean,2040,42,140,ES1 6,0.0
mean,2040,42,141,ES1 6,0.0
mean,2040,42,142,ES1 6,0.0
mean,2040,42,143,ES1 6,0.0
mean,2040,42,144,ES1 6,0.0
mean,2040,42,145,ES1 6,0.0
mean,2040,42,146,ES1 6,0.0
mean,2040,42,147,ES1 6,0.0
mean,2040,42,148,ES1 6,0.0
mean,2040,42,149,ES1 6,0.0
mean,2040,42,150,ES1 6,0.0
mean,2040,42,151,ES1 6,0.0
mean,2040,42,152,ES1 6,0.0
mean,2040,42,153,ES1 6,0.0
mean,2040,42,154,ES1 6,0.0
mean,2040,42,155,ES1 6,0.0
mean,2040,42,156,ES1 6,0.0
mean,2040,42,157,ES1 6,0.0
mean,2040,42,158,ES1 6,0.0
mean,2040,42,159,ES1 6,0.0
mean,2040,42,160,ES1 6,0.0
mean,2040,42,161,ES1 6,0.0
mean,2040,42,162,ES1 6,0.0
mean,2040,42,163,ES1 6,0.0
mean,2040,42,164,ES1 6,0.0
mean,2040,42,165,ES1 6,0.0
mean,2040,42,166,ES1 6,0.0
mean,2040,42,167,ES1 6,0.0
mean,2040,52,0,ES1 6,0.0
mean,2040,52,1,ES1 6,0.0
mean,2040,52,2,ES1 6,0.0
mean,2040,52,3,ES1 6,0.0
mean,2040,52,4,ES1 6,0.0
mean,2040,52,5,ES1 6,0.0
mean,2040,52,6,ES1 6,0.0
mean,2040,52,7,ES1 6,0.0
mean,2040,52,8,ES1 6,0.0
mean,2040,52,9,ES1 6,0.0
mean,2040,52,10,ES1 6,0.0
mean,2040,52,11,ES1 6,0.0
mean,2040,52,12,ES1 6,0.0
mean,2040,52,13,ES1 6,0.0
mean,2040,52,14,ES1 6,0.0
mean,2040,52,15,ES1 6,0.0
mean,2040,52,16,ES1 6,0.0
mean,2040,52,17,ES1 6,0.0
mean,2040,52,18,ES1 6,0.0
mean,2040,52,19,ES1 6,0.0
mean,2040,52,20,ES1 6,0.0
mean,2040,52,21,ES1 6,0.0
mean,2040,52,22,ES1 6,0.0
mean,2040,52,23,ES1 6,0.0
mean,2040,52,24,ES1 6,0.0
mean,2040,52,25,ES1 6,0.0
mean,2040,52,26,ES1 6,0.0
mean,2040,52,27,ES1 6,0.0
mean,2040,52,28,ES1 6,0.0
mean,2040,52,29,ES1 6,0.0
mean,2040,52,30,ES1 6,0.0
mean,2040,52,31,ES1 6,0.0
mean,2040,52,32,ES1 6,0.0
mean,2040,52,33,ES1 6,0.0
mean,2040,52,34,ES1 6,0.0
mean,2040,52,35,ES1 6,0.0
mean,2040,52,36,ES1 6,0.0
mean,2040,52,37,ES1 6,0.0
mean,2040,52,38,ES1 6,0.0
mean,2040,52,39,ES1 6,0.0
mean,2040,52,40,ES1 6,0.0
mean,2040,52,41,ES1 6,0.0
mean,2040,52,42,ES1 6,0.0
mean,2040,52,43,ES1 6,0.0
mean,2040,52,44,ES1 6,0.0
mean,2040,52,45,ES1 6,0.0
mean,2040,52,46,ES1 6,0.0
mean,2040,52,47,ES1 6,0.0
mean,2040,52,48,ES1 6,0.0
mean,2040,52,49,ES1 6,0.0
mean,2040,52,50,ES1 6,0.0
mean,2040,52,51,ES1 6,0.0
mean,2040,52,52,ES1 6,0.0
mean,2040,52,53,ES1 6,0.0
mean,2040,52,54,ES1 6,0.0
mean,2040,52,55,ES1 6,0.0
mean,2040,52,56,ES1 6,0.0
mean,2040,52,57,ES1 6,0.0
mean,2040,52,58,ES1 6,0.0
mean,2040,52,59,ES1 6,0.0
mean,2040,52,60,ES1 6,0.0
mean,2040,52,61,ES1 6,0.0
mean,2040,52,62,ES1 6,0.0
mean,2040,52,63,ES1 6,0.0
mean,2040,52,64,ES1 6,0.0
mean,2040,52,65,ES1 6,0.0
mean,2040,52,66,ES1 6,0.0
mean,2040,52,67,ES1 6,0.0
mean,2040,52,68,ES1 6,0.0
mean,2040,52,69,ES1 6,0.0
mean,2040,52,70,ES1 6,0.0
mean,2040,52,71,ES1 6,0.0
mean,2040,52,72,ES1 6,0.0
mean,2040,52,73,ES1 6,0.0
mean,2040,52,74,ES1 6,0.0
mean,2040,52,75,ES1 6,0.0
mean,2040,52,76,ES1 6,0.0
mean,2040,52,77,ES1 6,0.0
mean,2040,52,78,ES1 6,0.0
mean,2040,52,79,ES1 6,0.0
mean,2040,52,80,ES1 6,0.0
mean,2040,52,81,ES1 6,0.0
mean,2040,52,82,ES1 6,0.0
mean,2040,52,83,ES1 6,0.0
mean,2040,52,84,ES1 6,0.0
mean,2040,52,85,ES1 6,0.0
mean,2040,52,86,ES1 6,0.0
mean,2040,52,87,ES1 6,0.0
mean,2040,52,88,ES1 6,0.0
mean,2040,52,89,ES1 6,0.0
mean,2040,52,90,ES1 6,0.0
mean,2040,52,91,ES1 6,0.0
mean,2040,52,92,ES1 6,0.0
mean,2040,52,93,ES1 6,0.0
mean,2040,52,94,ES1 6,0.0
mean,2040,52,95,ES1 6,0.0
mean,2040,52,96,ES1 6,0.0
mean,2040,52,97,ES1 6,0.0
mean,2040,52,98,ES1 6,0.0
mean,2040,52,99,ES1 6,0.0
mean,2040,52,100,ES1 6,0.0
mean,2040,52,101,ES1 6,0.0
mean,2040,52,102,ES1 6,0.0
mean,2040,52,103,ES1 6,0.0
mean,2040,52,104,ES1 6,0.0
mean,2040,52,105,ES1 6,0.0
mean,2040,52,106,ES1 6,0.0
mean,2040,52,107,ES1 6,0.0
mean,2040,52,108,ES1 6,0.0
mean,2040,52,109,ES1 6,0.0
mean,2040,52,110,ES1 6,0.0
mean,2040,52,111,ES1 6,0.0
mean,2040,52,112,ES1 6,0.0
mean,2040,52,113,ES1 6,0.0
mean,2040,52,114,ES1 6,0.0
mean,2040,52,115,ES1 6,0.0
mean,2040,52,116,ES1 6,0.0
mean,2040,52,117,ES1 6,0.0
mean,2040,52,118,ES1 6,0.0
mean,2040,52,119,ES1 6,0.0
mean,2040,52,120,ES1 6,0.0
mean,2040,52,121,ES1 6,0.0
mean,2040,52,122,ES1 6,0.0
mean,2040,52,123,ES1 6,0.0
mean,2040,52,124,ES1 6,0.0
mean,2040,52,125,ES1 6,0.0
mean,2040,52,126,ES1 6,0.0
mean,2040,52,127,ES1 6,0.0
mean,2040,52,128,ES1 6,0.0
mean,2040,52,129,ES1 6,0.0
mean,2040,52,130,ES1 6,0.0
mean,2040,52,131,ES1 6,0.0
mean,2040,52,132,ES1 6,0.0
mean,2040,52,133,ES1 6,0.0
mean,2040,52,134,ES1 6,0.0
mean,2040,52,135,ES1 6,0.0
mean,2040,52,136,ES1 6,0.0
mean,2040,52,137,ES1 6,0.0
mean,2040,52,138,ES1 6,0.0
mean,2040,52,139,ES1 6,0.0
mean,2040,52,140,ES1 6,0.0
mean,2040,52,141,ES1 6,0.0
mean,2040,52,142,ES1 6,0.0
mean,2040,52,143,ES1 6,0.0
mean,2040,52,144,ES1 6,0.0
mean,2040,52,145,ES1 6,0.0
mean,2040,52,146,ES1 6,0.0
mean,2040,52,147,ES1 6,0.0
mean,2040,52,148,ES1 6,0.0
mean,2040,52,149,ES1 6,0.0
mean,2040,52,150,ES1 6,0.0
mean,2040,52,151,ES1 6,0.0
mean,2040,52,152,ES1 6,0.0
mean,2040,52,153,ES1 6,0.0
mean,2040,52,154,ES1 6,0.0
mean,2040,52,155,ES1 6,0.0
mean,2040,52,156,ES1 6,0.0
mean,2040,52,157,ES1 6,0.0
mean,2040,52,158,ES1 6,0.0
mean,2040,52,159,ES1 6,0.0
mean,2040,52,160,ES1 6,0.0
mean,2040,52,161,ES1 6,0.0
mean,2040,52,162,ES1 6,0.0
mean,2040,52,163,ES1 6,0.0
mean,2040,52,164,ES1 6,0.0
mean,2040,52,165,ES1 6,0.0
mean,2040,52,166,ES1 6,0.0
mean,2040,52,167,ES1 6,0.0
mean,2050,11,0,ES1 6,0.0
mean,2050,11,1,ES1 6,0.0
mean,2050,11,2,ES1 6,0.0
mean,2050,11,3,ES1 6,0.0
mean,2050,11,4,ES1 6,0.0
mean,2050,11,5,ES1 6,0.0
mean,2050,11,6,ES1 6,0.0
mean,2050,11,7,ES1 6,0.0
mean,2050,11,8,ES1 6,0.0
mean,2050,11,9,ES1 6,0.0
mean,2050,11,10,ES1 6,0.0
mean,2050,11,11,ES1 6,0.0
mean,2050,11,12,ES1 6,0.0
mean,2050,11,13,ES1 6,0.0
mean,2050,11,14,ES1 6,0.0
mean,2050,11,15,ES1 6,0.0
mean,2050,11,16,ES1 6,0.0
mean,2050,11,17,ES1 6,0.0
mean,2050,11,18,ES1 6,0.0
mean,2050,11,19,ES1 6,0.0
mean,2050,11,20,ES1 6,0.0
mean,2050,11,21,ES1 6,0.0
mean,2050,11,22,ES1 6,0.0
mean,2050,11,23,ES1 6,0.0
mean,2050,11,24,ES1 6,0.0
mean,2050,11,25,ES1 6,0.0
mean,2050,11,26,ES1 6,0.0
mean,2050,11,27,ES1 6,0.0
mean,2050,11,28,ES1 6,0.0
mean,2050,11,29,ES1 6,0.0
mean,2050,11,30,ES1 6,0.0
mean,2050,11,31,ES1 6,0.0
mean,2050,11,32,ES1 6,0.0
mean,2050,11,33,ES1 6,0.0
mean,2050,11,34,ES1 6,0.0
mean,2050,11,35,ES1 6,0.0
mean,2050,11,36,ES1 6,0.0
mean,2050,11,37,ES1 6,0.0
mean,2050,11,38,ES1 6,0.0
mean,2050,11,39,ES1 6,0.0
mean,2050,11,40,ES1 6,0.0
mean,2050,11,41,ES1 6,0.0
mean,2050,11,42,ES1 6,0.0
mean,2050,11,43,ES1 6,0.0
mean,2050,11,44,ES1 6,0.0
mean,2050,11,45,ES1 6,0.0
mean,2050,11,46,ES1 6,0.0
mean,2050,11,47,ES1 6,0.0
mean,2050,11,48,ES1 6,0.0
mean,2050,11,49,ES1 6,0.0
mean,2050,11,50,ES1 6,0.0
mean,2050,11,51,ES1 6,0.0
mean,2050,11,52,ES1 6,0.0
mean,2050,11,53,ES1 6,0.0
mean,2050,11,54,ES1 6,0.0
mean,2050,11,55,ES1 6,0.0
mean,2050,11,56,ES1 6,0.0
mean,2050,11,57,ES1 6,0.0
mean,2050,11,58,ES1 6,0.0
mean,2050,11,59,ES1 6,0.0
mean,2050,11,60,ES1 6,0.0
mean,2050,11,61,ES1 6,0.0
mean,2050,11,62,ES1 6,0.0
mean,2050,11,63,ES1 6,0.0
mean,2050,11,64,ES1 6,0.0
mean,2050,11,65,ES1 6,0.0
mean,2050,11,66,ES1 6,0.0
mean,2050,11,67,ES1 6,0.0
mean,2050,11,68,ES1 6,0.0
mean,2050,11,69,ES1 6,0.0
mean,2050,11,70,ES1 6,0.0
mean,2050,11,71,ES1 6,0.0
mean,2050,11,72,ES1 6,0.0
mean,2050,11,73,ES1 6,0.0
mean,2050,11,74,ES1 6,0.0
mean,2050,11,75,ES1 6,0.0
mean,2050,11,76,ES1 6,0.0
mean,2050,11,77,ES1 6,0.0
mean,2050,11,78,ES1 6,0.0
mean,2050,11,79,ES1 6,0.0
mean,2050,11,80,ES1 6,0.0
mean,2050,11,81,ES1 6,0.0
mean,2050,11,82,ES1 6,0.0
mean,2050,11,83,ES1 6,0.0
mean,2050,11,84,ES1 6,0.0
mean,2050,11,85,ES1 6,0.0
mean,2050,11,86,ES1 6,0.0
mean,2050,11,87,ES1 6,0.0
mean,2050,11,88,ES1 6,0.0
mean,2050,11,89,ES1 6,0.0
mean,2050,11,90,ES1 6,0.0
mean,2050,11,91,ES1 6,0.0
mean,2050,11,92,ES1 6,0.0
mean,2050,11,93,ES1 6,0.0
mean,2050,11,94,ES1 6,0.0
mean,2050,11,95,ES1 6,0.0
mean,2050,11,96,ES1 6,0.0
mean,2050,11,97,ES1 6,0.0
mean,2050,11,98,ES1 6,0.0
mean,2050,11,99,ES1 6,0.0
mean,2050,11,100,ES1 6,0.0
mean,2050,11,101,ES1 6,0.0
mean,2050,11,102,ES1 6,0.0
mean,2050,11,103,ES1 6,0.0
mean,2050,11,104,ES1 6,0.0
mean,2050,11,105,ES1 6,0.0
mean,2050,11,106,ES1 6,0.0
mean,2050,11,107,ES1 6,0.0
mean,2050,11,108,ES1 6,0.0
mean,2050,11,109,ES1 6,0.0
mean,2050,11,110,ES1 6,0.0
mean,2050,11,111,ES1 6,0.0
mean,2050,11,112,ES1 6,0.0
mean,2050,11,113,ES1 6,0.0
mean,2050,11,114,ES1 6,0.0
mean,2050,11,115,ES1 6,0.0
mean,2050,11,116,ES1 6,0.0
mean,2050,11,117,ES1 6,0.0
mean,2050,11,118,ES1 6,0.0
mean,2050,11,119,ES1 6,0.0
mean,2050,11,120,ES1 6,0.0
mean,2050,11,121,ES1 6,0.0
mean,2050,11,122,ES1 6,0.0
mean,2050,11,123,ES1 6,0.0
mean,2050,11,124,ES1 6,0.0
mean,2050,11,125,ES1 6,0.0
mean,2050,11,126,ES1 6,0.0
mean,2050,11,127,ES1 6,0.0
mean,2050,11,128,ES1 6,0.0
mean,2050,11,129,ES1 6,0.0
mean,2050,11,130,ES1 6,0.0
mean,2050,11,131,ES1 6,0.0
mean,2050,11,132,ES1 6,0.0
mean,2050,11,133,ES1 6,0.0
mean,2050,11,134,ES1 6,0.0
mean,2050,11,135,ES1 6,0.0
mean,2050,11,136,ES1 6,0.0
mean,2050,11,137,ES1 6,0.0
mean,2050,11,138,ES1 6,0.0
mean,2050,11,139,ES1 6,0.0
mean,2050,11,140,ES1 6,0.0
mean,2050,11,141,ES1 6,0.0
mean,2050,11,142,ES1 6,0.0
mean,2050,11,143,ES1 6,0.0
mean,2050,11,144,ES1 6,0.0
mean,2050,11,145,ES1 6,0.0
mean,2050,11,146,ES1 6,0.0
mean,2050,11,147,ES1 6,0.0
mean,2050,11,148,ES1 6,0.0
mean,2050,11,149,ES1 6,0.0
mean,2050,11,150,ES1 6,0.0
mean,2050,11,151,ES1 6,0.0
mean,2050,11,152,ES1 6,0.0
mean,2050,11,153,ES1 6,0.0
mean,2050,11,154,ES1 6,0.0
mean,2050,11,155,ES1 6,0.0
mean,2050,11,156,ES1 6,0.0
mean,2050,11,157,ES1 6,0.0
mean,2050,11,158,ES1 6,0.0
mean,2050,11,159,ES1 6,0.0
mean,2050,11,160,ES1 6,0.0
mean,2050,11,161,ES1 6,0.0
mean,2050,11,162,ES1 6,0.0
mean,2050,11,163,ES1 6,0.0
mean,2050,11,164,ES1 6,0.0
mean,2050,11,165,ES1 6,0.0
mean,2050,11,166,ES1 6,0.0
mean,2050,11,167,ES1 6,0.0
mean,2050,21,0,ES1 6,0.0
mean,2050,21,1,ES1 6,0.0
mean,2050,21,2,ES1 6,0.0
mean,2050,21,3,ES1 6,0.0
mean,2050,21,4,ES1 6,0.0
mean,2050,21,5,ES1 6,0.0
mean,2050,21,6,ES1 6,0.0
mean,2050,21,7,ES1 6,0.0
mean,2050,21,8,ES1 6,0.0
mean,2050,21,9,ES1 6,0.0
mean,2050,21,10,ES1 6,0.0
mean,2050,21,11,ES1 6,0.0
mean,2050,21,12,ES1 6,0.0
mean,2050,21,13,ES1 6,0.0
mean,2050,21,14,ES1 6,0.0
mean,2050,21,15,ES1 6,0.0
mean,2050,21,16,ES1 6,0.0
mean,2050,21,17,ES1 6,0.0
mean,2050,21,18,ES1 6,0.0
mean,2050,21,19,ES1 6,0.0
mean,2050,21,20,ES1 6,0.0
mean,2050,21,21,ES1 6,0.0
mean,2050,21,22,ES1 6,0.0
mean,2050,21,23,ES1 6,0.0
mean,2050,21,24,ES1 6,0.0
mean,2050,21,25,ES1 6,0.0
mean,2050,21,26,ES1 6,0.0
mean,2050,21,27,ES1 6,0.0
mean,2050,21,28,ES1 6,0.0
mean,2050,21,29,ES1 6,0.0
mean,2050,21,30,ES1 6,0.0
mean,2050,21,31,ES1 6,0.0
mean,2050,21,32,ES1 6,0.0
mean,2050,21,33,ES1 6,0.0
mean,2050,21,34,ES1 6,0.0
mean,2050,21,35,ES1 6,0.0
mean,2050,21,36,ES1 6,0.0
mean,2050,21,37,ES1 6,0.0
mean,2050,21,38,ES1 6,0.0
mean,2050,21,39,ES1 6,0.0
mean,2050,21,40,ES1 6,0.0
mean,2050,21,41,ES1 6,0.0
mean,2050,21,42,ES1 6,0.0
mean,2050,21,43,ES1 6,0.0
mean,2050,21,44,ES1 6,0.0
mean,2050,21,45,ES1 6,0.0
mean,2050,21,46,ES1 6,0.0
mean,2050,21,47,ES1 6,0.0
mean,2050,21,48,ES1 6,0.0
mean,2050,21,49,ES1 6,0.0
mean,2050,21,50,ES1 6,0.0
mean,2050,21,51,ES1 6,0.0
mean,2050,21,52,ES1 6,0.0
mean,2050,21,53,ES1 6,0.0
mean,2050,21,54,ES1 6,0.0
mean,2050,21,55,ES1 6,0.0
mean,2050,21,56,ES1 6,0.0
mean,2050,21,57,ES1 6,0.0
mean,2050,21,58,ES1 6,0.0
mean,2050,21,59,ES1 6,0.0
mean,2050,21,60,ES1 6,0.0
mean,2050,21,61,ES1 6,0.0
mean,2050,21,62,ES1 6,0.0
mean,2050,21,63,ES1 6,0.0
mean,2050,21,64,ES1 6,0.0
mean,2050,21,65,ES1 6,0.0
mean,2050,21,66,ES1 6,0.0
mean,2050,21,67,ES1 6,0.0
mean,2050,21,68,ES1 6,0.0
mean,2050,21,69,ES1 6,0.0
mean,2050,21,70,ES1 6,0.0
mean,2050,21,71,ES1 6,0.0
mean,2050,21,72,ES1 6,0.0
mean,2050,21,73,ES1 6,0.0
mean,2050,21,74,ES1 6,0.0
mean,2050,21,75,ES1 6,0.0
mean,2050,21,76,ES1 6,0.0
mean,2050,21,77,ES1 6,0.0
mean,2050,21,78,ES1 6,0.0
mean,2050,21,79,ES1 6,0.0
mean,2050,21,80,ES1 6,0.0
mean,2050,21,81,ES1 6,0.0
mean,2050,21,82,ES1 6,0.0
mean,2050,21,83,ES1 6,0.0
mean,2050,21,84,ES1 6,0.0
mean,2050,21,85,ES1 6,0.0
mean,2050,21,86,ES1 6,0.0
mean,2050,21,87,ES1 6,0.0
mean,2050,21,88,ES1 6,0.0
mean,2050,21,89,ES1 6,0.0
mean,2050,21,90,ES1 6,0.0
mean,2050,21,91,ES1 6,0.0
mean,2050,21,92,ES1 6,0.0
mean,2050,21,93,ES1 6,0.0
mean,2050,21,94,ES1 6,0.0
mean,2050,21,95,ES1 6,0.0
mean,2050,21,96,ES1 6,0.0
mean,2050,21,97,ES1 6,0.0
mean,2050,21,98,ES1 6,0.0
mean,2050,21,99,ES1 6,0.0
mean,2050,21,100,ES1 6,0.0
mean,2050,21,101,ES1 6,0.0
mean,2050,21,102,ES1 6,0.0
mean,2050,21,103,ES1 6,0.0
mean,2050,21,104,ES1 6,0.0
mean,2050,21,105,ES1 6,0.0
mean,2050,21,106,ES1 6,0.0
mean,2050,21,107,ES1 6,0.0
mean,2050,21,108,ES1 6,0.0
mean,2050,21,109,ES1 6,0.0
mean,2050,21,110,ES1 6,0.0
mean,2050,21,111,ES1 6,0.0
mean,2050,21,112,ES1 6,0.0
mean,2050,21,113,ES1 6,0.0
mean,2050,21,114,ES1 6,0.0
mean,2050,21,115,ES1 6,0.0
mean,2050,21,116,ES1 6,0.0
mean,2050,21,117,ES1 6,0.0
mean,2050,21,118,ES1 6,0.0
mean,2050,21,119,ES1 6,0.0
mean,2050,21,120,ES1 6,0.0
mean,2050,21,121,ES1 6,0.0
mean,2050,21,122,ES1 6,0.0
mean,2050,21,123,ES1 6,0.0
mean,2050,21,124,ES1 6,0.0
mean,2050,21,125,ES1 6,0.0
mean,2050,21,126,ES1 6,0.0
mean,2050,21,127,ES1 6,0.0
mean,2050,21,128,ES1 6,0.0
mean,2050,21,129,ES1 6,0.0
mean,2050,21,130,ES1 6,0.0
mean,2050,21,131,ES1 6,0.0
mean,2050,21,132,ES1 6,0.0
mean,2050,21,133,ES1 6,0.0
mean,2050,21,134,ES1 6,0.0
mean,2050,21,135,ES1 6,0.0
mean,2050,21,136,ES1 6,0.0
mean,2050,21,137,ES1 6,0.0
mean,2050,21,138,ES1 6,0.0
mean,2050,21,139,ES1 6,0.0
mean,2050,21,140,ES1 6,0.0
mean,2050,21,141,ES1 6,0.0
mean,2050,21,142,ES1 6,0.0
mean,2050,21,143,ES1 6,0.0
mean,2050,21,144,ES1 6,0.0
mean,2050,21,145,ES1 6,0.0
mean,2050,21,146,ES1 6,0.0
mean,2050,21,147,ES1 6,0.0
mean,2050,21,148,ES1 6,0.0
mean,2050,21,149,ES1 6,0.0
mean,2050,21,150,ES1 6,0.0
mean,2050,21,151,ES1 6,0.0
mean,2050,21,152,ES1 6,0.0
mean,2050,21,153,ES1 6,0.0
mean,2050,21,154,ES1 6,0.0
mean,2050,21,155,ES1 6,0.0
mean,2050,21,156,ES1 6,0.0
mean,2050,21,157,ES1 6,0.0
mean,2050,21,158,ES1 6,0.0
mean,2050,21,159,ES1 6,0.0
mean,2050,21,160,ES1 6,0.0
mean,2050,21,161,ES1 6,0.0
mean,2050,21,162,ES1 6,0.0
mean,2050,21,163,ES1 6,0.0
mean,2050,21,164,ES1 6,0.0
mean,2050,21,165,ES1 6,0.0
mean,2050,21,166,ES1 6,0.0
mean,2050,21,167,ES1 6,0.0
mean,2050,42,0,ES1 6,0.0
mean,2050,42,1,ES1 6,0.0
mean,2050,42,2,ES1 6,0.0
mean,2050,42,3,ES1 6,0.0
mean,2050,42,4,ES1 6,0.0
mean,2050,42,5,ES1 6,0.0
mean,2050,42,6,ES1 6,0.0
mean,2050,42,7,ES1 6,0.0
mean,2050,42,8,ES1 6,0.0
mean,2050,42,9,ES1 6,0.0
mean,2050,42,10,ES1 6,0.0
mean,2050,42,11,ES1 6,0.0
mean,2050,42,12,ES1 6,0.0
mean,2050,42,13,ES1 6,0.0
mean,2050,42,14,ES1 6,0.0
mean,2050,42,15,ES1 6,0.0
mean,2050,42,16,ES1 6,0.0
mean,2050,42,17,ES1 6,0.0
mean,2050,42,18,ES1 6,0.0
mean,2050,42,19,ES1 6,0.0
mean,2050,42,20,ES1 6,0.0
mean,2050,42,21,ES1 6,0.0
mean,2050,42,22,ES1 6,0.0
mean,2050,42,23,ES1 6,0.0
mean,2050,42,24,ES1 6,0.0
mean,2050,42,25,ES1 6,0.0
mean,2050,42,26,ES1 6,0.0
mean,2050,42,27,ES1 6,0.0
mean,2050,42,28,ES1 6,0.0
mean,2050,42,29,ES1 6,0.0
mean,2050,42,30,ES1 6,0.0
mean,2050,42,31,ES1 6,0.0
mean,2050,42,32,ES1 6,0.0
mean,2050,42,33,ES1 6,0.0
mean,2050,42,34,ES1 6,0.0
mean,2050,42,35,ES1 6,0.0
mean,2050,42,36,ES1 6,0.0
mean,2050,42,37,ES1 6,0.0
mean,2050,42,38,ES1 6,0.0
mean,2050,42,39,ES1 6,0.0
mean,2050,42,40,ES1 6,0.0
mean,2050,42,41,ES1 6,0.0
mean,2050,42,42,ES1 6,0.0
mean,2050,42,43,ES1 6,0.0
mean,2050,42,44,ES1 6,0.0
mean,2050,42,45,ES1 6,0.0
mean,2050,42,46,ES1 6,0.0
mean,2050,42,47,ES1 6,0.0
mean,2050,42,48,ES1 6,0.0
mean,2050,42,49,ES1 6,0.0
mean,2050,42,50,ES1 6,0.0
mean,2050,42,51,ES1 6,0.0
mean,2050,42,52,ES1 6,0.0
mean,2050,42,53,ES1 6,0.0
mean,2050,42,54,ES1 6,0.0
mean,2050,42,55,ES1 6,0.0
mean,2050,42,56,ES1 6,0.0
mean,2050,42,57,ES1 6,0.0
mean,2050,42,58,ES1 6,0.0
mean,2050,42,59,ES1 6,0.0
mean,2050,42,60,ES1 6,0.0
mean,2050,42,61,ES1 6,0.0
mean,2050,42,62,ES1 6,0.0
mean,2050,42,63,ES1 6,0.0
mean,2050,42,64,ES1 6,0.0
mean,2050,42,65,ES1 6,0.0
mean,2050,42,66,ES1 6,0.0
mean,2050,42,67,ES1 6,0.0
mean,2050,42,68,ES1 6,0.0
mean,2050,42,69,ES1 6,0.0
mean,2050,42,70,ES1 6,0.0
mean,2050,42,71,ES1 6,0.0
mean,2050,42,72,ES1 6,0.0
mean,2050,42,73,ES1 6,0.0
mean,2050,42,74,ES1 6,0.0
mean,2050,42,75,ES1 6,0.0
mean,2050,42,76,ES1 6,0.0
mean,2050,42,77,ES1 6,0.0
mean,2050,42,78,ES1 6,0.0
mean,2050,42,79,ES1 6,0.0
mean,2050,42,80,ES1 6,0.0
mean,2050,42,81,ES1 6,0.0
mean,2050,42,82,ES1 6,0.0
mean,2050,42,83,ES1 6,0.0
mean,2050,42,84,ES1 6,0.0
mean,2050,42,85,ES1 6,0.0
mean,2050,42,86,ES1 6,0.0
mean,2050,42,87,ES1 6,0.0
mean,2050,42,88,ES1 6,0.0
mean,2050,42,89,ES1 6,0.0
mean,2050,42,90,ES1 6,0.0
mean,2050,42,91,ES1 6,0.0
mean,2050,42,92,ES1 6,0.0
mean,2050,42,93,ES1 6,0.0
mean,2050,42,94,ES1 6,0.0
mean,2050,42,95,ES1 6,0.0
mean,2050,42,96,ES1 6,0.0
mean,2050,42,97,ES1 6,0.0
mean,2050,42,98,ES1 6,0.0
mean,2050,42,99,ES1 6,0.0
mean,2050,42,100,ES1 6,0.0
mean,2050,42,101,ES1 6,0.0
mean,2050,42,102,ES1 6,0.0
mean,2050,42,103,ES1 6,0.0
mean,2050,42,104,ES1 6,0.0
mean,2050,42,105,ES1 6,0.0
mean,2050,42,106,ES1 6,0.0
mean,2050,42,107,ES1 6,0.0
mean,2050,42,108,ES1 6,0.0
mean,2050,42,109,ES1 6,0.0
mean,2050,42,110,ES1 6,0.0
mean,2050,42,111,ES1 6,0.0
mean,2050,42,112,ES1 6,0.0
mean,2050,42,113,ES1 6,0.0
mean,2050,42,114,ES1 6,0.0
mean,2050,42,115,ES1 6,0.0
mean,2050,42,116,ES1 6,0.0
mean,2050,42,117,ES1 6,0.0
mean,2050,42,118,ES1 6,0.0
mean,2050,42,119,ES1 6,0.0
mean,2050,42,120,ES1 6,0.0
mean,2050,42,121,ES1 6,0.0
mean,2050,42,122,ES1 6,0.0
mean,2050,42,123,ES1 6,0.0
mean,2050,42,124,ES1 6,0.0
mean,2050,42,125,ES1 6,0.0
mean,2050,42,126,ES1 6,0.0
mean,2050,42,127,ES1 6,0.0
mean,2050,42,128,ES1 6,0.0
mean,2050,42,129,ES1 6,0.0
mean,2050,42,130,ES1 6,0.0
mean,2050,42,131,ES1 6,0.0
mean,2050,42,132,ES1 6,0.0
mean,2050,42,133,ES1 6,0.0
mean,2050,42,134,ES1 6,0.0
mean,2050,42,135,ES1 6,0.0
mean,2050,42,136,ES1 6,0.0
mean,2050,42,137,ES1 6,0.0
mean,2050,42,138,ES1 6,0.0
mean,2050,42,139,ES1 6,0.0
mean,2050,42,140,ES1 6,0.0
mean,2050,42,141,ES1 6,0.0
mean,2050,42,142,ES1 6,0.0
mean,2050,42,143,ES1 6,0.0
mean,2050,42,144,ES1 6,0.0
mean,2050,42,145,ES1 6,0.0
mean,2050,42,146,ES1 6,0.0
mean,2050,42,147,ES1 6,0.0
mean,2050,42,148,ES1 6,0.0
mean,2050,42,149,ES1 6,0.0
mean,2050,42,150,ES1 6,0.0
mean,2050,42,151,ES1 6,0.0
mean,2050,42,152,ES1 6,0.0
mean,2050,42,153,ES1 6,0.0
mean,2050,42,154,ES1 6,0.0
mean,2050,42,155,ES1 6,0.0
mean,2050,42,156,ES1 6,0.0
mean,2050,42,157,ES1 6,0.0
mean,2050,42,158,ES1 6,0.0
mean,2050,42,159,ES1 6,0.0
mean,2050,42,160,ES1 6,0.0
mean,2050,42,161,ES1 6,0.0
mean,2050,42,162,ES1 6,0.0
mean,2050,42,163,ES1 6,0.0
mean,2050,42,164,ES1 6,0.0
mean,2050,42,165,ES1 6,0.0
mean,2050,42,166,ES1 6,0.0
mean,2050,42,167,ES1 6,0.0
mean,2050,52,0,ES1 6,0.0
mean,2050,52,1,ES1 6,0.0
mean,2050,52,2,ES1 6,0.0
mean,2050,52,3,ES1 6,0.0
mean,2050,52,4,ES1 6,0.0
mean,2050,52,5,ES1 6,0.0
mean,2050,52,6,ES1 6,0.0
mean,2050,52,7,ES1 6,0.0
mean,2050,52,8,ES1 6,0.0
mean,2050,52,9,ES1 6,0.0
mean,2050,52,10,ES1 6,0.0
mean,2050,52,11,ES1 6,0.0
mean,2050,52,12,ES1 6,0.0
mean,2050,52,13,ES1 6,0.0
mean,2050,52,14,ES1 6,0.0
mean,2050,52,15,ES1 6,0.0
mean,2050,52,16,ES1 6,0.0
mean,2050,52,17,ES1 6,0.0
mean,2050,52,18,ES1 6,0.0
mean,2050,52,19,ES1 6,0.0
mean,2050,52,20,ES1 6,0.0
mean,2050,52,21,ES1 6,0.0
mean,2050,52,22,ES1 6,0.0
mean,2050,52,23,ES1 6,0.0
mean,2050,52,24,ES1 6,0.0
mean,2050,52,25,ES1 6,0.0
mean,2050,52,26,ES1 6,0.0
mean,2050,52,27,ES1 6,0.0
mean,2050,52,28,ES1 6,0.0
mean,2050,52,29,ES1 6,0.0
mean,2050,52,30,ES1 6,0.0
mean,2050,52,31,ES1 6,0.0
mean,2050,52,32,ES1 6,0.0
mean,2050,52,33,ES1 6,0.0
mean,2050,52,34,ES1 6,0.0
mean,2050,52,35,ES1 6,0.0
mean,2050,52,36,ES1 6,0.0
mean,2050,52,37,ES1 6,0.0
mean,2050,52,38,ES1 6,0.0
mean,2050,52,39,ES1 6,0.0
mean,2050,52,40,ES1 6,0.0
mean,2050,52,41,ES1 6,0.0
mean,2050,52,42,ES1 6,0.0
mean,2050,52,43,ES1 6,0.0
mean,2050,52,44,ES1 6,0.0
mean,2050,52,45,ES1 6,0.0
mean,2050,52,46,ES1 6,0.0
mean,2050,52,47,ES1 6,0.0
mean,2050,52,48,ES1 6,0.0
mean,2050,52,49,ES1 6,0.0
mean,2050,52,50,ES1 6,0.0
mean,2050,52,51,ES1 6,0.0
mean,2050,52,52,ES1 6,0.0
mean,2050,52,53,ES1 6,0.0
mean,2050,52,54,ES1 6,0.0
mean,2050,52,55,ES1 6,0.0
mean,2050,52,56,ES1 6,0.0
mean,2050,52,57,ES1 6,0.0
mean,2050,52,58,ES1 6,0.0
mean,2050,52,59,ES1 6,0.0
mean,2050,52,60,ES1 6,0.0
mean,2050,52,61,ES1 6,0.0
mean,2050,52,62,ES1 6,0.0
mean,2050,52,63,ES1 6,0.0
mean,2050,52,64,ES1 6,0.0
mean,2050,52,65,ES1 6,0.0
mean,2050,52,66,ES1 6,0.0
mean,2050,52,67,ES1 6,0.0
mean,2050,52,68,ES1 6,0.0
mean,2050,52,69,ES1 6,0.0
mean,2050,52,70,ES1 6,0.0
mean,2050,52,71,ES1 6,0.0
mean,2050,52,72,ES1 6,0.0
mean,2050,52,73,ES1 6,0.0
mean,2050,52,74,ES1 6,0.0
mean,2050,52,75,ES1 6,0.0
mean,2050,52,76,ES1 6,0.0
mean,2050,52,77,ES1 6,0.0
mean,2050,52,78,ES1 6,0.0
mean,2050,52,79,ES1 6,0.0
mean,2050,52,80,ES1 6,0.0
mean,2050,52,81,ES1 6,0.0
mean,2050,52,82,ES1 6,0.0
mean,2050,52,83,ES1 6,0.0
mean,2050,52,84,ES1 6,0.0
mean,2050,52,85,ES1 6,0.0
mean,2050,52,86,ES1 6,0.0
mean,2050,52,87,ES1 6,0.0
mean,2050,52,88,ES1 6,0.0
mean,2050,52,89,ES1 6,0.0
mean,2050,52,90,ES1 6,0.0
mean,2050,52,91,ES1 6,0.0
mean,2050,52,92,ES1 6,0.0
mean,2050,52,93,ES1 6,0.0
mean,2050,52,94,ES1 6,0.0
mean,2050,52,95,ES1 6,0.0
mean,2050,52,96,ES1 6,0.0
mean,2050,52,97,ES1 6,0.0
mean,2050,52,98,ES1 6,0.0
mean,2050,52,99,ES1 6,0.0
mean,2050,52,100,ES1 6,0.0
mean,2050,52,101,ES1 6,0.0
mean,2050,52,102,ES1 6,0.0
mean,2050,52,103,ES1 6,0.0
mean,2050,52,104,ES1 6,0.0
mean,2050,52,105,ES1 6,0.0
mean,2050,52,106,ES1 6,0.0
mean,2050,52,107,ES1 6,0.0
mean,2050,52,108,ES1 6,0.0
mean,2050,52,109,ES1 6,0.0
mean,2050,52,110,ES1 6,0.0
mean,2050,52,111,ES1 6,0.0
mean,2050,52,112,ES1 6,0.0
mean,2050,52,113,ES1 6,0.0
mean,2050,52,114,ES1 6,0.0
mean,2050,52,115,ES1 6,0.0
mean,2050,52,116,ES1 6,0.0
mean,2050,52,117,ES1 6,0.0
mean,2050,52,118,ES1 6,0.0
mean,2050,52,119,ES1 6,0.0
mean,2050,52,120,ES1 6,0.0
mean,2050,52,121,ES1 6,0.0
mean,2050,52,122,ES1 6,0.0
mean,2050,52,123,ES1 6,0.0
mean,2050,52,124,ES1 6,0.0
mean,2050,52,125,ES1 6,0.0
mean,2050,52,126,ES1 6,0.0
mean,2050,52,127,ES1 6,0.0
mean,2050,52,128,ES1 6,0.0
mean,2050,52,129,ES1 6,0.0
mean,2050,52,130,ES1 6,0.0
mean,2050,52,131,ES1 6,0.0
mean,2050,52,132,ES1 6,0.0
mean,2050,52,133,ES1 6,0.0
mean,2050,52,134,ES1 6,0.0
mean,2050,52,135,ES1 6,0.0
mean,2050,52,136,ES1 6,0.0
mean,2050,52,137,ES1 6,0.0
mean,2050,52,138,ES1 6,0.0
mean,2050,52,139,ES1 6,0.0
mean,2050,52,140,ES1 6,0.0
mean,2050,52,141,ES1 6,0.0
mean,2050,52,142,ES1 6,0.0
mean,2050,52,143,ES1 6,0.0
mean,2050,52,144,ES1 6,0.0
mean,2050,52,145,ES1 6,0.0
mean,2050,52,146,ES1 6,0.0
mean,2050,52,147,ES1 6,0.0
mean,2050,52,148,ES1 6,0.0
mean,2050,52,149,ES1 6,0.0
mean,2050,52,150,ES1 6,0.0
mean,2050,52,151,ES1 6,0.0
mean,2050,52,152,ES1 6,0.0
mean,2050,52,153,ES1 6,0.0
mean,2050,52,154,ES1 6,0.0
mean,2050,52,155,ES1 6,0.0
mean,2050,52,156,ES1 6,0.0
mean,2050,52,157,ES1 6,0.0
mean,2050,52,158,ES1 6,0.0
mean,2050,52,159,ES1 6,0.0
mean,2050,52,160,ES1 6,0.0
mean,2050,52,161,ES1 6,0.0
mean,2050,52,162,ES1 6,0.0
mean,2050,52,163,ES1 6,0.0
mean,2050,52,164,ES1 6,0.0
mean,2050,52,165,ES1 6,0.0
mean,2050,52,166,ES1 6,0.0
mean,2050,52,167,ES1 6,0.0
mean,2025,11,0,ES1 7,0.0
mean,2025,11,1,ES1 7,0.0
mean,2025,11,2,ES1 7,0.0
mean,2025,11,3,ES1 7,0.0
mean,2025,11,4,ES1 7,0.0
mean,2025,11,5,ES1 7,0.0
mean,2025,11,6,ES1 7,0.0
mean,2025,11,7,ES1 7,0.0
mean,2025,11,8,ES1 7,0.0
mean,2025,11,9,ES1 7,0.0
mean,2025,11,10,ES1 7,0.0
mean,2025,11,11,ES1 7,0.0
mean,2025,11,12,ES1 7,0.0
mean,2025,11,13,ES1 7,0.0
mean,2025,11,14,ES1 7,0.0
mean,2025,11,15,ES1 7,0.0
mean,2025,11,16,ES1 7,0.0
mean,2025,11,17,ES1 7,0.0
mean,2025,11,18,ES1 7,0.0
mean,2025,11,19,ES1 7,0.0
mean,2025,11,20,ES1 7,0.0
mean,2025,11,21,ES1 7,0.0
mean,2025,11,22,ES1 7,0.0
mean,2025,11,23,ES1 7,0.0
mean,2025,11,24,ES1 7,0.0
mean,2025,11,25,ES1 7,0.0
mean,2025,11,26,ES1 7,0.0
mean,2025,11,27,ES1 7,0.0
mean,2025,11,28,ES1 7,0.0
mean,2025,11,29,ES1 7,0.0
mean,2025,11,30,ES1 7,0.0
mean,2025,11,31,ES1 7,0.0
mean,2025,11,32,ES1 7,0.0
mean,2025,11,33,ES1 7,0.0
mean,2025,11,34,ES1 7,0.0
mean,2025,11,35,ES1 7,0.0
mean,2025,11,36,ES1 7,0.0
mean,2025,11,37,ES1 7,0.0
mean,2025,11,38,ES1 7,0.0
mean,2025,11,39,ES1 7,0.0
mean,2025,11,40,ES1 7,0.0
mean,2025,11,41,ES1 7,0.0
mean,2025,11,42,ES1 7,0.0
mean,2025,11,43,ES1 7,0.0
mean,2025,11,44,ES1 7,0.0
mean,2025,11,45,ES1 7,0.0
mean,2025,11,46,ES1 7,0.0
mean,2025,11,47,ES1 7,0.0
mean,2025,11,48,ES1 7,0.0
mean,2025,11,49,ES1 7,0.0
mean,2025,11,50,ES1 7,0.0
mean,2025,11,51,ES1 7,0.0
mean,2025,11,52,ES1 7,0.0
mean,2025,11,53,ES1 7,0.0
mean,2025,11,54,ES1 7,0.0
mean,2025,11,55,ES1 7,0.0
mean,2025,11,56,ES1 7,0.0
mean,2025,11,57,ES1 7,0.0
mean,2025,11,58,ES1 7,0.0
mean,2025,11,59,ES1 7,0.0
mean,2025,11,60,ES1 7,0.0
mean,2025,11,61,ES1 7,0.0
mean,2025,11,62,ES1 7,0.0
mean,2025,11,63,ES1 7,0.0
mean,2025,11,64,ES1 7,0.0
mean,2025,11,65,ES1 7,0.0
mean,2025,11,66,ES1 7,0.0
mean,2025,11,67,ES1 7,0.0
mean,2025,11,68,ES1 7,0.0
mean,2025,11,69,ES1 7,0.0
mean,2025,11,70,ES1 7,0.0
mean,2025,11,71,ES1 7,0.0
mean,2025,11,72,ES1 7,0.0
mean,2025,11,73,ES1 7,0.0
mean,2025,11,74,ES1 7,0.0
mean,2025,11,75,ES1 7,0.0
mean,2025,11,76,ES1 7,0.0
mean,2025,11,77,ES1 7,0.0
mean,2025,11,78,ES1 7,0.0
mean,2025,11,79,ES1 7,0.0
mean,2025,11,80,ES1 7,0.0
mean,2025,11,81,ES1 7,0.0
mean,2025,11,82,ES1 7,0.0
mean,2025,11,83,ES1 7,0.0
mean,2025,11,84,ES1 7,0.0
mean,2025,11,85,ES1 7,0.0
mean,2025,11,86,ES1 7,0.0
mean,2025,11,87,ES1 7,0.0
mean,2025,11,88,ES1 7,0.0
mean,2025,11,89,ES1 7,0.0
mean,2025,11,90,ES1 7,0.0
mean,2025,11,91,ES1 7,0.0
mean,2025,11,92,ES1 7,0.0
mean,2025,11,93,ES1 7,0.0
mean,2025,11,94,ES1 7,0.0
mean,2025,11,95,ES1 7,0.0
mean,2025,11,96,ES1 7,0.0
mean,2025,11,97,ES1 7,0.0
mean,2025,11,98,ES1 7,0.0
mean,2025,11,99,ES1 7,0.0
mean,2025,11,100,ES1 7,0.0
mean,2025,11,101,ES1 7,0.0
mean,2025,11,102,ES1 7,0.0
mean,2025,11,103,ES1 7,0.0
mean,2025,11,104,ES1 7,0.0
mean,2025,11,105,ES1 7,0.0
mean,2025,11,106,ES1 7,0.0
mean,2025,11,107,ES1 7,0.0
mean,2025,11,108,ES1 7,0.0
mean,2025,11,109,ES1 7,0.0
mean,2025,11,110,ES1 7,0.0
mean,2025,11,111,ES1 7,0.0
mean,2025,11,112,ES1 7,0.0
mean,2025,11,113,ES1 7,0.0
mean,2025,11,114,ES1 7,0.0
mean,2025,11,115,ES1 7,0.0
mean,2025,11,116,ES1 7,0.0
mean,2025,11,117,ES1 7,0.0
mean,2025,11,118,ES1 7,0.0
mean,2025,11,119,ES1 7,0.0
mean,2025,11,120,ES1 7,0.0
mean,2025,11,121,ES1 7,0.0
mean,2025,11,122,ES1 7,0.0
mean,2025,11,123,ES1 7,0.0
mean,2025,11,124,ES1 7,0.0
mean,2025,11,125,ES1 7,0.0
mean,2025,11,126,ES1 7,0.0
mean,2025,11,127,ES1 7,0.0
mean,2025,11,128,ES1 7,0.0
mean,2025,11,129,ES1 7,0.0
mean,2025,11,130,ES1 7,0.0
mean,2025,11,131,ES1 7,0.0
mean,2025,11,132,ES1 7,0.0
mean,2025,11,133,ES1 7,0.0
mean,2025,11,134,ES1 7,0.0
mean,2025,11,135,ES1 7,0.0
mean,2025,11,136,ES1 7,0.0
mean,2025,11,137,ES1 7,0.0
mean,2025,11,138,ES1 7,0.0
mean,2025,11,139,ES1 7,0.0
mean,2025,11,140,ES1 7,0.0
mean,2025,11,141,ES1 7,0.0
mean,2025,11,142,ES1 7,0.0
mean,2025,11,143,ES1 7,0.0
mean,2025,11,144,ES1 7,0.0
mean,2025,11,145,ES1 7,0.0
mean,2025,11,146,ES1 7,0.0
mean,2025,11,147,ES1 7,0.0
mean,2025,11,148,ES1 7,0.0
mean,2025,11,149,ES1 7,0.0
mean,2025,11,150,ES1 7,0.0
mean,2025,11,151,ES1 7,0.0
mean,2025,11,152,ES1 7,0.0
mean,2025,11,153,ES1 7,0.0
mean,2025,11,154,ES1 7,0.0
mean,2025,11,155,ES1 7,0.0
mean,2025,11,156,ES1 7,0.0
mean,2025,11,157,ES1 7,0.0
mean,2025,11,158,ES1 7,0.0
mean,2025,11,159,ES1 7,0.0
mean,2025,11,160,ES1 7,0.0
mean,2025,11,161,ES1 7,0.0
mean,2025,11,162,ES1 7,0.0
mean,2025,11,163,ES1 7,0.0
mean,2025,11,164,ES1 7,0.0
mean,2025,11,165,ES1 7,0.0
mean,2025,11,166,ES1 7,0.0
mean,2025,11,167,ES1 7,0.0
mean,2025,21,0,ES1 7,0.0
mean,2025,21,1,ES1 7,-16.77694609761222
mean,2025,21,2,ES1 7,-18.906103389344356
mean,2025,21,3,ES1 7,-18.906103389344356
mean,2025,21,4,ES1 7,-20.493842063250327
mean,2025,21,5,ES1 7,-20.493842063250327
mean,2025,21,6,ES1 7,-20.493842063250327
mean,2025,21,7,ES1 7,-18.906103389344356
mean,2025,21,8,ES1 7,0.0
mean,2025,21,9,ES1 7,0.0
mean,2025,21,10,ES1 7,0.0
mean,2025,21,11,ES1 7,0.0
mean,2025,21,12,ES1 7,0.0
mean,2025,21,13,ES1 7,0.0
mean,2025,21,14,ES1 7,0.0
mean,2025,21,15,ES1 7,0.0
mean,2025,21,16,ES1 7,0.0
mean,2025,21,17,ES1 7,0.0
mean,2025,21,18,ES1 7,-16.77694609761222
mean,2025,21,19,ES1 7,-20.493842063250327
mean,2025,21,20,ES1 7,-20.493842063250327
mean,2025,21,21,ES1 7,-16.77694609761222
mean,2025,21,22,ES1 7,-16.77694609761222
mean,2025,21,23,ES1 7,0.0
mean,2025,21,24,ES1 7,0.0
mean,2025,21,25,ES1 7,0.0
mean,2025,21,26,ES1 7,0.0
mean,2025,21,27,ES1 7,0.0
mean,2025,21,28,ES1 7,0.0
mean,2025,21,29,ES1 7,-16.77694609761222
mean,2025,21,30,ES1 7,-20.493842063250327
mean,2025,21,31,ES1 7,-16.77694609761222
mean,2025,21,32,ES1 7,0.0
mean,2025,21,33,ES1 7,0.0
mean,2025,21,34,ES1 7,0.0
mean,2025,21,35,ES1 7,0.0
mean,2025,21,36,ES1 7,0.0
mean,2025,21,37,ES1 7,0.0
mean,2025,21,38,ES1 7,0.0
mean,2025,21,39,ES1 7,0.0
mean,2025,21,40,ES1 7,0.0
mean,2025,21,41,ES1 7,0.0
mean,2025,21,42,ES1 7,0.0
mean,2025,21,43,ES1 7,0.0
mean,2025,21,44,ES1 7,0.0
mean,2025,21,45,ES1 7,0.0
mean,2025,21,46,ES1 7,0.0
mean,2025,21,47,ES1 7,0.0
mean,2025,21,48,ES1 7,0.0
mean,2025,21,49,ES1 7,0.0
mean,2025,21,50,ES1 7,0.0
mean,2025,21,51,ES1 7,0.0
mean,2025,21,52,ES1 7,0.0
mean,2025,21,53,ES1 7,0.0
mean,2025,21,54,ES1 7,0.0
mean,2025,21,55,ES1 7,0.0
mean,2025,21,56,ES1 7,0.0
mean,2025,21,57,ES1 7,0.0
mean,2025,21,58,ES1 7,0.0
mean,2025,21,59,ES1 7,0.0
mean,2025,21,60,ES1 7,0.0
mean,2025,21,61,ES1 7,0.0
mean,2025,21,62,ES1 7,0.0
mean,2025,21,63,ES1 7,0.0
mean,2025,21,64,ES1 7,0.0
mean,2025,21,65,ES1 7,0.0
mean,2025,21,66,ES1 7,0.0
mean,2025,21,67,ES1 7,0.0
mean,2025,21,68,ES1 7,0.0
mean,2025,21,69,ES1 7,0.0
mean,2025,21,70,ES1 7,0.0
mean,2025,21,71,ES1 7,0.0
mean,2025,21,72,ES1 7,0.0
mean,2025,21,73,ES1 7,0.0
mean,2025,21,74,ES1 7,0.0
mean,2025,21,75,ES1 7,0.0
mean,2025,21,76,ES1 7,0.0
mean,2025,21,77,ES1 7,0.0
mean,2025,21,78,ES1 7,0.0
mean,2025,21,79,ES1 7,0.0
mean,2025,21,80,ES1 7,0.0
mean,2025,21,81,ES1 7,0.0
mean,2025,21,82,ES1 7,0.0
mean,2025,21,83,ES1 7,0.0
mean,2025,21,84,ES1 7,0.0
mean,2025,21,85,ES1 7,0.0
mean,2025,21,86,ES1 7,0.0
mean,2025,21,87,ES1 7,0.0
mean,2025,21,88,ES1 7,0.0
mean,2025,21,89,ES1 7,0.0
mean,2025,21,90,ES1 7,0.0
mean,2025,21,91,ES1 7,0.0
mean,2025,21,92,ES1 7,0.0
mean,2025,21,93,ES1 7,0.0
mean,2025,21,94,ES1 7,0.0
mean,2025,21,95,ES1 7,0.0
mean,2025,21,96,ES1 7,0.0
mean,2025,21,97,ES1 7,0.0
mean,2025,21,98,ES1 7,0.0
mean,2025,21,99,ES1 7,0.0
mean,2025,21,100,ES1 7,0.0
mean,2025,21,101,ES1 7,0.0
mean,2025,21,102,ES1 7,0.0
mean,2025,21,103,ES1 7,0.0
mean,2025,21,104,ES1 7,0.0
mean,2025,21,105,ES1 7,0.0
mean,2025,21,106,ES1 7,0.0
mean,2025,21,107,ES1 7,0.0
mean,2025,21,108,ES1 7,0.0
mean,2025,21,109,ES1 7,0.0
mean,2025,21,110,ES1 7,0.0
mean,2025,21,111,ES1 7,0.0
mean,2025,21,112,ES1 7,0.0
mean,2025,21,113,ES1 7,0.0
mean,2025,21,114,ES1 7,0.0
mean,2025,21,115,ES1 7,0.0
mean,2025,21,116,ES1 7,0.0
mean,2025,21,117,ES1 7,0.0
mean,2025,21,118,ES1 7,0.0
mean,2025,21,119,ES1 7,0.0
mean,2025,21,120,ES1 7,0.0
mean,2025,21,121,ES1 7,0.0
mean,2025,21,122,ES1 7,0.0
mean,2025,21,123,ES1 7,0.0
mean,2025,21,124,ES1 7,0.0
mean,2025,21,125,ES1 7,0.0
mean,2025,21,126,ES1 7,0.0
mean,2025,21,127,ES1 7,0.0
mean,2025,21,128,ES1 7,0.0
mean,2025,21,129,ES1 7,0.0
mean,2025,21,130,ES1 7,0.0
mean,2025,21,131,ES1 7,0.0
mean,2025,21,132,ES1 7,0.0
mean,2025,21,133,ES1 7,0.0
mean,2025,21,134,ES1 7,0.0
mean,2025,21,135,ES1 7,0.0
mean,2025,21,136,ES1 7,0.0
mean,2025,21,137,ES1 7,0.0
mean,2025,21,138,ES1 7,0.0
mean,2025,21,139,ES1 7,0.0
mean,2025,21,140,ES1 7,0.0
mean,2025,21,141,ES1 7,0.0
mean,2025,21,142,ES1 7,0.0
mean,2025,21,143,ES1 7,0.0
mean,2025,21,144,ES1 7,0.0
mean,2025,21,145,ES1 7,0.0
mean,2025,21,146,ES1 7,0.0
mean,2025,21,147,ES1 7,0.0
mean,2025,21,148,ES1 7,0.0
mean,2025,21,149,ES1 7,0.0
mean,2025,21,150,ES1 7,0.0
mean,2025,21,151,ES1 7,0.0
mean,2025,21,152,ES1 7,0.0
mean,2025,21,153,ES1 7,0.0
mean,2025,21,154,ES1 7,0.0
mean,2025,21,155,ES1 7,0.0
mean,2025,21,156,ES1 7,0.0
mean,2025,21,157,ES1 7,0.0
mean,2025,21,158,ES1 7,0.0
mean,2025,21,159,ES1 7,0.0
mean,2025,21,160,ES1 7,0.0
mean,2025,21,161,ES1 7,0.0
mean,2025,21,162,ES1 7,0.0
mean,2025,21,163,ES1 7,0.0
mean,2025,21,164,ES1 7,0.0
mean,2025,21,165,ES1 7,0.0
mean,2025,21,166,ES1 7,0.0
mean,2025,21,167,ES1 7,0.0
mean,2025,42,0,ES1 7,0.0
mean,2025,42,1,ES1 7,-20.493842063250327
mean,2025,42,2,ES1 7,-20.493842063250327
mean,2025,42,3,ES1 7,-20.493842063250327
mean,2025,42,4,ES1 7,-20.493842063250327
mean,2025,42,5,ES1 7,-23.07832525537751
mean,2025,42,6,ES1 7,-25.20958983428084
mean,2025,42,7,ES1 7,-23.07832525537751
mean,2025,42,8,ES1 7,-18.906103389344356
mean,2025,42,9,ES1 7,0.0
mean,2025,42,10,ES1 7,0.0
mean,2025,42,11,ES1 7,-16.77694609761222
mean,2025,42,12,ES1 7,0.0
mean,2025,42,13,ES1 7,0.0
mean,2025,42,14,ES1 7,0.0
mean,2025,42,15,ES1 7,0.0
mean,2025,42,16,ES1 7,0.0
mean,2025,42,17,ES1 7,-20.493842063250327
mean,2025,42,18,ES1 7,-20.493842063250327
mean,2025,42,19,ES1 7,-18.906103389344356
mean,2025,42,20,ES1 7,0.0
mean,2025,42,21,ES1 7,0.0
mean,2025,42,22,ES1 7,0.0
mean,2025,42,23,ES1 7,0.0
mean,2025,42,24,ES1 7,0.0
mean,2025,42,25,ES1 7,0.0
mean,2025,42,26,ES1 7,0.0
mean,2025,42,27,ES1 7,0.0
mean,2025,42,28,ES1 7,0.0
mean,2025,42,29,ES1 7,0.0
mean,2025,42,30,ES1 7,0.0
mean,2025,42,31,ES1 7,0.0
mean,2025,42,32,ES1 7,0.0
mean,2025,42,33,ES1 7,0.0
mean,2025,42,34,ES1 7,0.0
mean,2025,42,35,ES1 7,0.0
mean,2025,42,36,ES1 7,0.0
mean,2025,42,37,ES1 7,0.0
mean,2025,42,38,ES1 7,0.0
mean,2025,42,39,ES1 7,0.0
mean,2025,42,40,ES1 7,0.0
mean,2025,42,41,ES1 7,0.0
mean,2025,42,42,ES1 7,0.0
mean,2025,42,43,ES1 7,0.0
mean,2025,42,44,ES1 7,0.0
mean,2025,42,45,ES1 7,0.0
mean,2025,42,46,ES1 7,0.0
mean,2025,42,47,ES1 7,0.0
mean,2025,42,48,ES1 7,0.0
mean,2025,42,49,ES1 7,0.0
mean,2025,42,50,ES1 7,0.0
mean,2025,42,51,ES1 7,0.0
mean,2025,42,52,ES1 7,0.0
mean,2025,42,53,ES1 7,0.0
mean,2025,42,54,ES1 7,0.0
mean,2025,42,55,ES1 7,0.0
mean,2025,42,56,ES1 7,0.0
mean,2025,42,57,ES1 7,0.0
mean,2025,42,58,ES1 7,0.0
mean,2025,42,59,ES1 7,0.0
mean,2025,42,60,ES1 7,0.0
mean,2025,42,61,ES1 7,0.0
mean,2025,42,62,ES1 7,0.0
mean,2025,42,63,ES1 7,0.0
mean,2025,42,64,ES1 7,-16.511536527348504
mean,2025,42,65,ES1 7,-16.776946097613337
mean,2025,42,66,ES1 7,-17.042366732371818
mean,2025,42,67,ES1 7,-17.30779843208721
mean,2025,42,68,ES1 7,-17.573241197221677
mean,2025,42,69,ES1 7,-17.838695028236245
mean,2025,42,70,ES1 7,-18.104159925590835
mean,2025,42,71,ES1 7,-18.369635889747606
mean,2025,42,72,ES1 7,-18.63512292116871
mean,2025,42,73,ES1 7,-18.900621020315175
mean,2025,42,74,ES1 7,-19.166130187645816
mean,2025,42,75,ES1 7,-19.431650423625012
mean,2025,42,76,ES1 7,-19.697181728714916
mean,2025,42,77,ES1 7,-19.962724103374335
mean,2025,42,78,ES1 7,-20.228277548066536
mean,2025,42,79,ES1 7,-20.493842063250327
mean,2025,42,80,ES1 7,-18.906103389344356
mean,2025,42,81,ES1 7,-16.77694609761222
mean,2025,42,82,ES1 7,0.0
mean,2025,42,83,ES1 7,0.0
mean,2025,42,84,ES1 7,0.0
mean,2025,42,85,ES1 7,0.0
mean,2025,42,86,ES1 7,0.0
mean,2025,42,87,ES1 7,-16.77694609761222
mean,2025,42,88,ES1 7,-20.493842063250327
mean,2025,42,89,ES1 7,-23.07832525537751
mean,2025,42,90,ES1 7,-23.415782514876806
mean,2025,42,91,ES1 7,-23.07832525537751
mean,2025,42,92,ES1 7,-23.07832525537751
mean,2025,42,93,ES1 7,-20.493842063250327
mean,2025,42,94,ES1 7,-18.906103389344356
mean,2025,42,95,ES1 7,-18.906103389344356
mean,2025,42,96,ES1 7,-16.77694609761222
mean,2025,42,97,ES1 7,0.0
mean,2025,42,98,ES1 7,0.0
mean,2025,42,99,ES1 7,0.0
mean,2025,42,100,ES1 7,0.0
mean,2025,42,101,ES1 7,0.0
mean,2025,42,102,ES1 7,0.0
mean,2025,42,103,ES1 7,0.0
mean,2025,42,104,ES1 7,0.0
mean,2025,42,105,ES1 7,0.0
mean,2025,42,106,ES1 7,0.0
mean,2025,42,107,ES1 7,0.0
mean,2025,42,108,ES1 7,0.0
mean,2025,42,109,ES1 7,0.0
mean,2025,42,110,ES1 7,0.0
mean,2025,42,111,ES1 7,0.0
mean,2025,42,112,ES1 7,0.0
mean,2025,42,113,ES1 7,0.0
mean,2025,42,114,ES1 7,0.0
mean,2025,42,115,ES1 7,0.0
mean,2025,42,116,ES1 7,0.0
mean,2025,42,117,ES1 7,0.0
mean,2025,42,118,ES1 7,0.0
mean,2025,42,119,ES1 7,0.0
mean,2025,42,120,ES1 7,0.0
mean,2025,42,121,ES1 7,0.0
mean,2025,42,122,ES1 7,0.0
mean,2025,42,123,ES1 7,0.0
mean,2025,42,124,ES1 7,0.0
mean,2025,42,125,ES1 7,0.0
mean,2025,42,126,ES1 7,0.0
mean,2025,42,127,ES1 7,0.0
mean,2025,42,128,ES1 7,0.0
mean,2025,42,129,ES1 7,0.0
mean,2025,42,130,ES1 7,0.0
mean,2025,42,131,ES1 7,0.0
mean,2025,42,132,ES1 7,0.0
mean,2025,42,133,ES1 7,0.0
mean,2025,42,134,ES1 7,0.0
mean,2025,42,135,ES1 7,0.0
mean,2025,42,136,ES1 7,0.0
mean,2025,42,137,ES1 7,0.0
mean,2025,42,138,ES1 7,0.0
mean,2025,42,139,ES1 7,0.0
mean,2025,42,140,ES1 7,0.0
mean,2025,42,141,ES1 7,0.0
mean,2025,42,142,ES1 7,0.0
mean,2025,42,143,ES1 7,0.0
mean,2025,42,144,ES1 7,0.0
mean,2025,42,145,ES1 7,0.0
mean,2025,42,146,ES1 7,0.0
mean,2025,42,147,ES1 7,0.0
mean,2025,42,148,ES1 7,0.0
mean,2025,42,149,ES1 7,0.0
mean,2025,42,150,ES1 7,0.0
mean,2025,42,151,ES1 7,0.0
mean,2025,42,152,ES1 7,0.0
mean,2025,42,153,ES1 7,0.0
mean,2025,42,154,ES1 7,0.0
mean,2025,42,155,ES1 7,0.0
mean,2025,42,156,ES1 7,0.0
mean,2025,42,157,ES1 7,0.0
mean,2025,42,158,ES1 7,0.0
mean,2025,42,159,ES1 7,0.0
mean,2025,42,160,ES1 7,0.0
mean,2025,42,161,ES1 7,0.0
mean,2025,42,162,ES1 7,0.0
mean,2025,42,163,ES1 7,0.0
mean,2025,42,164,ES1 7,0.0
mean,2025,42,165,ES1 7,0.0
mean,2025,42,166,ES1 7,0.0
mean,2025,42,167,ES1 7,0.0
mean,2025,52,0,ES1 7,0.0
mean,2025,52,1,ES1 7,0.0
mean,2025,52,2,ES1 7,0.0
mean,2025,52,3,ES1 7,0.0
mean,2025,52,4,ES1 7,0.0
mean,2025,52,5,ES1 7,0.0
mean,2025,52,6,ES1 7,0.0
mean,2025,52,7,ES1 7,0.0
mean,2025,52,8,ES1 7,0.0
mean,2025,52,9,ES1 7,0.0
mean,2025,52,10,ES1 7,0.0
mean,2025,52,11,ES1 7,0.0
mean,2025,52,12,ES1 7,0.0
mean,2025,52,13,ES1 7,0.0
mean,2025,52,14,ES1 7,0.0
mean,2025,52,15,ES1 7,0.0
mean,2025,52,16,ES1 7,0.0
mean,2025,52,17,ES1 7,0.0
mean,2025,52,18,ES1 7,0.0
mean,2025,52,19,ES1 7,0.0
mean,2025,52,20,ES1 7,0.0
mean,2025,52,21,ES1 7,0.0
mean,2025,52,22,ES1 7,0.0
mean,2025,52,23,ES1 7,0.0
mean,2025,52,24,ES1 7,0.0
mean,2025,52,25,ES1 7,0.0
mean,2025,52,26,ES1 7,0.0
mean,2025,52,27,ES1 7,0.0
mean,2025,52,28,ES1 7,0.0
mean,2025,52,29,ES1 7,0.0
mean,2025,52,30,ES1 7,0.0
mean,2025,52,31,ES1 7,0.0
mean,2025,52,32,ES1 7,0.0
mean,2025,52,33,ES1 7,0.0
mean,2025,52,34,ES1 7,0.0
mean,2025,52,35,ES1 7,0.0
mean,2025,52,36,ES1 7,0.0
mean,2025,52,37,ES1 7,0.0
mean,2025,52,38,ES1 7,0.0
mean,2025,52,39,ES1 7,0.0
mean,2025,52,40,ES1 7,0.0
mean,2025,52,41,ES1 7,0.0
mean,2025,52,42,ES1 7,0.0
mean,2025,52,43,ES1 7,0.0
mean,2025,52,44,ES1 7,0.0
mean,2025,52,45,ES1 7,0.0
mean,2025,52,46,ES1 7,0.0
mean,2025,52,47,ES1 7,0.0
mean,2025,52,48,ES1 7,0.0
mean,2025,52,49,ES1 7,0.0
mean,2025,52,50,ES1 7,0.0
mean,2025,52,51,ES1 7,0.0
mean,2025,52,52,ES1 7,0.0
mean,2025,52,53,ES1 7,0.0
mean,2025,52,54,ES1 7,0.0
mean,2025,52,55,ES1 7,0.0
mean,2025,52,56,ES1 7,0.0
mean,2025,52,57,ES1 7,0.0
mean,2025,52,58,ES1 7,0.0
mean,2025,52,59,ES1 7,0.0
mean,2025,52,60,ES1 7,0.0
mean,2025,52,61,ES1 7,0.0
mean,2025,52,62,ES1 7,0.0
mean,2025,52,63,ES1 7,0.0
mean,2025,52,64,ES1 7,0.0
mean,2025,52,65,ES1 7,0.0
mean,2025,52,66,ES1 7,0.0
mean,2025,52,67,ES1 7,0.0
mean,2025,52,68,ES1 7,0.0
mean,2025,52,69,ES1 7,0.0
mean,2025,52,70,ES1 7,0.0
mean,2025,52,71,ES1 7,0.0
mean,2025,52,72,ES1 7,0.0
mean,2025,52,73,ES1 7,0.0
mean,2025,52,74,ES1 7,0.0
mean,2025,52,75,ES1 7,0.0
mean,2025,52,76,ES1 7,0.0
mean,2025,52,77,ES1 7,0.0
mean,2025,52,78,ES1 7,0.0
mean,2025,52,79,ES1 7,0.0
mean,2025,52,80,ES1 7,0.0
mean,2025,52,81,ES1 7,0.0
mean,2025,52,82,ES1 7,0.0
mean,2025,52,83,ES1 7,0.0
mean,2025,52,84,ES1 7,0.0
mean,2025,52,85,ES1 7,0.0
mean,2025,52,86,ES1 7,0.0
mean,2025,52,87,ES1 7,0.0
mean,2025,52,88,ES1 7,0.0
mean,2025,52,89,ES1 7,0.0
mean,2025,52,90,ES1 7,0.0
mean,2025,52,91,ES1 7,0.0
mean,2025,52,92,ES1 7,0.0
mean,2025,52,93,ES1 7,0.0
mean,2025,52,94,ES1 7,0.0
mean,2025,52,95,ES1 7,0.0
mean,2025,52,96,ES1 7,0.0
mean,2025,52,97,ES1 7,0.0
mean,2025,52,98,ES1 7,0.0
mean,2025,52,99,ES1 7,0.0
mean,2025,52,100,ES1 7,0.0
mean,2025,52,101,ES1 7,0.0
mean,2025,52,102,ES1 7,0.0
mean,2025,52,103,ES1 7,0.0
mean,2025,52,104,ES1 7,0.0
mean,2025,52,105,ES1 7,0.0
mean,2025,52,106,ES1 7,0.0
mean,2025,52,107,ES1 7,0.0
mean,2025,52,108,ES1 7,0.0
mean,2025,52,109,ES1 7,0.0
mean,2025,52,110,ES1 7,0.0
mean,2025,52,111,ES1 7,0.0
mean,2025,52,112,ES1 7,0.0
mean,2025,52,113,ES1 7,0.0
mean,2025,52,114,ES1 7,0.0
mean,2025,52,115,ES1 7,0.0
mean,2025,52,116,ES1 7,0.0
mean,2025,52,117,ES1 7,0.0
mean,2025,52,118,ES1 7,0.0
mean,2025,52,119,ES1 7,0.0
mean,2025,52,120,ES1 7,0.0
mean,2025,52,121,ES1 7,0.0
mean,2025,52,122,ES1 7,0.0
mean,2025,52,123,ES1 7,0.0
mean,2025,52,124,ES1 7,0.0
mean,2025,52,125,ES1 7,0.0
mean,2025,52,126,ES1 7,0.0
mean,2025,52,127,ES1 7,0.0
mean,2025,52,128,ES1 7,0.0
mean,2025,52,129,ES1 7,0.0
mean,2025,52,130,ES1 7,0.0
mean,2025,52,131,ES1 7,0.0
mean,2025,52,132,ES1 7,0.0
mean,2025,52,133,ES1 7,0.0
mean,2025,52,134,ES1 7,0.0
mean,2025,52,135,ES1 7,0.0
mean,2025,52,136,ES1 7,0.0
mean,2025,52,137,ES1 7,0.0
mean,2025,52,138,ES1 7,0.0
mean,2025,52,139,ES1 7,0.0
mean,2025,52,140,ES1 7,0.0
mean,2025,52,141,ES1 7,0.0
mean,2025,52,142,ES1 7,0.0
mean,2025,52,143,ES1 7,0.0
mean,2025,52,144,ES1 7,0.0
mean,2025,52,145,ES1 7,0.0
mean,2025,52,146,ES1 7,0.0
mean,2025,52,147,ES1 7,0.0
mean,2025,52,148,ES1 7,0.0
mean,2025,52,149,ES1 7,0.0
mean,2025,52,150,ES1 7,0.0
mean,2025,52,151,ES1 7,0.0
mean,2025,52,152,ES1 7,0.0
mean,2025,52,153,ES1 7,0.0
mean,2025,52,154,ES1 7,0.0
mean,2025,52,155,ES1 7,0.0
mean,2025,52,156,ES1 7,0.0
mean,2025,52,157,ES1 7,0.0
mean,2025,52,158,ES1 7,0.0
mean,2025,52,159,ES1 7,0.0
mean,2025,52,160,ES1 7,0.0
mean,2025,52,161,ES1 7,0.0
mean,2025,52,162,ES1 7,0.0
mean,2025,52,163,ES1 7,0.0
mean,2025,52,164,ES1 7,0.0
mean,2025,52,165,ES1 7,0.0
mean,2025,52,166,ES1 7,0.0
mean,2025,52,167,ES1 7,0.0
mean,2030,11,0,ES1 7,0.0
mean,2030,11,1,ES1 7,0.0
mean,2030,11,2,ES1 7,0.0
mean,2030,11,3,ES1 7,0.0
mean,2030,11,4,ES1 7,0.0
mean,2030,11,5,ES1 7,0.0
mean,2030,11,6,ES1 7,0.0
mean,2030,11,7,ES1 7,0.0
mean,2030,11,8,ES1 7,0.0
mean,2030,11,9,ES1 7,0.0
mean,2030,11,10,ES1 7,0.0
mean,2030,11,11,ES1 7,0.0
mean,2030,11,12,ES1 7,0.0
mean,2030,11,13,ES1 7,0.0
mean,2030,11,14,ES1 7,0.0
mean,2030,11,15,ES1 7,0.0
mean,2030,11,16,ES1 7,0.0
mean,2030,11,17,ES1 7,0.0
mean,2030,11,18,ES1 7,0.0
mean,2030,11,19,ES1 7,0.0
mean,2030,11,20,ES1 7,0.0
mean,2030,11,21,ES1 7,0.0
mean,2030,11,22,ES1 7,0.0
mean,2030,11,23,ES1 7,0.0
mean,2030,11,24,ES1 7,0.0
mean,2030,11,25,ES1 7,0.0
mean,2030,11,26,ES1 7,0.0
mean,2030,11,27,ES1 7,0.0
mean,2030,11,28,ES1 7,0.0
mean,2030,11,29,ES1 7,0.0
mean,2030,11,30,ES1 7,0.0
mean,2030,11,31,ES1 7,0.0
mean,2030,11,32,ES1 7,0.0
mean,2030,11,33,ES1 7,0.0
mean,2030,11,34,ES1 7,0.0
mean,2030,11,35,ES1 7,0.0
mean,2030,11,36,ES1 7,0.0
mean,2030,11,37,ES1 7,0.0
mean,2030,11,38,ES1 7,0.0
mean,2030,11,39,ES1 7,0.0
mean,2030,11,40,ES1 7,0.0
mean,2030,11,41,ES1 7,0.0
mean,2030,11,42,ES1 7,0.0
mean,2030,11,43,ES1 7,0.0
mean,2030,11,44,ES1 7,0.0
mean,2030,11,45,ES1 7,0.0
mean,2030,11,46,ES1 7,0.0
mean,2030,11,47,ES1 7,0.0
mean,2030,11,48,ES1 7,0.0
mean,2030,11,49,ES1 7,0.0
mean,2030,11,50,ES1 7,0.0
mean,2030,11,51,ES1 7,0.0
mean,2030,11,52,ES1 7,0.0
mean,2030,11,53,ES1 7,0.0
mean,2030,11,54,ES1 7,0.0
mean,2030,11,55,ES1 7,0.0
mean,2030,11,56,ES1 7,0.0
mean,2030,11,57,ES1 7,0.0
mean,2030,11,58,ES1 7,0.0
mean,2030,11,59,ES1 7,0.0
mean,2030,11,60,ES1 7,0.0
mean,2030,11,61,ES1 7,0.0
mean,2030,11,62,ES1 7,0.0
mean,2030,11,63,ES1 7,0.0
mean,2030,11,64,ES1 7,0.0
mean,2030,11,65,ES1 7,0.0
mean,2030,11,66,ES1 7,0.0
mean,2030,11,67,ES1 7,0.0
mean,2030,11,68,ES1 7,0.0
mean,2030,11,69,ES1 7,0.0
mean,2030,11,70,ES1 7,0.0
mean,2030,11,71,ES1 7,0.0
mean,2030,11,72,ES1 7,0.0
mean,2030,11,73,ES1 7,0.0
mean,2030,11,74,ES1 7,0.0
mean,2030,11,75,ES1 7,0.0
mean,2030,11,76,ES1 7,0.0
mean,2030,11,77,ES1 7,0.0
mean,2030,11,78,ES1 7,0.0
mean,2030,11,79,ES1 7,0.0
mean,2030,11,80,ES1 7,0.0
mean,2030,11,81,ES1 7,0.0
mean,2030,11,82,ES1 7,0.0
mean,2030,11,83,ES1 7,0.0
mean,2030,11,84,ES1 7,0.0
mean,2030,11,85,ES1 7,0.0
mean,2030,11,86,ES1 7,0.0
mean,2030,11,87,ES1 7,0.0
mean,2030,11,88,ES1 7,0.0
mean,2030,11,89,ES1 7,0.0
mean,2030,11,90,ES1 7,0.0
mean,2030,11,91,ES1 7,0.0
mean,2030,11,92,ES1 7,0.0
mean,2030,11,93,ES1 7,0.0
mean,2030,11,94,ES1 7,0.0
mean,2030,11,95,ES1 7,0.0
mean,2030,11,96,ES1 7,0.0
mean,2030,11,97,ES1 7,0.0
mean,2030,11,98,ES1 7,0.0
mean,2030,11,99,ES1 7,0.0
mean,2030,11,100,ES1 7,0.0
mean,2030,11,101,ES1 7,0.0
mean,2030,11,102,ES1 7,0.0
mean,2030,11,103,ES1 7,0.0
mean,2030,11,104,ES1 7,0.0
mean,2030,11,105,ES1 7,0.0
mean,2030,11,106,ES1 7,0.0
mean,2030,11,107,ES1 7,0.0
mean,2030,11,108,ES1 7,0.0
mean,2030,11,109,ES1 7,0.0
mean,2030,11,110,ES1 7,0.0
mean,2030,11,111,ES1 7,0.0
mean,2030,11,112,ES1 7,0.0
mean,2030,11,113,ES1 7,0.0
mean,2030,11,114,ES1 7,0.0
mean,2030,11,115,ES1 7,0.0
mean,2030,11,116,ES1 7,0.0
mean,2030,11,117,ES1 7,0.0
mean,2030,11,118,ES1 7,0.0
mean,2030,11,119,ES1 7,0.0
mean,2030,11,120,ES1 7,0.0
mean,2030,11,121,ES1 7,0.0
mean,2030,11,122,ES1 7,0.0
mean,2030,11,123,ES1 7,0.0
mean,2030,11,124,ES1 7,0.0
mean,2030,11,125,ES1 7,0.0
mean,2030,11,126,ES1 7,0.0
mean,2030,11,127,ES1 7,0.0
mean,2030,11,128,ES1 7,0.0
mean,2030,11,129,ES1 7,0.0
mean,2030,11,130,ES1 7,0.0
mean,2030,11,131,ES1 7,0.0
mean,2030,11,132,ES1 7,0.0
mean,2030,11,133,ES1 7,0.0
mean,2030,11,134,ES1 7,0.0
mean,2030,11,135,ES1 7,0.0
mean,2030,11,136,ES1 7,0.0
mean,2030,11,137,ES1 7,0.0
mean,2030,11,138,ES1 7,0.0
mean,2030,11,139,ES1 7,0.0
mean,2030,11,140,ES1 7,0.0
mean,2030,11,141,ES1 7,0.0
mean,2030,11,142,ES1 7,0.0
mean,2030,11,143,ES1 7,0.0
mean,2030,11,144,ES1 7,0.0
mean,2030,11,145,ES1 7,0.0
mean,2030,11,146,ES1 7,0.0
mean,2030,11,147,ES1 7,0.0
mean,2030,11,148,ES1 7,0.0
mean,2030,11,149,ES1 7,0.0
mean,2030,11,150,ES1 7,0.0
mean,2030,11,151,ES1 7,0.0
mean,2030,11,152,ES1 7,0.0
mean,2030,11,153,ES1 7,0.0
mean,2030,11,154,ES1 7,0.0
mean,2030,11,155,ES1 7,0.0
mean,2030,11,156,ES1 7,0.0
mean,2030,11,157,ES1 7,0.0
mean,2030,11,158,ES1 7,0.0
mean,2030,11,159,ES1 7,0.0
mean,2030,11,160,ES1 7,0.0
mean,2030,11,161,ES1 7,0.0
mean,2030,11,162,ES1 7,0.0
mean,2030,11,163,ES1 7,0.0
mean,2030,11,164,ES1 7,0.0
mean,2030,11,165,ES1 7,0.0
mean,2030,11,166,ES1 7,0.0
mean,2030,11,167,ES1 7,0.0
mean,2030,21,0,ES1 7,0.0
mean,2030,21,1,ES1 7,0.0
mean,2030,21,2,ES1 7,0.0
mean,2030,21,3,ES1 7,0.0
mean,2030,21,4,ES1 7,0.0
mean,2030,21,5,ES1 7,0.0
mean,2030,21,6,ES1 7,0.0
mean,2030,21,7,ES1 7,0.0
mean,2030,21,8,ES1 7,0.0
mean,2030,21,9,ES1 7,0.0
mean,2030,21,10,ES1 7,0.0
mean,2030,21,11,ES1 7,0.0
mean,2030,21,12,ES1 7,0.0
mean,2030,21,13,ES1 7,0.0
mean,2030,21,14,ES1 7,0.0
mean,2030,21,15,ES1 7,0.0
mean,2030,21,16,ES1 7,0.0
mean,2030,21,17,ES1 7,0.0
mean,2030,21,18,ES1 7,0.0
mean,2030,21,19,ES1 7,0.0
mean,2030,21,20,ES1 7,0.0
mean,2030,21,21,ES1 7,0.0
mean,2030,21,22,ES1 7,0.0
mean,2030,21,23,ES1 7,0.0
mean,2030,21,24,ES1 7,0.0
mean,2030,21,25,ES1 7,0.0
mean,2030,21,26,ES1 7,0.0
mean,2030,21,27,ES1 7,0.0
mean,2030,21,28,ES1 7,0.0
mean,2030,21,29,ES1 7,0.0
mean,2030,21,30,ES1 7,0.0
mean,2030,21,31,ES1 7,0.0
mean,2030,21,32,ES1 7,0.0
mean,2030,21,33,ES1 7,0.0
mean,2030,21,34,ES1 7,0.0
mean,2030,21,35,ES1 7,0.0
mean,2030,21,36,ES1 7,0.0
mean,2030,21,37,ES1 7,0.0
mean,2030,21,38,ES1 7,0.0
mean,2030,21,39,ES1 7,0.0
mean,2030,21,40,ES1 7,0.0
mean,2030,21,41,ES1 7,0.0
mean,2030,21,42,ES1 7,0.0
mean,2030,21,43,ES1 7,0.0
mean,2030,21,44,ES1 7,0.0
mean,2030,21,45,ES1 7,0.0
mean,2030,21,46,ES1 7,0.0
mean,2030,21,47,ES1 7,0.0
mean,2030,21,48,ES1 7,0.0
mean,2030,21,49,ES1 7,0.0
mean,2030,21,50,ES1 7,0.0
mean,2030,21,51,ES1 7,0.0
mean,2030,21,52,ES1 7,0.0
mean,2030,21,53,ES1 7,0.0
mean,2030,21,54,ES1 7,0.0
mean,2030,21,55,ES1 7,0.0
mean,2030,21,56,ES1 7,0.0
mean,2030,21,57,ES1 7,0.0
mean,2030,21,58,ES1 7,0.0
mean,2030,21,59,ES1 7,0.0
mean,2030,21,60,ES1 7,0.0
mean,2030,21,61,ES1 7,0.0
mean,2030,21,62,ES1 7,0.0
mean,2030,21,63,ES1 7,0.0
mean,2030,21,64,ES1 7,0.0
mean,2030,21,65,ES1 7,0.0
mean,2030,21,66,ES1 7,0.0
mean,2030,21,67,ES1 7,0.0
mean,2030,21,68,ES1 7,0.0
mean,2030,21,69,ES1 7,0.0
mean,2030,21,70,ES1 7,0.0
mean,2030,21,71,ES1 7,0.0
mean,2030,21,72,ES1 7,0.0
mean,2030,21,73,ES1 7,0.0
mean,2030,21,74,ES1 7,0.0
mean,2030,21,75,ES1 7,0.0
mean,2030,21,76,ES1 7,0.0
mean,2030,21,77,ES1 7,0.0
mean,2030,21,78,ES1 7,0.0
mean,2030,21,79,ES1 7,0.0
mean,2030,21,80,ES1 7,0.0
mean,2030,21,81,ES1 7,0.0
mean,2030,21,82,ES1 7,0.0
mean,2030,21,83,ES1 7,0.0
mean,2030,21,84,ES1 7,0.0
mean,2030,21,85,ES1 7,0.0
mean,2030,21,86,ES1 7,0.0
mean,2030,21,87,ES1 7,0.0
mean,2030,21,88,ES1 7,0.0
mean,2030,21,89,ES1 7,0.0
mean,2030,21,90,ES1 7,0.0
mean,2030,21,91,ES1 7,0.0
mean,2030,21,92,ES1 7,0.0
mean,2030,21,93,ES1 7,0.0
mean,2030,21,94,ES1 7,0.0
mean,2030,21,95,ES1 7,0.0
mean,2030,21,96,ES1 7,0.0
mean,2030,21,97,ES1 7,0.0
mean,2030,21,98,ES1 7,0.0
mean,2030,21,99,ES1 7,0.0
mean,2030,21,100,ES1 7,0.0
mean,2030,21,101,ES1 7,0.0
mean,2030,21,102,ES1 7,0.0
mean,2030,21,103,ES1 7,0.0
mean,2030,21,104,ES1 7,0.0
mean,2030,21,105,ES1 7,0.0
mean,2030,21,106,ES1 7,0.0
mean,2030,21,107,ES1 7,0.0
mean,2030,21,108,ES1 7,0.0
mean,2030,21,109,ES1 7,0.0
mean,2030,21,110,ES1 7,0.0
mean,2030,21,111,ES1 7,0.0
mean,2030,21,112,ES1 7,0.0
mean,2030,21,113,ES1 7,0.0
mean,2030,21,114,ES1 7,0.0
mean,2030,21,115,ES1 7,0.0
mean,2030,21,116,ES1 7,0.0
mean,2030,21,117,ES1 7,0.0
mean,2030,21,118,ES1 7,0.0
mean,2030,21,119,ES1 7,0.0
mean,2030,21,120,ES1 7,0.0
mean,2030,21,121,ES1 7,0.0
mean,2030,21,122,ES1 7,0.0
mean,2030,21,123,ES1 7,0.0
mean,2030,21,124,ES1 7,0.0
mean,2030,21,125,ES1 7,0.0
mean,2030,21,126,ES1 7,0.0
mean,2030,21,127,ES1 7,0.0
mean,2030,21,128,ES1 7,0.0
mean,2030,21,129,ES1 7,0.0
mean,2030,21,130,ES1 7,0.0
mean,2030,21,131,ES1 7,0.0
mean,2030,21,132,ES1 7,0.0
mean,2030,21,133,ES1 7,0.0
mean,2030,21,134,ES1 7,0.0
mean,2030,21,135,ES1 7,0.0
mean,2030,21,136,ES1 7,0.0
mean,2030,21,137,ES1 7,0.0
mean,2030,21,138,ES1 7,0.0
mean,2030,21,139,ES1 7,0.0
mean,2030,21,140,ES1 7,0.0
mean,2030,21,141,ES1 7,0.0
mean,2030,21,142,ES1 7,0.0
mean,2030,21,143,ES1 7,0.0
mean,2030,21,144,ES1 7,0.0
mean,2030,21,145,ES1 7,0.0
mean,2030,21,146,ES1 7,0.0
mean,2030,21,147,ES1 7,0.0
mean,2030,21,148,ES1 7,0.0
mean,2030,21,149,ES1 7,0.0
mean,2030,21,150,ES1 7,0.0
mean,2030,21,151,ES1 7,0.0
mean,2030,21,152,ES1 7,0.0
mean,2030,21,153,ES1 7,0.0
mean,2030,21,154,ES1 7,0.0
mean,2030,21,155,ES1 7,0.0
mean,2030,21,156,ES1 7,0.0
mean,2030,21,157,ES1 7,0.0
mean,2030,21,158,ES1 7,0.0
mean,2030,21,159,ES1 7,0.0
mean,2030,21,160,ES1 7,0.0
mean,2030,21,161,ES1 7,0.0
mean,2030,21,162,ES1 7,0.0
mean,2030,21,163,ES1 7,0.0
mean,2030,21,164,ES1 7,0.0
mean,2030,21,165,ES1 7,0.0
mean,2030,21,166,ES1 7,0.0
mean,2030,21,167,ES1 7,0.0
mean,2030,42,0,ES1 7,0.0
mean,2030,42,1,ES1 7,0.0
mean,2030,42,2,ES1 7,0.0
mean,2030,42,3,ES1 7,0.0
mean,2030,42,4,ES1 7,0.0
mean,2030,42,5,ES1 7,0.0
mean,2030,42,6,ES1 7,0.0
mean,2030,42,7,ES1 7,0.0
mean,2030,42,8,ES1 7,0.0
mean,2030,42,9,ES1 7,0.0
mean,2030,42,10,ES1 7,0.0
mean,2030,42,11,ES1 7,0.0
mean,2030,42,12,ES1 7,0.0
mean,2030,42,13,ES1 7,0.0
mean,2030,42,14,ES1 7,0.0
mean,2030,42,15,ES1 7,0.0
mean,2030,42,16,ES1 7,0.0
mean,2030,42,17,ES1 7,0.0
mean,2030,42,18,ES1 7,0.0
mean,2030,42,19,ES1 7,0.0
mean,2030,42,20,ES1 7,0.0
mean,2030,42,21,ES1 7,0.0
mean,2030,42,22,ES1 7,0.0
mean,2030,42,23,ES1 7,0.0
mean,2030,42,24,ES1 7,0.0
mean,2030,42,25,ES1 7,0.0
mean,2030,42,26,ES1 7,0.0
mean,2030,42,27,ES1 7,0.0
mean,2030,42,28,ES1 7,0.0
mean,2030,42,29,ES1 7,0.0
mean,2030,42,30,ES1 7,0.0
mean,2030,42,31,ES1 7,0.0
mean,2030,42,32,ES1 7,0.0
mean,2030,42,33,ES1 7,0.0
mean,2030,42,34,ES1 7,0.0
mean,2030,42,35,ES1 7,0.0
mean,2030,42,36,ES1 7,0.0
mean,2030,42,37,ES1 7,0.0
mean,2030,42,38,ES1 7,0.0
mean,2030,42,39,ES1 7,0.0
mean,2030,42,40,ES1 7,0.0
mean,2030,42,41,ES1 7,0.0
mean,2030,42,42,ES1 7,0.0
mean,2030,42,43,ES1 7,0.0
mean,2030,42,44,ES1 7,0.0
mean,2030,42,45,ES1 7,0.0
mean,2030,42,46,ES1 7,0.0
mean,2030,42,47,ES1 7,0.0
mean,2030,42,48,ES1 7,0.0
mean,2030,42,49,ES1 7,0.0
mean,2030,42,50,ES1 7,0.0
mean,2030,42,51,ES1 7,0.0
mean,2030,42,52,ES1 7,0.0
mean,2030,42,53,ES1 7,0.0
mean,2030,42,54,ES1 7,0.0
mean,2030,42,55,ES1 7,0.0
mean,2030,42,56,ES1 7,0.0
mean,2030,42,57,ES1 7,0.0
mean,2030,42,58,ES1 7,0.0
mean,2030,42,59,ES1 7,0.0
mean,2030,42,60,ES1 7,0.0
mean,2030,42,61,ES1 7,0.0
mean,2030,42,62,ES1 7,0.0
mean,2030,42,63,ES1 7,0.0
mean,2030,42,64,ES1 7,0.0
mean,2030,42,65,ES1 7,0.0
mean,2030,42,66,ES1 7,0.0
mean,2030,42,67,ES1 7,0.0
mean,2030,42,68,ES1 7,0.0
mean,2030,42,69,ES1 7,0.0
mean,2030,42,70,ES1 7,0.0
mean,2030,42,71,ES1 7,0.0
mean,2030,42,72,ES1 7,0.0
mean,2030,42,73,ES1 7,0.0
mean,2030,42,74,ES1 7,0.0
mean,2030,42,75,ES1 7,0.0
mean,2030,42,76,ES1 7,0.0
mean,2030,42,77,ES1 7,0.0
mean,2030,42,78,ES1 7,0.0
mean,2030,42,79,ES1 7,0.0
mean,2030,42,80,ES1 7,0.0
mean,2030,42,81,ES1 7,0.0
mean,2030,42,82,ES1 7,0.0
mean,2030,42,83,ES1 7,0.0
mean,2030,42,84,ES1 7,0.0
mean,2030,42,85,ES1 7,0.0
mean,2030,42,86,ES1 7,0.0
mean,2030,42,87,ES1 7,0.0
mean,2030,42,88,ES1 7,0.0
mean,2030,42,89,ES1 7,0.0
mean,2030,42,90,ES1 7,0.0
mean,2030,42,91,ES1 7,0.0
mean,2030,42,92,ES1 7,0.0
mean,2030,42,93,ES1 7,0.0
mean,2030,42,94,ES1 7,0.0
mean,2030,42,95,ES1 7,0.0
mean,2030,42,96,ES1 7,0.0
mean,2030,42,97,ES1 7,0.0
mean,2030,42,98,ES1 7,0.0
mean,2030,42,99,ES1 7,0.0
mean,2030,42,100,ES1 7,0.0
mean,2030,42,101,ES1 7,0.0
mean,2030,42,102,ES1 7,0.0
mean,2030,42,103,ES1 7,0.0
mean,2030,42,104,ES1 7,0.0
mean,2030,42,105,ES1 7,0.0
mean,2030,42,106,ES1 7,0.0
mean,2030,42,107,ES1 7,0.0
mean,2030,42,108,ES1 7,0.0
mean,2030,42,109,ES1 7,0.0
mean,2030,42,110,ES1 7,0.0
mean,2030,42,111,ES1 7,0.0
mean,2030,42,112,ES1 7,0.0
mean,2030,42,113,ES1 7,0.0
mean,2030,42,114,ES1 7,0.0
mean,2030,42,115,ES1 7,0.0
mean,2030,42,116,ES1 7,0.0
mean,2030,42,117,ES1 7,0.0
mean,2030,42,118,ES1 7,0.0
mean,2030,42,119,ES1 7,0.0
mean,2030,42,120,ES1 7,0.0
mean,2030,42,121,ES1 7,0.0
mean,2030,42,122,ES1 7,0.0
mean,2030,42,123,ES1 7,0.0
mean,2030,42,124,ES1 7,0.0
mean,2030,42,125,ES1 7,0.0
mean,2030,42,126,ES1 7,0.0
mean,2030,42,127,ES1 7,0.0
mean,2030,42,128,ES1 7,0.0
mean,2030,42,129,ES1 7,0.0
mean,2030,42,130,ES1 7,0.0
mean,2030,42,131,ES1 7,0.0
mean,2030,42,132,ES1 7,0.0
mean,2030,42,133,ES1 7,0.0
mean,2030,42,134,ES1 7,0.0
mean,2030,42,135,ES1 7,0.0
mean,2030,42,136,ES1 7,0.0
mean,2030,42,137,ES1 7,0.0
mean,2030,42,138,ES1 7,0.0
mean,2030,42,139,ES1 7,0.0
mean,2030,42,140,ES1 7,0.0
mean,2030,42,141,ES1 7,0.0
mean,2030,42,142,ES1 7,0.0
mean,2030,42,143,ES1 7,0.0
mean,2030,42,144,ES1 7,0.0
mean,2030,42,145,ES1 7,0.0
mean,2030,42,146,ES1 7,0.0
mean,2030,42,147,ES1 7,0.0
mean,2030,42,148,ES1 7,0.0
mean,2030,42,149,ES1 7,0.0
mean,2030,42,150,ES1 7,0.0
mean,2030,42,151,ES1 7,0.0
mean,2030,42,152,ES1 7,0.0
mean,2030,42,153,ES1 7,0.0
mean,2030,42,154,ES1 7,0.0
mean,2030,42,155,ES1 7,0.0
mean,2030,42,156,ES1 7,0.0
mean,2030,42,157,ES1 7,0.0
mean,2030,42,158,ES1 7,0.0
mean,2030,42,159,ES1 7,0.0
mean,2030,42,160,ES1 7,0.0
mean,2030,42,161,ES1 7,0.0
mean,2030,42,162,ES1 7,0.0
mean,2030,42,163,ES1 7,0.0
mean,2030,42,164,ES1 7,0.0
mean,2030,42,165,ES1 7,0.0
mean,2030,42,166,ES1 7,0.0
mean,2030,42,167,ES1 7,0.0
mean,2030,52,0,ES1 7,0.0
mean,2030,52,1,ES1 7,0.0
mean,2030,52,2,ES1 7,0.0
mean,2030,52,3,ES1 7,0.0
mean,2030,52,4,ES1 7,0.0
mean,2030,52,5,ES1 7,0.0
mean,2030,52,6,ES1 7,0.0
mean,2030,52,7,ES1 7,0.0
mean,2030,52,8,ES1 7,0.0
mean,2030,52,9,ES1 7,0.0
mean,2030,52,10,ES1 7,0.0
mean,2030,52,11,ES1 7,0.0
mean,2030,52,12,ES1 7,0.0
mean,2030,52,13,ES1 7,0.0
mean,2030,52,14,ES1 7,0.0
mean,2030,52,15,ES1 7,0.0
mean,2030,52,16,ES1 7,0.0
mean,2030,52,17,ES1 7,0.0
mean,2030,52,18,ES1 7,0.0
mean,2030,52,19,ES1 7,0.0
mean,2030,52,20,ES1 7,0.0
mean,2030,52,21,ES1 7,0.0
mean,2030,52,22,ES1 7,0.0
mean,2030,52,23,ES1 7,0.0
mean,2030,52,24,ES1 7,0.0
mean,2030,52,25,ES1 7,0.0
mean,2030,52,26,ES1 7,0.0
mean,2030,52,27,ES1 7,0.0
mean,2030,52,28,ES1 7,0.0
mean,2030,52,29,ES1 7,0.0
mean,2030,52,30,ES1 7,0.0
mean,2030,52,31,ES1 7,0.0
mean,2030,52,32,ES1 7,0.0
mean,2030,52,33,ES1 7,0.0
mean,2030,52,34,ES1 7,0.0
mean,2030,52,35,ES1 7,0.0
mean,2030,52,36,ES1 7,0.0
mean,2030,52,37,ES1 7,0.0
mean,2030,52,38,ES1 7,0.0
mean,2030,52,39,ES1 7,0.0
mean,2030,52,40,ES1 7,0.0
mean,2030,52,41,ES1 7,0.0
mean,2030,52,42,ES1 7,0.0
mean,2030,52,43,ES1 7,0.0
mean,2030,52,44,ES1 7,0.0
mean,2030,52,45,ES1 7,0.0
mean,2030,52,46,ES1 7,0.0
mean,2030,52,47,ES1 7,0.0
mean,2030,52,48,ES1 7,0.0
mean,2030,52,49,ES1 7,0.0
mean,2030,52,50,ES1 7,0.0
mean,2030,52,51,ES1 7,0.0
mean,2030,52,52,ES1 7,0.0
mean,2030,52,53,ES1 7,0.0
mean,2030,52,54,ES1 7,0.0
mean,2030,52,55,ES1 7,0.0
mean,2030,52,56,ES1 7,0.0
mean,2030,52,57,ES1 7,0.0
mean,2030,52,58,ES1 7,0.0
mean,2030,52,59,ES1 7,0.0
mean,2030,52,60,ES1 7,0.0
mean,2030,52,61,ES1 7,0.0
mean,2030,52,62,ES1 7,0.0
mean,2030,52,63,ES1 7,0.0
mean,2030,52,64,ES1 7,0.0
mean,2030,52,65,ES1 7,0.0
mean,2030,52,66,ES1 7,0.0
mean,2030,52,67,ES1 7,0.0
mean,2030,52,68,ES1 7,0.0
mean,2030,52,69,ES1 7,0.0
mean,2030,52,70,ES1 7,0.0
mean,2030,52,71,ES1 7,0.0
mean,2030,52,72,ES1 7,0.0
mean,2030,52,73,ES1 7,0.0
mean,2030,52,74,ES1 7,0.0
mean,2030,52,75,ES1 7,0.0
mean,2030,52,76,ES1 7,0.0
mean,2030,52,77,ES1 7,0.0
mean,2030,52,78,ES1 7,0.0
mean,2030,52,79,ES1 7,0.0
mean,2030,52,80,ES1 7,0.0
mean,2030,52,81,ES1 7,0.0
mean,2030,52,82,ES1 7,0.0
mean,2030,52,83,ES1 7,0.0
mean,2030,52,84,ES1 7,0.0
mean,2030,52,85,ES1 7,0.0
mean,2030,52,86,ES1 7,0.0
mean,2030,52,87,ES1 7,0.0
mean,2030,52,88,ES1 7,0.0
mean,2030,52,89,ES1 7,0.0
mean,2030,52,90,ES1 7,0.0
mean,2030,52,91,ES1 7,0.0
mean,2030,52,92,ES1 7,0.0
mean,2030,52,93,ES1 7,0.0
mean,2030,52,94,ES1 7,0.0
mean,2030,52,95,ES1 7,0.0
mean,2030,52,96,ES1 7,0.0
mean,2030,52,97,ES1 7,0.0
mean,2030,52,98,ES1 7,0.0
mean,2030,52,99,ES1 7,0.0
mean,2030,52,100,ES1 7,0.0
mean,2030,52,101,ES1 7,0.0
mean,2030,52,102,ES1 7,0.0
mean,2030,52,103,ES1 7,0.0
mean,2030,52,104,ES1 7,0.0
mean,2030,52,105,ES1 7,0.0
mean,2030,52,106,ES1 7,0.0
mean,2030,52,107,ES1 7,0.0
mean,2030,52,108,ES1 7,0.0
mean,2030,52,109,ES1 7,0.0
mean,2030,52,110,ES1 7,0.0
mean,2030,52,111,ES1 7,0.0
mean,2030,52,112,ES1 7,0.0
mean,2030,52,113,ES1 7,0.0
mean,2030,52,114,ES1 7,0.0
mean,2030,52,115,ES1 7,0.0
mean,2030,52,116,ES1 7,0.0
mean,2030,52,117,ES1 7,0.0
mean,2030,52,118,ES1 7,0.0
mean,2030,52,119,ES1 7,0.0
mean,2030,52,120,ES1 7,0.0
mean,2030,52,121,ES1 7,0.0
mean,2030,52,122,ES1 7,0.0
mean,2030,52,123,ES1 7,0.0
mean,2030,52,124,ES1 7,0.0
mean,2030,52,125,ES1 7,0.0
mean,2030,52,126,ES1 7,0.0
mean,2030,52,127,ES1 7,0.0
mean,2030,52,128,ES1 7,0.0
mean,2030,52,129,ES1 7,0.0
mean,2030,52,130,ES1 7,0.0
mean,2030,52,131,ES1 7,0.0
mean,2030,52,132,ES1 7,0.0
mean,2030,52,133,ES1 7,0.0
mean,2030,52,134,ES1 7,0.0
mean,2030,52,135,ES1 7,0.0
mean,2030,52,136,ES1 7,0.0
mean,2030,52,137,ES1 7,0.0
mean,2030,52,138,ES1 7,0.0
mean,2030,52,139,ES1 7,0.0
mean,2030,52,140,ES1 7,0.0
mean,2030,52,141,ES1 7,0.0
mean,2030,52,142,ES1 7,0.0
mean,2030,52,143,ES1 7,0.0
mean,2030,52,144,ES1 7,0.0
mean,2030,52,145,ES1 7,0.0
mean,2030,52,146,ES1 7,0.0
mean,2030,52,147,ES1 7,0.0
mean,2030,52,148,ES1 7,0.0
mean,2030,52,149,ES1 7,0.0
mean,2030,52,150,ES1 7,0.0
mean,2030,52,151,ES1 7,0.0
mean,2030,52,152,ES1 7,0.0
mean,2030,52,153,ES1 7,0.0
mean,2030,52,154,ES1 7,0.0
mean,2030,52,155,ES1 7,0.0
mean,2030,52,156,ES1 7,0.0
mean,2030,52,157,ES1 7,0.0
mean,2030,52,158,ES1 7,0.0
mean,2030,52,159,ES1 7,0.0
mean,2030,52,160,ES1 7,0.0
mean,2030,52,161,ES1 7,0.0
mean,2030,52,162,ES1 7,0.0
mean,2030,52,163,ES1 7,0.0
mean,2030,52,164,ES1 7,0.0
mean,2030,52,165,ES1 7,0.0
mean,2030,52,166,ES1 7,0.0
mean,2030,52,167,ES1 7,0.0
mean,2040,11,0,ES1 7,0.0
mean,2040,11,1,ES1 7,0.0
mean,2040,11,2,ES1 7,0.0
mean,2040,11,3,ES1 7,0.0
mean,2040,11,4,ES1 7,0.0
mean,2040,11,5,ES1 7,0.0
mean,2040,11,6,ES1 7,0.0
mean,2040,11,7,ES1 7,0.0
mean,2040,11,8,ES1 7,0.0
mean,2040,11,9,ES1 7,0.0
mean,2040,11,10,ES1 7,0.0
mean,2040,11,11,ES1 7,0.0
mean,2040,11,12,ES1 7,0.0
mean,2040,11,13,ES1 7,0.0
mean,2040,11,14,ES1 7,0.0
mean,2040,11,15,ES1 7,0.0
mean,2040,11,16,ES1 7,0.0
mean,2040,11,17,ES1 7,0.0
mean,2040,11,18,ES1 7,0.0
mean,2040,11,19,ES1 7,0.0
mean,2040,11,20,ES1 7,0.0
mean,2040,11,21,ES1 7,0.0
mean,2040,11,22,ES1 7,0.0
mean,2040,11,23,ES1 7,0.0
mean,2040,11,24,ES1 7,0.0
mean,2040,11,25,ES1 7,0.0
mean,2040,11,26,ES1 7,0.0
mean,2040,11,27,ES1 7,0.0
mean,2040,11,28,ES1 7,0.0
mean,2040,11,29,ES1 7,0.0
mean,2040,11,30,ES1 7,0.0
mean,2040,11,31,ES1 7,0.0
mean,2040,11,32,ES1 7,0.0
mean,2040,11,33,ES1 7,0.0
mean,2040,11,34,ES1 7,0.0
mean,2040,11,35,ES1 7,0.0
mean,2040,11,36,ES1 7,0.0
mean,2040,11,37,ES1 7,0.0
mean,2040,11,38,ES1 7,0.0
mean,2040,11,39,ES1 7,0.0
mean,2040,11,40,ES1 7,0.0
mean,2040,11,41,ES1 7,0.0
mean,2040,11,42,ES1 7,0.0
mean,2040,11,43,ES1 7,0.0
mean,2040,11,44,ES1 7,0.0
mean,2040,11,45,ES1 7,0.0
mean,2040,11,46,ES1 7,0.0
mean,2040,11,47,ES1 7,0.0
mean,2040,11,48,ES1 7,0.0
mean,2040,11,49,ES1 7,0.0
mean,2040,11,50,ES1 7,0.0
mean,2040,11,51,ES1 7,0.0
mean,2040,11,52,ES1 7,0.0
mean,2040,11,53,ES1 7,0.0
mean,2040,11,54,ES1 7,0.0
mean,2040,11,55,ES1 7,0.0
mean,2040,11,56,ES1 7,0.0
mean,2040,11,57,ES1 7,0.0
mean,2040,11,58,ES1 7,0.0
mean,2040,11,59,ES1 7,0.0
mean,2040,11,60,ES1 7,0.0
mean,2040,11,61,ES1 7,0.0
mean,2040,11,62,ES1 7,0.0
mean,2040,11,63,ES1 7,0.0
mean,2040,11,64,ES1 7,0.0
mean,2040,11,65,ES1 7,0.0
mean,2040,11,66,ES1 7,0.0
mean,2040,11,67,ES1 7,0.0
mean,2040,11,68,ES1 7,0.0
mean,2040,11,69,ES1 7,0.0
mean,2040,11,70,ES1 7,0.0
mean,2040,11,71,ES1 7,0.0
mean,2040,11,72,ES1 7,0.0
mean,2040,11,73,ES1 7,0.0
mean,2040,11,74,ES1 7,0.0
mean,2040,11,75,ES1 7,0.0
mean,2040,11,76,ES1 7,0.0
mean,2040,11,77,ES1 7,0.0
mean,2040,11,78,ES1 7,0.0
mean,2040,11,79,ES1 7,0.0
mean,2040,11,80,ES1 7,0.0
mean,2040,11,81,ES1 7,0.0
mean,2040,11,82,ES1 7,0.0
mean,2040,11,83,ES1 7,0.0
mean,2040,11,84,ES1 7,0.0
mean,2040,11,85,ES1 7,0.0
mean,2040,11,86,ES1 7,0.0
mean,2040,11,87,ES1 7,0.0
mean,2040,11,88,ES1 7,0.0
mean,2040,11,89,ES1 7,0.0
mean,2040,11,90,ES1 7,0.0
mean,2040,11,91,ES1 7,0.0
mean,2040,11,92,ES1 7,0.0
mean,2040,11,93,ES1 7,0.0
mean,2040,11,94,ES1 7,0.0
mean,2040,11,95,ES1 7,0.0
mean,2040,11,96,ES1 7,0.0
mean,2040,11,97,ES1 7,0.0
mean,2040,11,98,ES1 7,0.0
mean,2040,11,99,ES1 7,0.0
mean,2040,11,100,ES1 7,0.0
mean,2040,11,101,ES1 7,0.0
mean,2040,11,102,ES1 7,0.0
mean,2040,11,103,ES1 7,0.0
mean,2040,11,104,ES1 7,0.0
mean,2040,11,105,ES1 7,0.0
mean,2040,11,106,ES1 7,0.0
mean,2040,11,107,ES1 7,0.0
mean,2040,11,108,ES1 7,0.0
mean,2040,11,109,ES1 7,0.0
mean,2040,11,110,ES1 7,0.0
mean,2040,11,111,ES1 7,0.0
mean,2040,11,112,ES1 7,0.0
mean,2040,11,113,ES1 7,0.0
mean,2040,11,114,ES1 7,0.0
mean,2040,11,115,ES1 7,0.0
mean,2040,11,116,ES1 7,0.0
mean,2040,11,117,ES1 7,0.0
mean,2040,11,118,ES1 7,0.0
mean,2040,11,119,ES1 7,0.0
mean,2040,11,120,ES1 7,0.0
mean,2040,11,121,ES1 7,0.0
mean,2040,11,122,ES1 7,0.0
mean,2040,11,123,ES1 7,0.0
mean,2040,11,124,ES1 7,0.0
mean,2040,11,125,ES1 7,0.0
mean,2040,11,126,ES1 7,0.0
mean,2040,11,127,ES1 7,0.0
mean,2040,11,128,ES1 7,0.0
mean,2040,11,129,ES1 7,0.0
mean,2040,11,130,ES1 7,0.0
mean,2040,11,131,ES1 7,0.0
mean,2040,11,132,ES1 7,0.0
mean,2040,11,133,ES1 7,0.0
mean,2040,11,134,ES1 7,0.0
mean,2040,11,135,ES1 7,0.0
mean,2040,11,136,ES1 7,0.0
mean,2040,11,137,ES1 7,0.0
mean,2040,11,138,ES1 7,0.0
mean,2040,11,139,ES1 7,0.0
mean,2040,11,140,ES1 7,0.0
mean,2040,11,141,ES1 7,0.0
mean,2040,11,142,ES1 7,0.0
mean,2040,11,143,ES1 7,0.0
mean,2040,11,144,ES1 7,0.0
mean,2040,11,145,ES1 7,0.0
mean,2040,11,146,ES1 7,0.0
mean,2040,11,147,ES1 7,0.0
mean,2040,11,148,ES1 7,0.0
mean,2040,11,149,ES1 7,0.0
mean,2040,11,150,ES1 7,0.0
mean,2040,11,151,ES1 7,0.0
mean,2040,11,152,ES1 7,0.0
mean,2040,11,153,ES1 7,0.0
mean,2040,11,154,ES1 7,0.0
mean,2040,11,155,ES1 7,0.0
mean,2040,11,156,ES1 7,0.0
mean,2040,11,157,ES1 7,0.0
mean,2040,11,158,ES1 7,0.0
mean,2040,11,159,ES1 7,0.0
mean,2040,11,160,ES1 7,0.0
mean,2040,11,161,ES1 7,0.0
mean,2040,11,162,ES1 7,0.0
mean,2040,11,163,ES1 7,0.0
mean,2040,11,164,ES1 7,0.0
mean,2040,11,165,ES1 7,0.0
mean,2040,11,166,ES1 7,0.0
mean,2040,11,167,ES1 7,0.0
mean,2040,21,0,ES1 7,0.0
mean,2040,21,1,ES1 7,0.0
mean,2040,21,2,ES1 7,0.0
mean,2040,21,3,ES1 7,0.0
mean,2040,21,4,ES1 7,0.0
mean,2040,21,5,ES1 7,0.0
mean,2040,21,6,ES1 7,0.0
mean,2040,21,7,ES1 7,0.0
mean,2040,21,8,ES1 7,0.0
mean,2040,21,9,ES1 7,0.0
mean,2040,21,10,ES1 7,0.0
mean,2040,21,11,ES1 7,0.0
mean,2040,21,12,ES1 7,0.0
mean,2040,21,13,ES1 7,0.0
mean,2040,21,14,ES1 7,0.0
mean,2040,21,15,ES1 7,0.0
mean,2040,21,16,ES1 7,0.0
mean,2040,21,17,ES1 7,0.0
mean,2040,21,18,ES1 7,0.0
mean,2040,21,19,ES1 7,0.0
mean,2040,21,20,ES1 7,0.0
mean,2040,21,21,ES1 7,0.0
mean,2040,21,22,ES1 7,0.0
mean,2040,21,23,ES1 7,0.0
mean,2040,21,24,ES1 7,0.0
mean,2040,21,25,ES1 7,0.0
mean,2040,21,26,ES1 7,0.0
mean,2040,21,27,ES1 7,0.0
mean,2040,21,28,ES1 7,0.0
mean,2040,21,29,ES1 7,0.0
mean,2040,21,30,ES1 7,0.0
mean,2040,21,31,ES1 7,0.0
mean,2040,21,32,ES1 7,0.0
mean,2040,21,33,ES1 7,0.0
mean,2040,21,34,ES1 7,0.0
mean,2040,21,35,ES1 7,0.0
mean,2040,21,36,ES1 7,0.0
mean,2040,21,37,ES1 7,0.0
mean,2040,21,38,ES1 7,0.0
mean,2040,21,39,ES1 7,0.0
mean,2040,21,40,ES1 7,0.0
mean,2040,21,41,ES1 7,0.0
mean,2040,21,42,ES1 7,0.0
mean,2040,21,43,ES1 7,0.0
mean,2040,21,44,ES1 7,0.0
mean,2040,21,45,ES1 7,0.0
mean,2040,21,46,ES1 7,0.0
mean,2040,21,47,ES1 7,0.0
mean,2040,21,48,ES1 7,0.0
mean,2040,21,49,ES1 7,0.0
mean,2040,21,50,ES1 7,0.0
mean,2040,21,51,ES1 7,0.0
mean,2040,21,52,ES1 7,0.0
mean,2040,21,53,ES1 7,0.0
mean,2040,21,54,ES1 7,0.0
mean,2040,21,55,ES1 7,0.0
mean,2040,21,56,ES1 7,0.0
mean,2040,21,57,ES1 7,0.0
mean,2040,21,58,ES1 7,0.0
mean,2040,21,59,ES1 7,0.0
mean,2040,21,60,ES1 7,0.0
mean,2040,21,61,ES1 7,0.0
mean,2040,21,62,ES1 7,0.0
mean,2040,21,63,ES1 7,0.0
mean,2040,21,64,ES1 7,0.0
mean,2040,21,65,ES1 7,0.0
mean,2040,21,66,ES1 7,0.0
mean,2040,21,67,ES1 7,0.0
mean,2040,21,68,ES1 7,0.0
mean,2040,21,69,ES1 7,0.0
mean,2040,21,70,ES1 7,0.0
mean,2040,21,71,ES1 7,0.0
mean,2040,21,72,ES1 7,0.0
mean,2040,21,73,ES1 7,0.0
mean,2040,21,74,ES1 7,0.0
mean,2040,21,75,ES1 7,0.0
mean,2040,21,76,ES1 7,0.0
mean,2040,21,77,ES1 7,0.0
mean,2040,21,78,ES1 7,0.0
mean,2040,21,79,ES1 7,0.0
mean,2040,21,80,ES1 7,0.0
mean,2040,21,81,ES1 7,0.0
mean,2040,21,82,ES1 7,0.0
mean,2040,21,83,ES1 7,0.0
mean,2040,21,84,ES1 7,0.0
mean,2040,21,85,ES1 7,0.0
mean,2040,21,86,ES1 7,0.0
mean,2040,21,87,ES1 7,0.0
mean,2040,21,88,ES1 7,0.0
mean,2040,21,89,ES1 7,0.0
mean,2040,21,90,ES1 7,0.0
mean,2040,21,91,ES1 7,0.0
mean,2040,21,92,ES1 7,0.0
mean,2040,21,93,ES1 7,0.0
mean,2040,21,94,ES1 7,0.0
mean,2040,21,95,ES1 7,0.0
mean,2040,21,96,ES1 7,0.0
mean,2040,21,97,ES1 7,0.0
mean,2040,21,98,ES1 7,0.0
mean,2040,21,99,ES1 7,0.0
mean,2040,21,100,ES1 7,0.0
mean,2040,21,101,ES1 7,0.0
mean,2040,21,102,ES1 7,0.0
mean,2040,21,103,ES1 7,0.0
mean,2040,21,104,ES1 7,0.0
mean,2040,21,105,ES1 7,0.0
mean,2040,21,106,ES1 7,0.0
mean,2040,21,107,ES1 7,0.0
mean,2040,21,108,ES1 7,0.0
mean,2040,21,109,ES1 7,0.0
mean,2040,21,110,ES1 7,0.0
mean,2040,21,111,ES1 7,0.0
mean,2040,21,112,ES1 7,0.0
mean,2040,21,113,ES1 7,0.0
mean,2040,21,114,ES1 7,0.0
mean,2040,21,115,ES1 7,0.0
mean,2040,21,116,ES1 7,0.0
mean,2040,21,117,ES1 7,0.0
mean,2040,21,118,ES1 7,0.0
mean,2040,21,119,ES1 7,0.0
mean,2040,21,120,ES1 7,0.0
mean,2040,21,121,ES1 7,0.0
mean,2040,21,122,ES1 7,0.0
mean,2040,21,123,ES1 7,0.0
mean,2040,21,124,ES1 7,0.0
mean,2040,21,125,ES1 7,0.0
mean,2040,21,126,ES1 7,0.0
mean,2040,21,127,ES1 7,0.0
mean,2040,21,128,ES1 7,0.0
mean,2040,21,129,ES1 7,0.0
mean,2040,21,130,ES1 7,0.0
mean,2040,21,131,ES1 7,0.0
mean,2040,21,132,ES1 7,0.0
mean,2040,21,133,ES1 7,0.0
mean,2040,21,134,ES1 7,0.0
mean,2040,21,135,ES1 7,0.0
mean,2040,21,136,ES1 7,0.0
mean,2040,21,137,ES1 7,0.0
mean,2040,21,138,ES1 7,0.0
mean,2040,21,139,ES1 7,0.0
mean,2040,21,140,ES1 7,0.0
mean,2040,21,141,ES1 7,0.0
mean,2040,21,142,ES1 7,0.0
mean,2040,21,143,ES1 7,0.0
mean,2040,21,144,ES1 7,0.0
mean,2040,21,145,ES1 7,0.0
mean,2040,21,146,ES1 7,0.0
mean,2040,21,147,ES1 7,0.0
mean,2040,21,148,ES1 7,0.0
mean,2040,21,149,ES1 7,0.0
mean,2040,21,150,ES1 7,0.0
mean,2040,21,151,ES1 7,0.0
mean,2040,21,152,ES1 7,0.0
mean,2040,21,153,ES1 7,0.0
mean,2040,21,154,ES1 7,0.0
mean,2040,21,155,ES1 7,0.0
mean,2040,21,156,ES1 7,0.0
mean,2040,21,157,ES1 7,0.0
mean,2040,21,158,ES1 7,0.0
mean,2040,21,159,ES1 7,0.0
mean,2040,21,160,ES1 7,0.0
mean,2040,21,161,ES1 7,0.0
mean,2040,21,162,ES1 7,0.0
mean,2040,21,163,ES1 7,0.0
mean,2040,21,164,ES1 7,0.0
mean,2040,21,165,ES1 7,0.0
mean,2040,21,166,ES1 7,0.0
mean,2040,21,167,ES1 7,0.0
mean,2040,42,0,ES1 7,0.0
mean,2040,42,1,ES1 7,0.0
mean,2040,42,2,ES1 7,0.0
mean,2040,42,3,ES1 7,0.0
mean,2040,42,4,ES1 7,0.0
mean,2040,42,5,ES1 7,0.0
mean,2040,42,6,ES1 7,0.0
mean,2040,42,7,ES1 7,0.0
mean,2040,42,8,ES1 7,0.0
mean,2040,42,9,ES1 7,0.0
mean,2040,42,10,ES1 7,0.0
mean,2040,42,11,ES1 7,0.0
mean,2040,42,12,ES1 7,0.0
mean,2040,42,13,ES1 7,0.0
mean,2040,42,14,ES1 7,0.0
mean,2040,42,15,ES1 7,0.0
mean,2040,42,16,ES1 7,0.0
mean,2040,42,17,ES1 7,0.0
mean,2040,42,18,ES1 7,0.0
mean,2040,42,19,ES1 7,0.0
mean,2040,42,20,ES1 7,0.0
mean,2040,42,21,ES1 7,0.0
mean,2040,42,22,ES1 7,0.0
mean,2040,42,23,ES1 7,0.0
mean,2040,42,24,ES1 7,0.0
mean,2040,42,25,ES1 7,0.0
mean,2040,42,26,ES1 7,0.0
mean,2040,42,27,ES1 7,0.0
mean,2040,42,28,ES1 7,0.0
mean,2040,42,29,ES1 7,0.0
mean,2040,42,30,ES1 7,0.0
mean,2040,42,31,ES1 7,0.0
mean,2040,42,32,ES1 7,0.0
mean,2040,42,33,ES1 7,0.0
mean,2040,42,34,ES1 7,0.0
mean,2040,42,35,ES1 7,0.0
mean,2040,42,36,ES1 7,0.0
mean,2040,42,37,ES1 7,0.0
mean,2040,42,38,ES1 7,0.0
mean,2040,42,39,ES1 7,0.0
mean,2040,42,40,ES1 7,0.0
mean,2040,42,41,ES1 7,0.0
mean,2040,42,42,ES1 7,0.0
mean,2040,42,43,ES1 7,0.0
mean,2040,42,44,ES1 7,0.0
mean,2040,42,45,ES1 7,0.0
mean,2040,42,46,ES1 7,0.0
mean,2040,42,47,ES1 7,0.0
mean,2040,42,48,ES1 7,0.0
mean,2040,42,49,ES1 7,0.0
mean,2040,42,50,ES1 7,0.0
mean,2040,42,51,ES1 7,0.0
mean,2040,42,52,ES1 7,0.0
mean,2040,42,53,ES1 7,0.0
mean,2040,42,54,ES1 7,0.0
mean,2040,42,55,ES1 7,0.0
mean,2040,42,56,ES1 7,0.0
mean,2040,42,57,ES1 7,0.0
mean,2040,42,58,ES1 7,0.0
mean,2040,42,59,ES1 7,0.0
mean,2040,42,60,ES1 7,0.0
mean,2040,42,61,ES1 7,0.0
mean,2040,42,62,ES1 7,0.0
mean,2040,42,63,ES1 7,0.0
mean,2040,42,64,ES1 7,0.0
mean,2040,42,65,ES1 7,0.0
mean,2040,42,66,ES1 7,0.0
mean,2040,42,67,ES1 7,0.0
mean,2040,42,68,ES1 7,0.0
mean,2040,42,69,ES1 7,0.0
mean,2040,42,70,ES1 7,0.0
mean,2040,42,71,ES1 7,0.0
mean,2040,42,72,ES1 7,0.0
mean,2040,42,73,ES1 7,0.0
mean,2040,42,74,ES1 7,0.0
mean,2040,42,75,ES1 7,0.0
mean,2040,42,76,ES1 7,0.0
mean,2040,42,77,ES1 7,0.0
mean,2040,42,78,ES1 7,0.0
mean,2040,42,79,ES1 7,0.0
mean,2040,42,80,ES1 7,0.0
mean,2040,42,81,ES1 7,0.0
mean,2040,42,82,ES1 7,0.0
mean,2040,42,83,ES1 7,0.0
mean,2040,42,84,ES1 7,0.0
mean,2040,42,85,ES1 7,0.0
mean,2040,42,86,ES1 7,0.0
mean,2040,42,87,ES1 7,0.0
mean,2040,42,88,ES1 7,0.0
mean,2040,42,89,ES1 7,0.0
mean,2040,42,90,ES1 7,0.0
mean,2040,42,91,ES1 7,0.0
mean,2040,42,92,ES1 7,0.0
mean,2040,42,93,ES1 7,0.0
mean,2040,42,94,ES1 7,0.0
mean,2040,42,95,ES1 7,0.0
mean,2040,42,96,ES1 7,0.0
mean,2040,42,97,ES1 7,0.0
mean,2040,42,98,ES1 7,0.0
mean,2040,42,99,ES1 7,0.0
mean,2040,42,100,ES1 7,0.0
mean,2040,42,101,ES1 7,0.0
mean,2040,42,102,ES1 7,0.0
mean,2040,42,103,ES1 7,0.0
mean,2040,42,104,ES1 7,0.0
mean,2040,42,105,ES1 7,0.0
mean,2040,42,106,ES1 7,0.0
mean,2040,42,107,ES1 7,0.0
mean,2040,42,108,ES1 7,0.0
mean,2040,42,109,ES1 7,0.0
mean,2040,42,110,ES1 7,0.0
mean,2040,42,111,ES1 7,0.0
mean,2040,42,112,ES1 7,0.0
mean,2040,42,113,ES1 7,0.0
mean,2040,42,114,ES1 7,0.0
mean,2040,42,115,ES1 7,0.0
mean,2040,42,116,ES1 7,0.0
mean,2040,42,117,ES1 7,0.0
mean,2040,42,118,ES1 7,0.0
mean,2040,42,119,ES1 7,0.0
mean,2040,42,120,ES1 7,0.0
mean,2040,42,121,ES1 7,0.0
mean,2040,42,122,ES1 7,0.0
mean,2040,42,123,ES1 7,0.0
mean,2040,42,124,ES1 7,0.0
mean,2040,42,125,ES1 7,0.0
mean,2040,42,126,ES1 7,0.0
mean,2040,42,127,ES1 7,0.0
mean,2040,42,128,ES1 7,0.0
mean,2040,42,129,ES1 7,0.0
mean,2040,42,130,ES1 7,0.0
mean,2040,42,131,ES1 7,0.0
mean,2040,42,132,ES1 7,0.0
mean,2040,42,133,ES1 7,0.0
mean,2040,42,134,ES1 7,0.0
mean,2040,42,135,ES1 7,0.0
mean,2040,42,136,ES1 7,0.0
mean,2040,42,137,ES1 7,0.0
mean,2040,42,138,ES1 7,0.0
mean,2040,42,139,ES1 7,0.0
mean,2040,42,140,ES1 7,0.0
mean,2040,42,141,ES1 7,0.0
mean,2040,42,142,ES1 7,0.0
mean,2040,42,143,ES1 7,0.0
mean,2040,42,144,ES1 7,0.0
mean,2040,42,145,ES1 7,0.0
mean,2040,42,146,ES1 7,0.0
mean,2040,42,147,ES1 7,0.0
mean,2040,42,148,ES1 7,0.0
mean,2040,42,149,ES1 7,0.0
mean,2040,42,150,ES1 7,0.0
mean,2040,42,151,ES1 7,0.0
mean,2040,42,152,ES1 7,0.0
mean,2040,42,153,ES1 7,0.0
mean,2040,42,154,ES1 7,0.0
mean,2040,42,155,ES1 7,0.0
mean,2040,42,156,ES1 7,0.0
mean,2040,42,157,ES1 7,0.0
mean,2040,42,158,ES1 7,0.0
mean,2040,42,159,ES1 7,0.0
mean,2040,42,160,ES1 7,0.0
mean,2040,42,161,ES1 7,0.0
mean,2040,42,162,ES1 7,0.0
mean,2040,42,163,ES1 7,0.0
mean,2040,42,164,ES1 7,0.0
mean,2040,42,165,ES1 7,0.0
mean,2040,42,166,ES1 7,0.0
mean,2040,42,167,ES1 7,0.0
mean,2040,52,0,ES1 7,0.0
mean,2040,52,1,ES1 7,0.0
mean,2040,52,2,ES1 7,0.0
mean,2040,52,3,ES1 7,0.0
mean,2040,52,4,ES1 7,0.0
mean,2040,52,5,ES1 7,0.0
mean,2040,52,6,ES1 7,0.0
mean,2040,52,7,ES1 7,0.0
mean,2040,52,8,ES1 7,0.0
mean,2040,52,9,ES1 7,0.0
mean,2040,52,10,ES1 7,0.0
mean,2040,52,11,ES1 7,0.0
mean,2040,52,12,ES1 7,0.0
mean,2040,52,13,ES1 7,0.0
mean,2040,52,14,ES1 7,0.0
mean,2040,52,15,ES1 7,0.0
mean,2040,52,16,ES1 7,0.0
mean,2040,52,17,ES1 7,0.0
mean,2040,52,18,ES1 7,0.0
mean,2040,52,19,ES1 7,0.0
mean,2040,52,20,ES1 7,0.0
mean,2040,52,21,ES1 7,0.0
mean,2040,52,22,ES1 7,0.0
mean,2040,52,23,ES1 7,0.0
mean,2040,52,24,ES1 7,0.0
mean,2040,52,25,ES1 7,0.0
mean,2040,52,26,ES1 7,0.0
mean,2040,52,27,ES1 7,0.0
mean,2040,52,28,ES1 7,0.0
mean,2040,52,29,ES1 7,0.0
mean,2040,52,30,ES1 7,0.0
mean,2040,52,31,ES1 7,0.0
mean,2040,52,32,ES1 7,0.0
mean,2040,52,33,ES1 7,0.0
mean,2040,52,34,ES1 7,0.0
mean,2040,52,35,ES1 7,0.0
mean,2040,52,36,ES1 7,0.0
mean,2040,52,37,ES1 7,0.0
mean,2040,52,38,ES1 7,0.0
mean,2040,52,39,ES1 7,0.0
mean,2040,52,40,ES1 7,0.0
mean,2040,52,41,ES1 7,0.0
mean,2040,52,42,ES1 7,0.0
mean,2040,52,43,ES1 7,0.0
mean,2040,52,44,ES1 7,0.0
mean,2040,52,45,ES1 7,0.0
mean,2040,52,46,ES1 7,0.0
mean,2040,52,47,ES1 7,0.0
mean,2040,52,48,ES1 7,0.0
mean,2040,52,49,ES1 7,0.0
mean,2040,52,50,ES1 7,0.0
mean,2040,52,51,ES1 7,0.0
mean,2040,52,52,ES1 7,0.0
mean,2040,52,53,ES1 7,0.0
mean,2040,52,54,ES1 7,0.0
mean,2040,52,55,ES1 7,0.0
mean,2040,52,56,ES1 7,0.0
mean,2040,52,57,ES1 7,0.0
mean,2040,52,58,ES1 7,0.0
mean,2040,52,59,ES1 7,0.0
mean,2040,52,60,ES1 7,0.0
mean,2040,52,61,ES1 7,0.0
mean,2040,52,62,ES1 7,0.0
mean,2040,52,63,ES1 7,0.0
mean,2040,52,64,ES1 7,0.0
mean,2040,52,65,ES1 7,0.0
mean,2040,52,66,ES1 7,0.0
mean,2040,52,67,ES1 7,0.0
mean,2040,52,68,ES1 7,0.0
mean,2040,52,69,ES1 7,0.0
mean,2040,52,70,ES1 7,0.0
mean,2040,52,71,ES1 7,0.0
mean,2040,52,72,ES1 7,0.0
mean,2040,52,73,ES1 7,0.0
mean,2040,52,74,ES1 7,0.0
mean,2040,52,75,ES1 7,0.0
mean,2040,52,76,ES1 7,0.0
mean,2040,52,77,ES1 7,0.0
mean,2040,52,78,ES1 7,0.0
mean,2040,52,79,ES1 7,0.0
mean,2040,52,80,ES1 7,0.0
mean,2040,52,81,ES1 7,0.0
mean,2040,52,82,ES1 7,0.0
mean,2040,52,83,ES1 7,0.0
mean,2040,52,84,ES1 7,0.0
mean,2040,52,85,ES1 7,0.0
mean,2040,52,86,ES1 7,0.0
mean,2040,52,87,ES1 7,0.0
mean,2040,52,88,ES1 7,0.0
mean,2040,52,89,ES1 7,0.0
mean,2040,52,90,ES1 7,0.0
mean,2040,52,91,ES1 7,0.0
mean,2040,52,92,ES1 7,0.0
mean,2040,52,93,ES1 7,0.0
mean,2040,52,94,ES1 7,0.0
mean,2040,52,95,ES1 7,0.0
mean,2040,52,96,ES1 7,0.0
mean,2040,52,97,ES1 7,0.0
mean,2040,52,98,ES1 7,0.0
mean,2040,52,99,ES1 7,0.0
mean,2040,52,100,ES1 7,0.0
mean,2040,52,101,ES1 7,0.0
mean,2040,52,102,ES1 7,0.0
mean,2040,52,103,ES1 7,0.0
mean,2040,52,104,ES1 7,0.0
mean,2040,52,105,ES1 7,0.0
mean,2040,52,106,ES1 7,0.0
mean,2040,52,107,ES1 7,0.0
mean,2040,52,108,ES1 7,0.0
mean,2040,52,109,ES1 7,0.0
mean,2040,52,110,ES1 7,0.0
mean,2040,52,111,ES1 7,0.0
mean,2040,52,112,ES1 7,0.0
mean,2040,52,113,ES1 7,0.0
mean,2040,52,114,ES1 7,0.0
mean,2040,52,115,ES1 7,0.0
mean,2040,52,116,ES1 7,0.0
mean,2040,52,117,ES1 7,0.0
mean,2040,52,118,ES1 7,0.0
mean,2040,52,119,ES1 7,0.0
mean,2040,52,120,ES1 7,0.0
mean,2040,52,121,ES1 7,0.0
mean,2040,52,122,ES1 7,0.0
mean,2040,52,123,ES1 7,0.0
mean,2040,52,124,ES1 7,0.0
mean,2040,52,125,ES1 7,0.0
mean,2040,52,126,ES1 7,0.0
mean,2040,52,127,ES1 7,0.0
mean,2040,52,128,ES1 7,0.0
mean,2040,52,129,ES1 7,0.0
mean,2040,52,130,ES1 7,0.0
mean,2040,52,131,ES1 7,0.0
mean,2040,52,132,ES1 7,0.0
mean,2040,52,133,ES1 7,0.0
mean,2040,52,134,ES1 7,0.0
mean,2040,52,135,ES1 7,0.0
mean,2040,52,136,ES1 7,0.0
mean,2040,52,137,ES1 7,0.0
mean,2040,52,138,ES1 7,0.0
mean,2040,52,139,ES1 7,0.0
mean,2040,52,140,ES1 7,0.0
mean,2040,52,141,ES1 7,0.0
mean,2040,52,142,ES1 7,0.0
mean,2040,52,143,ES1 7,0.0
mean,2040,52,144,ES1 7,0.0
mean,2040,52,145,ES1 7,0.0
mean,2040,52,146,ES1 7,0.0
mean,2040,52,147,ES1 7,0.0
mean,2040,52,148,ES1 7,0.0
mean,2040,52,149,ES1 7,0.0
mean,2040,52,150,ES1 7,0.0
mean,2040,52,151,ES1 7,0.0
mean,2040,52,152,ES1 7,0.0
mean,2040,52,153,ES1 7,0.0
mean,2040,52,154,ES1 7,0.0
mean,2040,52,155,ES1 7,0.0
mean,2040,52,156,ES1 7,0.0
mean,2040,52,157,ES1 7,0.0
mean,2040,52,158,ES1 7,0.0
mean,2040,52,159,ES1 7,0.0
mean,2040,52,160,ES1 7,0.0
mean,2040,52,161,ES1 7,0.0
mean,2040,52,162,ES1 7,0.0
mean,2040,52,163,ES1 7,0.0
mean,2040,52,164,ES1 7,0.0
mean,2040,52,165,ES1 7,0.0
mean,2040,52,166,ES1 7,0.0
mean,2040,52,167,ES1 7,0.0
mean,2050,11,0,ES1 7,0.0
mean,2050,11,1,ES1 7,0.0
mean,2050,11,2,ES1 7,0.0
mean,2050,11,3,ES1 7,0.0
mean,2050,11,4,ES1 7,0.0
mean,2050,11,5,ES1 7,0.0
mean,2050,11,6,ES1 7,0.0
mean,2050,11,7,ES1 7,0.0
mean,2050,11,8,ES1 7,0.0
mean,2050,11,9,ES1 7,0.0
mean,2050,11,10,ES1 7,0.0
mean,2050,11,11,ES1 7,0.0
mean,2050,11,12,ES1 7,0.0
mean,2050,11,13,ES1 7,0.0
mean,2050,11,14,ES1 7,0.0
mean,2050,11,15,ES1 7,0.0
mean,2050,11,16,ES1 7,0.0
mean,2050,11,17,ES1 7,0.0
mean,2050,11,18,ES1 7,0.0
mean,2050,11,19,ES1 7,0.0
mean,2050,11,20,ES1 7,0.0
mean,2050,11,21,ES1 7,0.0
mean,2050,11,22,ES1 7,0.0
mean,2050,11,23,ES1 7,0.0
mean,2050,11,24,ES1 7,0.0
mean,2050,11,25,ES1 7,0.0
mean,2050,11,26,ES1 7,0.0
mean,2050,11,27,ES1 7,0.0
mean,2050,11,28,ES1 7,0.0
mean,2050,11,29,ES1 7,0.0
mean,2050,11,30,ES1 7,0.0
mean,2050,11,31,ES1 7,0.0
mean,2050,11,32,ES1 7,0.0
mean,2050,11,33,ES1 7,0.0
mean,2050,11,34,ES1 7,0.0
mean,2050,11,35,ES1 7,0.0
mean,2050,11,36,ES1 7,0.0
mean,2050,11,37,ES1 7,0.0
mean,2050,11,38,ES1 7,0.0
mean,2050,11,39,ES1 7,0.0
mean,2050,11,40,ES1 7,0.0
mean,2050,11,41,ES1 7,0.0
mean,2050,11,42,ES1 7,0.0
mean,2050,11,43,ES1 7,0.0
mean,2050,11,44,ES1 7,0.0
mean,2050,11,45,ES1 7,0.0
mean,2050,11,46,ES1 7,0.0
mean,2050,11,47,ES1 7,0.0
mean,2050,11,48,ES1 7,0.0
mean,2050,11,49,ES1 7,0.0
mean,2050,11,50,ES1 7,0.0
mean,2050,11,51,ES1 7,0.0
mean,2050,11,52,ES1 7,0.0
mean,2050,11,53,ES1 7,0.0
mean,2050,11,54,ES1 7,0.0
mean,2050,11,55,ES1 7,0.0
mean,2050,11,56,ES1 7,0.0
mean,2050,11,57,ES1 7,0.0
mean,2050,11,58,ES1 7,0.0
mean,2050,11,59,ES1 7,0.0
mean,2050,11,60,ES1 7,0.0
mean,2050,11,61,ES1 7,0.0
mean,2050,11,62,ES1 7,0.0
mean,2050,11,63,ES1 7,0.0
mean,2050,11,64,ES1 7,0.0
mean,2050,11,65,ES1 7,0.0
mean,2050,11,66,ES1 7,0.0
mean,2050,11,67,ES1 7,0.0
mean,2050,11,68,ES1 7,0.0
mean,2050,11,69,ES1 7,0.0
mean,2050,11,70,ES1 7,0.0
mean,2050,11,71,ES1 7,0.0
mean,2050,11,72,ES1 7,0.0
mean,2050,11,73,ES1 7,0.0
mean,2050,11,74,ES1 7,0.0
mean,2050,11,75,ES1 7,0.0
mean,2050,11,76,ES1 7,0.0
mean,2050,11,77,ES1 7,0.0
mean,2050,11,78,ES1 7,0.0
mean,2050,11,79,ES1 7,0.0
mean,2050,11,80,ES1 7,0.0
mean,2050,11,81,ES1 7,0.0
mean,2050,11,82,ES1 7,0.0
mean,2050,11,83,ES1 7,0.0
mean,2050,11,84,ES1 7,0.0
mean,2050,11,85,ES1 7,0.0
mean,2050,11,86,ES1 7,0.0
mean,2050,11,87,ES1 7,0.0
mean,2050,11,88,ES1 7,0.0
mean,2050,11,89,ES1 7,0.0
mean,2050,11,90,ES1 7,0.0
mean,2050,11,91,ES1 7,0.0
mean,2050,11,92,ES1 7,0.0
mean,2050,11,93,ES1 7,0.0
mean,2050,11,94,ES1 7,0.0
mean,2050,11,95,ES1 7,0.0
mean,2050,11,96,ES1 7,0.0
mean,2050,11,97,ES1 7,0.0
mean,2050,11,98,ES1 7,0.0
mean,2050,11,99,ES1 7,0.0
mean,2050,11,100,ES1 7,0.0
mean,2050,11,101,ES1 7,0.0
mean,2050,11,102,ES1 7,0.0
mean,2050,11,103,ES1 7,0.0
mean,2050,11,104,ES1 7,0.0
mean,2050,11,105,ES1 7,0.0
mean,2050,11,106,ES1 7,0.0
mean,2050,11,107,ES1 7,0.0
mean,2050,11,108,ES1 7,0.0
mean,2050,11,109,ES1 7,0.0
mean,2050,11,110,ES1 7,0.0
mean,2050,11,111,ES1 7,0.0
mean,2050,11,112,ES1 7,0.0
mean,2050,11,113,ES1 7,0.0
mean,2050,11,114,ES1 7,0.0
mean,2050,11,115,ES1 7,0.0
mean,2050,11,116,ES1 7,0.0
mean,2050,11,117,ES1 7,0.0
mean,2050,11,118,ES1 7,0.0
mean,2050,11,119,ES1 7,0.0
mean,2050,11,120,ES1 7,0.0
mean,2050,11,121,ES1 7,0.0
mean,2050,11,122,ES1 7,0.0
mean,2050,11,123,ES1 7,0.0
mean,2050,11,124,ES1 7,0.0
mean,2050,11,125,ES1 7,0.0
mean,2050,11,126,ES1 7,0.0
mean,2050,11,127,ES1 7,0.0
mean,2050,11,128,ES1 7,0.0
mean,2050,11,129,ES1 7,0.0
mean,2050,11,130,ES1 7,0.0
mean,2050,11,131,ES1 7,0.0
mean,2050,11,132,ES1 7,0.0
mean,2050,11,133,ES1 7,0.0
mean,2050,11,134,ES1 7,0.0
mean,2050,11,135,ES1 7,0.0
mean,2050,11,136,ES1 7,0.0
mean,2050,11,137,ES1 7,0.0
mean,2050,11,138,ES1 7,0.0
mean,2050,11,139,ES1 7,0.0
mean,2050,11,140,ES1 7,0.0
mean,2050,11,141,ES1 7,0.0
mean,2050,11,142,ES1 7,0.0
mean,2050,11,143,ES1 7,0.0
mean,2050,11,144,ES1 7,0.0
mean,2050,11,145,ES1 7,0.0
mean,2050,11,146,ES1 7,0.0
mean,2050,11,147,ES1 7,0.0
mean,2050,11,148,ES1 7,0.0
mean,2050,11,149,ES1 7,0.0
mean,2050,11,150,ES1 7,0.0
mean,2050,11,151,ES1 7,0.0
mean,2050,11,152,ES1 7,0.0
mean,2050,11,153,ES1 7,0.0
mean,2050,11,154,ES1 7,0.0
mean,2050,11,155,ES1 7,0.0
mean,2050,11,156,ES1 7,0.0
mean,2050,11,157,ES1 7,0.0
mean,2050,11,158,ES1 7,0.0
mean,2050,11,159,ES1 7,0.0
mean,2050,11,160,ES1 7,0.0
mean,2050,11,161,ES1 7,0.0
mean,2050,11,162,ES1 7,0.0
mean,2050,11,163,ES1 7,0.0
mean,2050,11,164,ES1 7,0.0
mean,2050,11,165,ES1 7,0.0
mean,2050,11,166,ES1 7,0.0
mean,2050,11,167,ES1 7,0.0
mean,2050,21,0,ES1 7,0.0
mean,2050,21,1,ES1 7,0.0
mean,2050,21,2,ES1 7,0.0
mean,2050,21,3,ES1 7,0.0
mean,2050,21,4,ES1 7,0.0
mean,2050,21,5,ES1 7,0.0
mean,2050,21,6,ES1 7,0.0
mean,2050,21,7,ES1 7,0.0
mean,2050,21,8,ES1 7,0.0
mean,2050,21,9,ES1 7,0.0
mean,2050,21,10,ES1 7,0.0
mean,2050,21,11,ES1 7,0.0
mean,2050,21,12,ES1 7,0.0
mean,2050,21,13,ES1 7,0.0
mean,2050,21,14,ES1 7,0.0
mean,2050,21,15,ES1 7,0.0
mean,2050,21,16,ES1 7,0.0
mean,2050,21,17,ES1 7,0.0
mean,2050,21,18,ES1 7,0.0
mean,2050,21,19,ES1 7,0.0
mean,2050,21,20,ES1 7,0.0
mean,2050,21,21,ES1 7,0.0
mean,2050,21,22,ES1 7,0.0
mean,2050,21,23,ES1 7,0.0
mean,2050,21,24,ES1 7,0.0
mean,2050,21,25,ES1 7,0.0
mean,2050,21,26,ES1 7,0.0
mean,2050,21,27,ES1 7,0.0
mean,2050,21,28,ES1 7,0.0
mean,2050,21,29,ES1 7,0.0
mean,2050,21,30,ES1 7,0.0
mean,2050,21,31,ES1 7,0.0
mean,2050,21,32,ES1 7,0.0
mean,2050,21,33,ES1 7,0.0
mean,2050,21,34,ES1 7,0.0
mean,2050,21,35,ES1 7,0.0
mean,2050,21,36,ES1 7,0.0
mean,2050,21,37,ES1 7,0.0
mean,2050,21,38,ES1 7,0.0
mean,2050,21,39,ES1 7,0.0
mean,2050,21,40,ES1 7,0.0
mean,2050,21,41,ES1 7,0.0
mean,2050,21,42,ES1 7,0.0
mean,2050,21,43,ES1 7,0.0
mean,2050,21,44,ES1 7,0.0
mean,2050,21,45,ES1 7,0.0
mean,2050,21,46,ES1 7,0.0
mean,2050,21,47,ES1 7,0.0
mean,2050,21,48,ES1 7,0.0
mean,2050,21,49,ES1 7,0.0
mean,2050,21,50,ES1 7,0.0
mean,2050,21,51,ES1 7,0.0
mean,2050,21,52,ES1 7,0.0
mean,2050,21,53,ES1 7,0.0
mean,2050,21,54,ES1 7,0.0
mean,2050,21,55,ES1 7,0.0
mean,2050,21,56,ES1 7,0.0
mean,2050,21,57,ES1 7,0.0
mean,2050,21,58,ES1 7,0.0
mean,2050,21,59,ES1 7,0.0
mean,2050,21,60,ES1 7,0.0
mean,2050,21,61,ES1 7,0.0
mean,2050,21,62,ES1 7,0.0
mean,2050,21,63,ES1 7,0.0
mean,2050,21,64,ES1 7,0.0
mean,2050,21,65,ES1 7,0.0
mean,2050,21,66,ES1 7,0.0
mean,2050,21,67,ES1 7,0.0
mean,2050,21,68,ES1 7,0.0
mean,2050,21,69,ES1 7,0.0
mean,2050,21,70,ES1 7,0.0
mean,2050,21,71,ES1 7,0.0
mean,2050,21,72,ES1 7,0.0
mean,2050,21,73,ES1 7,0.0
mean,2050,21,74,ES1 7,0.0
mean,2050,21,75,ES1 7,0.0
mean,2050,21,76,ES1 7,0.0
mean,2050,21,77,ES1 7,0.0
mean,2050,21,78,ES1 7,0.0
mean,2050,21,79,ES1 7,0.0
mean,2050,21,80,ES1 7,0.0
mean,2050,21,81,ES1 7,0.0
mean,2050,21,82,ES1 7,0.0
mean,2050,21,83,ES1 7,0.0
mean,2050,21,84,ES1 7,0.0
mean,2050,21,85,ES1 7,0.0
mean,2050,21,86,ES1 7,0.0
mean,2050,21,87,ES1 7,0.0
mean,2050,21,88,ES1 7,0.0
mean,2050,21,89,ES1 7,0.0
mean,2050,21,90,ES1 7,0.0
mean,2050,21,91,ES1 7,0.0
mean,2050,21,92,ES1 7,0.0
mean,2050,21,93,ES1 7,0.0
mean,2050,21,94,ES1 7,0.0
mean,2050,21,95,ES1 7,0.0
mean,2050,21,96,ES1 7,0.0
mean,2050,21,97,ES1 7,0.0
mean,2050,21,98,ES1 7,0.0
mean,2050,21,99,ES1 7,0.0
mean,2050,21,100,ES1 7,0.0
mean,2050,21,101,ES1 7,0.0
mean,2050,21,102,ES1 7,0.0
mean,2050,21,103,ES1 7,0.0
mean,2050,21,104,ES1 7,0.0
mean,2050,21,105,ES1 7,0.0
mean,2050,21,106,ES1 7,0.0
mean,2050,21,107,ES1 7,0.0
mean,2050,21,108,ES1 7,0.0
mean,2050,21,109,ES1 7,0.0
mean,2050,21,110,ES1 7,0.0
mean,2050,21,111,ES1 7,0.0
mean,2050,21,112,ES1 7,0.0
mean,2050,21,113,ES1 7,0.0
mean,2050,21,114,ES1 7,0.0
mean,2050,21,115,ES1 7,0.0
mean,2050,21,116,ES1 7,0.0
mean,2050,21,117,ES1 7,0.0
mean,2050,21,118,ES1 7,0.0
mean,2050,21,119,ES1 7,0.0
mean,2050,21,120,ES1 7,0.0
mean,2050,21,121,ES1 7,0.0
mean,2050,21,122,ES1 7,0.0
mean,2050,21,123,ES1 7,0.0
mean,2050,21,124,ES1 7,0.0
mean,2050,21,125,ES1 7,0.0
mean,2050,21,126,ES1 7,0.0
mean,2050,21,127,ES1 7,0.0
mean,2050,21,128,ES1 7,0.0
mean,2050,21,129,ES1 7,0.0
mean,2050,21,130,ES1 7,0.0
mean,2050,21,131,ES1 7,0.0
mean,2050,21,132,ES1 7,0.0
mean,2050,21,133,ES1 7,0.0
mean,2050,21,134,ES1 7,0.0
mean,2050,21,135,ES1 7,0.0
mean,2050,21,136,ES1 7,0.0
mean,2050,21,137,ES1 7,0.0
mean,2050,21,138,ES1 7,0.0
mean,2050,21,139,ES1 7,0.0
mean,2050,21,140,ES1 7,0.0
mean,2050,21,141,ES1 7,0.0
mean,2050,21,142,ES1 7,0.0
mean,2050,21,143,ES1 7,0.0
mean,2050,21,144,ES1 7,0.0
mean,2050,21,145,ES1 7,0.0
mean,2050,21,146,ES1 7,0.0
mean,2050,21,147,ES1 7,0.0
mean,2050,21,148,ES1 7,0.0
mean,2050,21,149,ES1 7,0.0
mean,2050,21,150,ES1 7,0.0
mean,2050,21,151,ES1 7,0.0
mean,2050,21,152,ES1 7,0.0
mean,2050,21,153,ES1 7,0.0
mean,2050,21,154,ES1 7,0.0
mean,2050,21,155,ES1 7,0.0
mean,2050,21,156,ES1 7,0.0
mean,2050,21,157,ES1 7,0.0
mean,2050,21,158,ES1 7,0.0
mean,2050,21,159,ES1 7,0.0
mean,2050,21,160,ES1 7,0.0
mean,2050,21,161,ES1 7,0.0
mean,2050,21,162,ES1 7,0.0
mean,2050,21,163,ES1 7,0.0
mean,2050,21,164,ES1 7,0.0
mean,2050,21,165,ES1 7,0.0
mean,2050,21,166,ES1 7,0.0
mean,2050,21,167,ES1 7,0.0
mean,2050,42,0,ES1 7,0.0
mean,2050,42,1,ES1 7,0.0
mean,2050,42,2,ES1 7,0.0
mean,2050,42,3,ES1 7,0.0
mean,2050,42,4,ES1 7,0.0
mean,2050,42,5,ES1 7,0.0
mean,2050,42,6,ES1 7,0.0
mean,2050,42,7,ES1 7,0.0
mean,2050,42,8,ES1 7,0.0
mean,2050,42,9,ES1 7,0.0
mean,2050,42,10,ES1 7,0.0
mean,2050,42,11,ES1 7,0.0
mean,2050,42,12,ES1 7,0.0
mean,2050,42,13,ES1 7,0.0
mean,2050,42,14,ES1 7,0.0
mean,2050,42,15,ES1 7,0.0
mean,2050,42,16,ES1 7,0.0
mean,2050,42,17,ES1 7,0.0
mean,2050,42,18,ES1 7,0.0
mean,2050,42,19,ES1 7,0.0
mean,2050,42,20,ES1 7,0.0
mean,2050,42,21,ES1 7,0.0
mean,2050,42,22,ES1 7,0.0
mean,2050,42,23,ES1 7,0.0
mean,2050,42,24,ES1 7,0.0
mean,2050,42,25,ES1 7,0.0
mean,2050,42,26,ES1 7,0.0
mean,2050,42,27,ES1 7,0.0
mean,2050,42,28,ES1 7,0.0
mean,2050,42,29,ES1 7,0.0
mean,2050,42,30,ES1 7,0.0
mean,2050,42,31,ES1 7,0.0
mean,2050,42,32,ES1 7,0.0
mean,2050,42,33,ES1 7,0.0
mean,2050,42,34,ES1 7,0.0
mean,2050,42,35,ES1 7,0.0
mean,2050,42,36,ES1 7,0.0
mean,2050,42,37,ES1 7,0.0
mean,2050,42,38,ES1 7,0.0
mean,2050,42,39,ES1 7,0.0
mean,2050,42,40,ES1 7,0.0
mean,2050,42,41,ES1 7,0.0
mean,2050,42,42,ES1 7,0.0
mean,2050,42,43,ES1 7,0.0
mean,2050,42,44,ES1 7,0.0
mean,2050,42,45,ES1 7,0.0
mean,2050,42,46,ES1 7,0.0
mean,2050,42,47,ES1 7,0.0
mean,2050,42,48,ES1 7,0.0
mean,2050,42,49,ES1 7,0.0
mean,2050,42,50,ES1 7,0.0
mean,2050,42,51,ES1 7,0.0
mean,2050,42,52,ES1 7,0.0
mean,2050,42,53,ES1 7,0.0
mean,2050,42,54,ES1 7,0.0
mean,2050,42,55,ES1 7,0.0
mean,2050,42,56,ES1 7,0.0
mean,2050,42,57,ES1 7,0.0
mean,2050,42,58,ES1 7,0.0
mean,2050,42,59,ES1 7,0.0
mean,2050,42,60,ES1 7,0.0
mean,2050,42,61,ES1 7,0.0
mean,2050,42,62,ES1 7,0.0
mean,2050,42,63,ES1 7,0.0
mean,2050,42,64,ES1 7,0.0
mean,2050,42,65,ES1 7,0.0
mean,2050,42,66,ES1 7,0.0
mean,2050,42,67,ES1 7,0.0
mean,2050,42,68,ES1 7,0.0
mean,2050,42,69,ES1 7,0.0
mean,2050,42,70,ES1 7,0.0
mean,2050,42,71,ES1 7,0.0
mean,2050,42,72,ES1 7,0.0
mean,2050,42,73,ES1 7,0.0
mean,2050,42,74,ES1 7,0.0
mean,2050,42,75,ES1 7,0.0
mean,2050,42,76,ES1 7,0.0
mean,2050,42,77,ES1 7,0.0
mean,2050,42,78,ES1 7,0.0
mean,2050,42,79,ES1 7,0.0
mean,2050,42,80,ES1 7,0.0
mean,2050,42,81,ES1 7,0.0
mean,2050,42,82,ES1 7,0.0
mean,2050,42,83,ES1 7,0.0
mean,2050,42,84,ES1 7,0.0
mean,2050,42,85,ES1 7,0.0
mean,2050,42,86,ES1 7,0.0
mean,2050,42,87,ES1 7,0.0
mean,2050,42,88,ES1 7,0.0
mean,2050,42,89,ES1 7,0.0
mean,2050,42,90,ES1 7,0.0
mean,2050,42,91,ES1 7,0.0
mean,2050,42,92,ES1 7,0.0
mean,2050,42,93,ES1 7,0.0
mean,2050,42,94,ES1 7,0.0
mean,2050,42,95,ES1 7,0.0
mean,2050,42,96,ES1 7,0.0
mean,2050,42,97,ES1 7,0.0
mean,2050,42,98,ES1 7,0.0
mean,2050,42,99,ES1 7,0.0
mean,2050,42,100,ES1 7,0.0
mean,2050,42,101,ES1 7,0.0
mean,2050,42,102,ES1 7,0.0
mean,2050,42,103,ES1 7,0.0
mean,2050,42,104,ES1 7,0.0
mean,2050,42,105,ES1 7,0.0
mean,2050,42,106,ES1 7,0.0
mean,2050,42,107,ES1 7,0.0
mean,2050,42,108,ES1 7,0.0
mean,2050,42,109,ES1 7,0.0
mean,2050,42,110,ES1 7,0.0
mean,2050,42,111,ES1 7,0.0
mean,2050,42,112,ES1 7,0.0
mean,2050,42,113,ES1 7,0.0
mean,2050,42,114,ES1 7,0.0
mean,2050,42,115,ES1 7,0.0
mean,2050,42,116,ES1 7,0.0
mean,2050,42,117,ES1 7,0.0
mean,2050,42,118,ES1 7,0.0
mean,2050,42,119,ES1 7,0.0
mean,2050,42,120,ES1 7,0.0
mean,2050,42,121,ES1 7,0.0
mean,2050,42,122,ES1 7,0.0
mean,2050,42,123,ES1 7,0.0
mean,2050,42,124,ES1 7,0.0
mean,2050,42,125,ES1 7,0.0
mean,2050,42,126,ES1 7,0.0
mean,2050,42,127,ES1 7,0.0
mean,2050,42,128,ES1 7,0.0
mean,2050,42,129,ES1 7,0.0
mean,2050,42,130,ES1 7,0.0
mean,2050,42,131,ES1 7,0.0
mean,2050,42,132,ES1 7,0.0
mean,2050,42,133,ES1 7,0.0
mean,2050,42,134,ES1 7,0.0
mean,2050,42,135,ES1 7,0.0
mean,2050,42,136,ES1 7,0.0
mean,2050,42,137,ES1 7,0.0
mean,2050,42,138,ES1 7,0.0
mean,2050,42,139,ES1 7,0.0
mean,2050,42,140,ES1 7,0.0
mean,2050,42,141,ES1 7,0.0
mean,2050,42,142,ES1 7,0.0
mean,2050,42,143,ES1 7,0.0
mean,2050,42,144,ES1 7,0.0
mean,2050,42,145,ES1 7,0.0
mean,2050,42,146,ES1 7,0.0
mean,2050,42,147,ES1 7,0.0
mean,2050,42,148,ES1 7,0.0
mean,2050,42,149,ES1 7,0.0
mean,2050,42,150,ES1 7,0.0
mean,2050,42,151,ES1 7,0.0
mean,2050,42,152,ES1 7,0.0
mean,2050,42,153,ES1 7,0.0
mean,2050,42,154,ES1 7,0.0
mean,2050,42,155,ES1 7,0.0
mean,2050,42,156,ES1 7,0.0
mean,2050,42,157,ES1 7,0.0
mean,2050,42,158,ES1 7,0.0
mean,2050,42,159,ES1 7,0.0
mean,2050,42,160,ES1 7,0.0
mean,2050,42,161,ES1 7,0.0
mean,2050,42,162,ES1 7,0.0
mean,2050,42,163,ES1 7,0.0
mean,2050,42,164,ES1 7,0.0
mean,2050,42,165,ES1 7,0.0
mean,2050,42,166,ES1 7,0.0
mean,2050,42,167,ES1 7,0.0
mean,2050,52,0,ES1 7,0.0
mean,2050,52,1,ES1 7,0.0
mean,2050,52,2,ES1 7,0.0
mean,2050,52,3,ES1 7,0.0
mean,2050,52,4,ES1 7,0.0
mean,2050,52,5,ES1 7,0.0
mean,2050,52,6,ES1 7,0.0
mean,2050,52,7,ES1 7,0.0
mean,2050,52,8,ES1 7,0.0
mean,2050,52,9,ES1 7,0.0
mean,2050,52,10,ES1 7,0.0
mean,2050,52,11,ES1 7,0.0
mean,2050,52,12,ES1 7,0.0
mean,2050,52,13,ES1 7,0.0
mean,2050,52,14,ES1 7,0.0
mean,2050,52,15,ES1 7,0.0
mean,2050,52,16,ES1 7,0.0
mean,2050,52,17,ES1 7,0.0
mean,2050,52,18,ES1 7,0.0
mean,2050,52,19,ES1 7,0.0
mean,2050,52,20,ES1 7,0.0
mean,2050,52,21,ES1 7,0.0
mean,2050,52,22,ES1 7,0.0
mean,2050,52,23,ES1 7,0.0
mean,2050,52,24,ES1 7,0.0
mean,2050,52,25,ES1 7,0.0
mean,2050,52,26,ES1 7,0.0
mean,2050,52,27,ES1 7,0.0
mean,2050,52,28,ES1 7,0.0
mean,2050,52,29,ES1 7,0.0
mean,2050,52,30,ES1 7,0.0
mean,2050,52,31,ES1 7,0.0
mean,2050,52,32,ES1 7,0.0
mean,2050,52,33,ES1 7,0.0
mean,2050,52,34,ES1 7,0.0
mean,2050,52,35,ES1 7,0.0
mean,2050,52,36,ES1 7,0.0
mean,2050,52,37,ES1 7,0.0
mean,2050,52,38,ES1 7,0.0
mean,2050,52,39,ES1 7,0.0
mean,2050,52,40,ES1 7,0.0
mean,2050,52,41,ES1 7,0.0
mean,2050,52,42,ES1 7,0.0
mean,2050,52,43,ES1 7,0.0
mean,2050,52,44,ES1 7,0.0
mean,2050,52,45,ES1 7,0.0
mean,2050,52,46,ES1 7,0.0
mean,2050,52,47,ES1 7,0.0
mean,2050,52,48,ES1 7,0.0
mean,2050,52,49,ES1 7,0.0
mean,2050,52,50,ES1 7,0.0
mean,2050,52,51,ES1 7,0.0
mean,2050,52,52,ES1 7,0.0
mean,2050,52,53,ES1 7,0.0
mean,2050,52,54,ES1 7,0.0
mean,2050,52,55,ES1 7,0.0
mean,2050,52,56,ES1 7,0.0
mean,2050,52,57,ES1 7,0.0
mean,2050,52,58,ES1 7,0.0
mean,2050,52,59,ES1 7,0.0
mean,2050,52,60,ES1 7,0.0
mean,2050,52,61,ES1 7,0.0
mean,2050,52,62,ES1 7,0.0
mean,2050,52,63,ES1 7,0.0
mean,2050,52,64,ES1 7,0.0
mean,2050,52,65,ES1 7,0.0
mean,2050,52,66,ES1 7,0.0
mean,2050,52,67,ES1 7,0.0
mean,2050,52,68,ES1 7,0.0
mean,2050,52,69,ES1 7,0.0
mean,2050,52,70,ES1 7,0.0
mean,2050,52,71,ES1 7,0.0
mean,2050,52,72,ES1 7,0.0
mean,2050,52,73,ES1 7,0.0
mean,2050,52,74,ES1 7,0.0
mean,2050,52,75,ES1 7,0.0
mean,2050,52,76,ES1 7,0.0
mean,2050,52,77,ES1 7,0.0
mean,2050,52,78,ES1 7,0.0
mean,2050,52,79,ES1 7,0.0
mean,2050,52,80,ES1 7,0.0
mean,2050,52,81,ES1 7,0.0
mean,2050,52,82,ES1 7,0.0
mean,2050,52,83,ES1 7,0.0
mean,2050,52,84,ES1 7,0.0
mean,2050,52,85,ES1 7,0.0
mean,2050,52,86,ES1 7,0.0
mean,2050,52,87,ES1 7,0.0
mean,2050,52,88,ES1 7,0.0
mean,2050,52,89,ES1 7,0.0
mean,2050,52,90,ES1 7,0.0
mean,2050,52,91,ES1 7,0.0
mean,2050,52,92,ES1 7,0.0
mean,2050,52,93,ES1 7,0.0
mean,2050,52,94,ES1 7,0.0
mean,2050,52,95,ES1 7,0.0
mean,2050,52,96,ES1 7,0.0
mean,2050,52,97,ES1 7,0.0
mean,2050,52,98,ES1 7,0.0
mean,2050,52,99,ES1 7,0.0
mean,2050,52,100,ES1 7,0.0
mean,2050,52,101,ES1 7,0.0
mean,2050,52,102,ES1 7,0.0
mean,2050,52,103,ES1 7,0.0
mean,2050,52,104,ES1 7,0.0
mean,2050,52,105,ES1 7,0.0
mean,2050,52,106,ES1 7,0.0
mean,2050,52,107,ES1 7,0.0
mean,2050,52,108,ES1 7,0.0
mean,2050,52,109,ES1 7,0.0
mean,2050,52,110,ES1 7,0.0
mean,2050,52,111,ES1 7,0.0
mean,2050,52,112,ES1 7,0.0
mean,2050,52,113,ES1 7,0.0
mean,2050,52,114,ES1 7,0.0
mean,2050,52,115,ES1 7,0.0
mean,2050,52,116,ES1 7,0.0
mean,2050,52,117,ES1 7,0.0
mean,2050,52,118,ES1 7,0.0
mean,2050,52,119,ES1 7,0.0
mean,2050,52,120,ES1 7,0.0
mean,2050,52,121,ES1 7,0.0
mean,2050,52,122,ES1 7,0.0
mean,2050,52,123,ES1 7,0.0
mean,2050,52,124,ES1 7,0.0
mean,2050,52,125,ES1 7,0.0
mean,2050,52,126,ES1 7,0.0
mean,2050,52,127,ES1 7,0.0
mean,2050,52,128,ES1 7,0.0
mean,2050,52,129,ES1 7,0.0
mean,2050,52,130,ES1 7,0.0
mean,2050,52,131,ES1 7,0.0
mean,2050,52,132,ES1 7,0.0
mean,2050,52,133,ES1 7,0.0
mean,2050,52,134,ES1 7,0.0
mean,2050,52,135,ES1 7,0.0
mean,2050,52,136,ES1 7,0.0
mean,2050,52,137,ES1 7,0.0
mean,2050,52,138,ES1 7,0.0
mean,2050,52,139,ES1 7,0.0
mean,2050,52,140,ES1 7,0.0
mean,2050,52,141,ES1 7,0.0
mean,2050,52,142,ES1 7,0.0
mean,2050,52,143,ES1 7,0.0
mean,2050,52,144,ES1 7,0.0
mean,2050,52,145,ES1 7,0.0
mean,2050,52,146,ES1 7,0.0
mean,2050,52,147,ES1 7,0.0
mean,2050,52,148,ES1 7,0.0
mean,2050,52,149,ES1 7,0.0
mean,2050,52,150,ES1 7,0.0
mean,2050,52,151,ES1 7,0.0
mean,2050,52,152,ES1 7,0.0
mean,2050,52,153,ES1 7,0.0
mean,2050,52,154,ES1 7,0.0
mean,2050,52,155,ES1 7,0.0
mean,2050,52,156,ES1 7,0.0
mean,2050,52,157,ES1 7,0.0
mean,2050,52,158,ES1 7,0.0
mean,2050,52,159,ES1 7,0.0
mean,2050,52,160,ES1 7,0.0
mean,2050,52,161,ES1 7,0.0
mean,2050,52,162,ES1 7,0.0
mean,2050,52,163,ES1 7,0.0
mean,2050,52,164,ES1 7,0.0
mean,2050,52,165,ES1 7,0.0
mean,2050,52,166,ES1 7,0.0
mean,2050,52,167,ES1 7,0.0
mean,2025,11,0,ES1 8,0.0
mean,2025,11,1,ES1 8,0.0
mean,2025,11,2,ES1 8,0.0
mean,2025,11,3,ES1 8,0.0
mean,2025,11,4,ES1 8,0.0
mean,2025,11,5,ES1 8,0.0
mean,2025,11,6,ES1 8,0.0
mean,2025,11,7,ES1 8,0.0
mean,2025,11,8,ES1 8,0.0
mean,2025,11,9,ES1 8,0.0
mean,2025,11,10,ES1 8,0.0
mean,2025,11,11,ES1 8,0.0
mean,2025,11,12,ES1 8,0.0
mean,2025,11,13,ES1 8,0.0
mean,2025,11,14,ES1 8,0.0
mean,2025,11,15,ES1 8,0.0
mean,2025,11,16,ES1 8,0.0
mean,2025,11,17,ES1 8,0.0
mean,2025,11,18,ES1 8,0.0
mean,2025,11,19,ES1 8,0.0
mean,2025,11,20,ES1 8,0.0
mean,2025,11,21,ES1 8,0.0
mean,2025,11,22,ES1 8,0.0
mean,2025,11,23,ES1 8,0.0
mean,2025,11,24,ES1 8,0.0
mean,2025,11,25,ES1 8,0.0
mean,2025,11,26,ES1 8,0.0
mean,2025,11,27,ES1 8,0.0
mean,2025,11,28,ES1 8,0.0
mean,2025,11,29,ES1 8,0.0
mean,2025,11,30,ES1 8,0.0
mean,2025,11,31,ES1 8,0.0
mean,2025,11,32,ES1 8,0.0
mean,2025,11,33,ES1 8,0.0
mean,2025,11,34,ES1 8,0.0
mean,2025,11,35,ES1 8,0.0
mean,2025,11,36,ES1 8,0.0
mean,2025,11,37,ES1 8,0.0
mean,2025,11,38,ES1 8,0.0
mean,2025,11,39,ES1 8,0.0
mean,2025,11,40,ES1 8,0.0
mean,2025,11,41,ES1 8,0.0
mean,2025,11,42,ES1 8,0.0
mean,2025,11,43,ES1 8,0.0
mean,2025,11,44,ES1 8,0.0
mean,2025,11,45,ES1 8,0.0
mean,2025,11,46,ES1 8,0.0
mean,2025,11,47,ES1 8,0.0
mean,2025,11,48,ES1 8,0.0
mean,2025,11,49,ES1 8,0.0
mean,2025,11,50,ES1 8,0.0
mean,2025,11,51,ES1 8,0.0
mean,2025,11,52,ES1 8,0.0
mean,2025,11,53,ES1 8,0.0
mean,2025,11,54,ES1 8,0.0
mean,2025,11,55,ES1 8,0.0
mean,2025,11,56,ES1 8,0.0
mean,2025,11,57,ES1 8,0.0
mean,2025,11,58,ES1 8,0.0
mean,2025,11,59,ES1 8,0.0
mean,2025,11,60,ES1 8,0.0
mean,2025,11,61,ES1 8,0.0
mean,2025,11,62,ES1 8,0.0
mean,2025,11,63,ES1 8,0.0
mean,2025,11,64,ES1 8,0.0
mean,2025,11,65,ES1 8,0.0
mean,2025,11,66,ES1 8,0.0
mean,2025,11,67,ES1 8,0.0
mean,2025,11,68,ES1 8,0.0
mean,2025,11,69,ES1 8,0.0
mean,2025,11,70,ES1 8,0.0
mean,2025,11,71,ES1 8,0.0
mean,2025,11,72,ES1 8,0.0
mean,2025,11,73,ES1 8,0.0
mean,2025,11,74,ES1 8,0.0
mean,2025,11,75,ES1 8,0.0
mean,2025,11,76,ES1 8,0.0
mean,2025,11,77,ES1 8,0.0
mean,2025,11,78,ES1 8,0.0
mean,2025,11,79,ES1 8,0.0
mean,2025,11,80,ES1 8,0.0
mean,2025,11,81,ES1 8,0.0
mean,2025,11,82,ES1 8,0.0
mean,2025,11,83,ES1 8,0.0
mean,2025,11,84,ES1 8,0.0
mean,2025,11,85,ES1 8,0.0
mean,2025,11,86,ES1 8,0.0
mean,2025,11,87,ES1 8,0.0
mean,2025,11,88,ES1 8,0.0
mean,2025,11,89,ES1 8,0.0
mean,2025,11,90,ES1 8,0.0
mean,2025,11,91,ES1 8,0.0
mean,2025,11,92,ES1 8,0.0
mean,2025,11,93,ES1 8,0.0
mean,2025,11,94,ES1 8,0.0
mean,2025,11,95,ES1 8,0.0
mean,2025,11,96,ES1 8,0.0
mean,2025,11,97,ES1 8,0.0
mean,2025,11,98,ES1 8,0.0
mean,2025,11,99,ES1 8,0.0
mean,2025,11,100,ES1 8,0.0
mean,2025,11,101,ES1 8,0.0
mean,2025,11,102,ES1 8,0.0
mean,2025,11,103,ES1 8,0.0
mean,2025,11,104,ES1 8,0.0
mean,2025,11,105,ES1 8,0.0
mean,2025,11,106,ES1 8,0.0
mean,2025,11,107,ES1 8,0.0
mean,2025,11,108,ES1 8,0.0
mean,2025,11,109,ES1 8,0.0
mean,2025,11,110,ES1 8,0.0
mean,2025,11,111,ES1 8,0.0
mean,2025,11,112,ES1 8,0.0
mean,2025,11,113,ES1 8,0.0
mean,2025,11,114,ES1 8,0.0
mean,2025,11,115,ES1 8,0.0
mean,2025,11,116,ES1 8,0.0
mean,2025,11,117,ES1 8,0.0
mean,2025,11,118,ES1 8,0.0
mean,2025,11,119,ES1 8,0.0
mean,2025,11,120,ES1 8,0.0
mean,2025,11,121,ES1 8,0.0
mean,2025,11,122,ES1 8,0.0
mean,2025,11,123,ES1 8,0.0
mean,2025,11,124,ES1 8,0.0
mean,2025,11,125,ES1 8,0.0
mean,2025,11,126,ES1 8,0.0
mean,2025,11,127,ES1 8,0.0
mean,2025,11,128,ES1 8,0.0
mean,2025,11,129,ES1 8,0.0
mean,2025,11,130,ES1 8,0.0
mean,2025,11,131,ES1 8,0.0
mean,2025,11,132,ES1 8,0.0
mean,2025,11,133,ES1 8,0.0
mean,2025,11,134,ES1 8,0.0
mean,2025,11,135,ES1 8,0.0
mean,2025,11,136,ES1 8,0.0
mean,2025,11,137,ES1 8,0.0
mean,2025,11,138,ES1 8,0.0
mean,2025,11,139,ES1 8,0.0
mean,2025,11,140,ES1 8,0.0
mean,2025,11,141,ES1 8,0.0
mean,2025,11,142,ES1 8,0.0
mean,2025,11,143,ES1 8,0.0
mean,2025,11,144,ES1 8,0.0
mean,2025,11,145,ES1 8,0.0
mean,2025,11,146,ES1 8,0.0
mean,2025,11,147,ES1 8,0.0
mean,2025,11,148,ES1 8,0.0
mean,2025,11,149,ES1 8,0.0
mean,2025,11,150,ES1 8,0.0
mean,2025,11,151,ES1 8,0.0
mean,2025,11,152,ES1 8,0.0
mean,2025,11,153,ES1 8,0.0
mean,2025,11,154,ES1 8,0.0
mean,2025,11,155,ES1 8,0.0
mean,2025,11,156,ES1 8,0.0
mean,2025,11,157,ES1 8,0.0
mean,2025,11,158,ES1 8,0.0
mean,2025,11,159,ES1 8,0.0
mean,2025,11,160,ES1 8,0.0
mean,2025,11,161,ES1 8,0.0
mean,2025,11,162,ES1 8,0.0
mean,2025,11,163,ES1 8,0.0
mean,2025,11,164,ES1 8,0.0
mean,2025,11,165,ES1 8,0.0
mean,2025,11,166,ES1 8,0.0
mean,2025,11,167,ES1 8,0.0
mean,2025,21,0,ES1 8,0.0
mean,2025,21,1,ES1 8,0.0
mean,2025,21,2,ES1 8,-2.123546798791806
mean,2025,21,3,ES1 8,-2.123546798791806
mean,2025,21,4,ES1 8,-3.707101659382827
mean,2025,21,5,ES1 8,-3.707101659382827
mean,2025,21,6,ES1 8,-3.707101659382827
mean,2025,21,7,ES1 8,-2.123546798791806
mean,2025,21,8,ES1 8,0.0
mean,2025,21,9,ES1 8,0.0
mean,2025,21,10,ES1 8,0.0
mean,2025,21,11,ES1 8,0.0
mean,2025,21,12,ES1 8,0.0
mean,2025,21,13,ES1 8,0.0
mean,2025,21,14,ES1 8,0.0
mean,2025,21,15,ES1 8,0.0
mean,2025,21,16,ES1 8,0.0
mean,2025,21,17,ES1 8,0.0
mean,2025,21,18,ES1 8,0.0
mean,2025,21,19,ES1 8,-3.707101659382827
mean,2025,21,20,ES1 8,-3.707101659382827
mean,2025,21,21,ES1 8,0.0
mean,2025,21,22,ES1 8,0.0
mean,2025,21,23,ES1 8,0.0
mean,2025,21,24,ES1 8,0.0
mean,2025,21,25,ES1 8,0.0
mean,2025,21,26,ES1 8,0.0
mean,2025,21,27,ES1 8,0.0
mean,2025,21,28,ES1 8,0.0
mean,2025,21,29,ES1 8,0.0
mean,2025,21,30,ES1 8,-3.707101659382827
mean,2025,21,31,ES1 8,0.0
mean,2025,21,32,ES1 8,0.0
mean,2025,21,33,ES1 8,0.0
mean,2025,21,34,ES1 8,0.0
mean,2025,21,35,ES1 8,0.0
mean,2025,21,36,ES1 8,0.0
mean,2025,21,37,ES1 8,0.0
mean,2025,21,38,ES1 8,0.0
mean,2025,21,39,ES1 8,0.0
mean,2025,21,40,ES1 8,0.0
mean,2025,21,41,ES1 8,0.0
mean,2025,21,42,ES1 8,0.0
mean,2025,21,43,ES1 8,0.0
mean,2025,21,44,ES1 8,0.0
mean,2025,21,45,ES1 8,0.0
mean,2025,21,46,ES1 8,0.0
mean,2025,21,47,ES1 8,0.0
mean,2025,21,48,ES1 8,0.0
mean,2025,21,49,ES1 8,0.0
mean,2025,21,50,ES1 8,0.0
mean,2025,21,51,ES1 8,0.0
mean,2025,21,52,ES1 8,0.0
mean,2025,21,53,ES1 8,0.0
mean,2025,21,54,ES1 8,0.0
mean,2025,21,55,ES1 8,0.0
mean,2025,21,56,ES1 8,0.0
mean,2025,21,57,ES1 8,0.0
mean,2025,21,58,ES1 8,0.0
mean,2025,21,59,ES1 8,0.0
mean,2025,21,60,ES1 8,0.0
mean,2025,21,61,ES1 8,0.0
mean,2025,21,62,ES1 8,0.0
mean,2025,21,63,ES1 8,0.0
mean,2025,21,64,ES1 8,0.0
mean,2025,21,65,ES1 8,0.0
mean,2025,21,66,ES1 8,0.0
mean,2025,21,67,ES1 8,0.0
mean,2025,21,68,ES1 8,0.0
mean,2025,21,69,ES1 8,0.0
mean,2025,21,70,ES1 8,0.0
mean,2025,21,71,ES1 8,0.0
mean,2025,21,72,ES1 8,0.0
mean,2025,21,73,ES1 8,0.0
mean,2025,21,74,ES1 8,0.0
mean,2025,21,75,ES1 8,0.0
mean,2025,21,76,ES1 8,0.0
mean,2025,21,77,ES1 8,0.0
mean,2025,21,78,ES1 8,0.0
mean,2025,21,79,ES1 8,0.0
mean,2025,21,80,ES1 8,0.0
mean,2025,21,81,ES1 8,0.0
mean,2025,21,82,ES1 8,0.0
mean,2025,21,83,ES1 8,0.0
mean,2025,21,84,ES1 8,0.0
mean,2025,21,85,ES1 8,0.0
mean,2025,21,86,ES1 8,0.0
mean,2025,21,87,ES1 8,0.0
mean,2025,21,88,ES1 8,0.0
mean,2025,21,89,ES1 8,0.0
mean,2025,21,90,ES1 8,0.0
mean,2025,21,91,ES1 8,0.0
mean,2025,21,92,ES1 8,0.0
mean,2025,21,93,ES1 8,0.0
mean,2025,21,94,ES1 8,0.0
mean,2025,21,95,ES1 8,0.0
mean,2025,21,96,ES1 8,0.0
mean,2025,21,97,ES1 8,0.0
mean,2025,21,98,ES1 8,0.0
mean,2025,21,99,ES1 8,0.0
mean,2025,21,100,ES1 8,0.0
mean,2025,21,101,ES1 8,0.0
mean,2025,21,102,ES1 8,0.0
mean,2025,21,103,ES1 8,0.0
mean,2025,21,104,ES1 8,0.0
mean,2025,21,105,ES1 8,0.0
mean,2025,21,106,ES1 8,0.0
mean,2025,21,107,ES1 8,0.0
mean,2025,21,108,ES1 8,0.0
mean,2025,21,109,ES1 8,0.0
mean,2025,21,110,ES1 8,0.0
mean,2025,21,111,ES1 8,0.0
mean,2025,21,112,ES1 8,0.0
mean,2025,21,113,ES1 8,0.0
mean,2025,21,114,ES1 8,0.0
mean,2025,21,115,ES1 8,0.0
mean,2025,21,116,ES1 8,0.0
mean,2025,21,117,ES1 8,0.0
mean,2025,21,118,ES1 8,0.0
mean,2025,21,119,ES1 8,0.0
mean,2025,21,120,ES1 8,0.0
mean,2025,21,121,ES1 8,0.0
mean,2025,21,122,ES1 8,0.0
mean,2025,21,123,ES1 8,0.0
mean,2025,21,124,ES1 8,0.0
mean,2025,21,125,ES1 8,0.0
mean,2025,21,126,ES1 8,0.0
mean,2025,21,127,ES1 8,0.0
mean,2025,21,128,ES1 8,0.0
mean,2025,21,129,ES1 8,0.0
mean,2025,21,130,ES1 8,0.0
mean,2025,21,131,ES1 8,0.0
mean,2025,21,132,ES1 8,0.0
mean,2025,21,133,ES1 8,0.0
mean,2025,21,134,ES1 8,0.0
mean,2025,21,135,ES1 8,0.0
mean,2025,21,136,ES1 8,0.0
mean,2025,21,137,ES1 8,0.0
mean,2025,21,138,ES1 8,0.0
mean,2025,21,139,ES1 8,0.0
mean,2025,21,140,ES1 8,0.0
mean,2025,21,141,ES1 8,0.0
mean,2025,21,142,ES1 8,0.0
mean,2025,21,143,ES1 8,0.0
mean,2025,21,144,ES1 8,0.0
mean,2025,21,145,ES1 8,0.0
mean,2025,21,146,ES1 8,0.0
mean,2025,21,147,ES1 8,0.0
mean,2025,21,148,ES1 8,0.0
mean,2025,21,149,ES1 8,0.0
mean,2025,21,150,ES1 8,0.0
mean,2025,21,151,ES1 8,0.0
mean,2025,21,152,ES1 8,0.0
mean,2025,21,153,ES1 8,0.0
mean,2025,21,154,ES1 8,0.0
mean,2025,21,155,ES1 8,0.0
mean,2025,21,156,ES1 8,0.0
mean,2025,21,157,ES1 8,0.0
mean,2025,21,158,ES1 8,0.0
mean,2025,21,159,ES1 8,0.0
mean,2025,21,160,ES1 8,0.0
mean,2025,21,161,ES1 8,0.0
mean,2025,21,162,ES1 8,0.0
mean,2025,21,163,ES1 8,0.0
mean,2025,21,164,ES1 8,0.0
mean,2025,21,165,ES1 8,0.0
mean,2025,21,166,ES1 8,0.0
mean,2025,21,167,ES1 8,0.0
mean,2025,42,0,ES1 8,0.0
mean,2025,42,1,ES1 8,-3.707101659382827
mean,2025,42,2,ES1 8,-3.707101659382827
mean,2025,42,3,ES1 8,-3.707101659382827
mean,2025,42,4,ES1 8,-3.707101659382827
mean,2025,42,5,ES1 8,-6.284774539861445
mean,2025,42,6,ES1 8,-8.410423072959354
mean,2025,42,7,ES1 8,-6.284774539861445
mean,2025,42,8,ES1 8,-2.123546798791806
mean,2025,42,9,ES1 8,0.0
mean,2025,42,10,ES1 8,0.0
mean,2025,42,11,ES1 8,0.0
mean,2025,42,12,ES1 8,0.0
mean,2025,42,13,ES1 8,0.0
mean,2025,42,14,ES1 8,0.0
mean,2025,42,15,ES1 8,0.0
mean,2025,42,16,ES1 8,0.0
mean,2025,42,17,ES1 8,-3.707101659382827
mean,2025,42,18,ES1 8,-3.707101659382827
mean,2025,42,19,ES1 8,-3.707101659382827
mean,2025,42,20,ES1 8,-1.0487551785354847
mean,2025,42,21,ES1 8,0.0
mean,2025,42,22,ES1 8,0.0
mean,2025,42,23,ES1 8,0.0
mean,2025,42,24,ES1 8,0.0
mean,2025,42,25,ES1 8,0.0
mean,2025,42,26,ES1 8,0.0
mean,2025,42,27,ES1 8,0.0
mean,2025,42,28,ES1 8,0.0
mean,2025,42,29,ES1 8,0.0
mean,2025,42,30,ES1 8,0.0
mean,2025,42,31,ES1 8,0.0
mean,2025,42,32,ES1 8,0.0
mean,2025,42,33,ES1 8,0.0
mean,2025,42,34,ES1 8,0.0
mean,2025,42,35,ES1 8,0.0
mean,2025,42,36,ES1 8,0.0
mean,2025,42,37,ES1 8,0.0
mean,2025,42,38,ES1 8,0.0
mean,2025,42,39,ES1 8,0.0
mean,2025,42,40,ES1 8,0.0
mean,2025,42,41,ES1 8,0.0
mean,2025,42,42,ES1 8,0.0
mean,2025,42,43,ES1 8,0.0
mean,2025,42,44,ES1 8,0.0
mean,2025,42,45,ES1 8,0.0
mean,2025,42,46,ES1 8,0.0
mean,2025,42,47,ES1 8,0.0
mean,2025,42,48,ES1 8,0.0
mean,2025,42,49,ES1 8,0.0
mean,2025,42,50,ES1 8,0.0
mean,2025,42,51,ES1 8,0.0
mean,2025,42,52,ES1 8,0.0
mean,2025,42,53,ES1 8,0.0
mean,2025,42,54,ES1 8,0.0
mean,2025,42,55,ES1 8,0.0
mean,2025,42,56,ES1 8,0.0
mean,2025,42,57,ES1 8,0.0
mean,2025,42,58,ES1 8,0.0
mean,2025,42,59,ES1 8,0.0
mean,2025,42,60,ES1 8,0.0
mean,2025,42,61,ES1 8,0.0
mean,2025,42,62,ES1 8,0.0
mean,2025,42,63,ES1 8,0.0
mean,2025,42,64,ES1 8,0.0
mean,2025,42,65,ES1 8,0.0
mean,2025,42,66,ES1 8,-0.2647212310062645
mean,2025,42,67,ES1 8,-0.5294534978136254
mean,2025,42,68,ES1 8,-0.7941968008820031
mean,2025,42,69,ES1 8,-1.0589511406702015
mean,2025,42,70,ES1 8,-1.3237165176370245
mean,2025,42,71,ES1 8,-1.5884929322457413
mean,2025,42,72,ES1 8,-1.8532803849529231
mean,2025,42,73,ES1 8,-2.1180788762251885
mean,2025,42,74,ES1 8,-2.3828884065124103
mean,2025,42,75,ES1 8,-2.647708976284556
mean,2025,42,76,ES1 8,-2.9125405859970805
mean,2025,42,77,ES1 8,-3.1773832361110204
mean,2025,42,78,ES1 8,-3.442236927086296
mean,2025,42,79,ES1 8,-3.707101659382827
mean,2025,42,80,ES1 8,-2.123546798791806
mean,2025,42,81,ES1 8,0.0
mean,2025,42,82,ES1 8,0.0
mean,2025,42,83,ES1 8,0.0
mean,2025,42,84,ES1 8,0.0
mean,2025,42,85,ES1 8,0.0
mean,2025,42,86,ES1 8,0.0
mean,2025,42,87,ES1 8,0.0
mean,2025,42,88,ES1 8,-3.707101659382827
mean,2025,42,89,ES1 8,-6.284774539861445
mean,2025,42,90,ES1 8,-6.284774539861445
mean,2025,42,91,ES1 8,-6.284774539861445
mean,2025,42,92,ES1 8,-6.284774539861445
mean,2025,42,93,ES1 8,-3.707101659382827
mean,2025,42,94,ES1 8,-2.123546798791806
mean,2025,42,95,ES1 8,-2.123546798791806
mean,2025,42,96,ES1 8,0.0
mean,2025,42,97,ES1 8,0.0
mean,2025,42,98,ES1 8,0.0
mean,2025,42,99,ES1 8,0.0
mean,2025,42,100,ES1 8,0.0
mean,2025,42,101,ES1 8,0.0
mean,2025,42,102,ES1 8,0.0
mean,2025,42,103,ES1 8,0.0
mean,2025,42,104,ES1 8,0.0
mean,2025,42,105,ES1 8,0.0
mean,2025,42,106,ES1 8,0.0
mean,2025,42,107,ES1 8,0.0
mean,2025,42,108,ES1 8,0.0
mean,2025,42,109,ES1 8,0.0
mean,2025,42,110,ES1 8,0.0
mean,2025,42,111,ES1 8,0.0
mean,2025,42,112,ES1 8,0.0
mean,2025,42,113,ES1 8,0.0
mean,2025,42,114,ES1 8,0.0
mean,2025,42,115,ES1 8,0.0
mean,2025,42,116,ES1 8,0.0
mean,2025,42,117,ES1 8,0.0
mean,2025,42,118,ES1 8,0.0
mean,2025,42,119,ES1 8,0.0
mean,2025,42,120,ES1 8,0.0
mean,2025,42,121,ES1 8,0.0
mean,2025,42,122,ES1 8,0.0
mean,2025,42,123,ES1 8,0.0
mean,2025,42,124,ES1 8,0.0
mean,2025,42,125,ES1 8,0.0
mean,2025,42,126,ES1 8,0.0
mean,2025,42,127,ES1 8,0.0
mean,2025,42,128,ES1 8,0.0
mean,2025,42,129,ES1 8,0.0
mean,2025,42,130,ES1 8,0.0
mean,2025,42,131,ES1 8,0.0
mean,2025,42,132,ES1 8,0.0
mean,2025,42,133,ES1 8,0.0
mean,2025,42,134,ES1 8,0.0
mean,2025,42,135,ES1 8,0.0
mean,2025,42,136,ES1 8,0.0
mean,2025,42,137,ES1 8,0.0
mean,2025,42,138,ES1 8,0.0
mean,2025,42,139,ES1 8,0.0
mean,2025,42,140,ES1 8,0.0
mean,2025,42,141,ES1 8,0.0
mean,2025,42,142,ES1 8,0.0
mean,2025,42,143,ES1 8,0.0
mean,2025,42,144,ES1 8,0.0
mean,2025,42,145,ES1 8,0.0
mean,2025,42,146,ES1 8,0.0
mean,2025,42,147,ES1 8,0.0
mean,2025,42,148,ES1 8,0.0
mean,2025,42,149,ES1 8,0.0
mean,2025,42,150,ES1 8,0.0
mean,2025,42,151,ES1 8,0.0
mean,2025,42,152,ES1 8,0.0
mean,2025,42,153,ES1 8,0.0
mean,2025,42,154,ES1 8,0.0
mean,2025,42,155,ES1 8,0.0
mean,2025,42,156,ES1 8,0.0
mean,2025,42,157,ES1 8,0.0
mean,2025,42,158,ES1 8,0.0
mean,2025,42,159,ES1 8,0.0
mean,2025,42,160,ES1 8,0.0
mean,2025,42,161,ES1 8,0.0
mean,2025,42,162,ES1 8,0.0
mean,2025,42,163,ES1 8,0.0
mean,2025,42,164,ES1 8,0.0
mean,2025,42,165,ES1 8,0.0
mean,2025,42,166,ES1 8,0.0
mean,2025,42,167,ES1 8,0.0
mean,2025,52,0,ES1 8,0.0
mean,2025,52,1,ES1 8,0.0
mean,2025,52,2,ES1 8,0.0
mean,2025,52,3,ES1 8,0.0
mean,2025,52,4,ES1 8,0.0
mean,2025,52,5,ES1 8,0.0
mean,2025,52,6,ES1 8,0.0
mean,2025,52,7,ES1 8,0.0
mean,2025,52,8,ES1 8,0.0
mean,2025,52,9,ES1 8,0.0
mean,2025,52,10,ES1 8,0.0
mean,2025,52,11,ES1 8,0.0
mean,2025,52,12,ES1 8,0.0
mean,2025,52,13,ES1 8,0.0
mean,2025,52,14,ES1 8,0.0
mean,2025,52,15,ES1 8,0.0
mean,2025,52,16,ES1 8,0.0
mean,2025,52,17,ES1 8,0.0
mean,2025,52,18,ES1 8,0.0
mean,2025,52,19,ES1 8,0.0
mean,2025,52,20,ES1 8,0.0
mean,2025,52,21,ES1 8,0.0
mean,2025,52,22,ES1 8,0.0
mean,2025,52,23,ES1 8,0.0
mean,2025,52,24,ES1 8,0.0
mean,2025,52,25,ES1 8,0.0
mean,2025,52,26,ES1 8,0.0
mean,2025,52,27,ES1 8,0.0
mean,2025,52,28,ES1 8,0.0
mean,2025,52,29,ES1 8,0.0
mean,2025,52,30,ES1 8,0.0
mean,2025,52,31,ES1 8,0.0
mean,2025,52,32,ES1 8,0.0
mean,2025,52,33,ES1 8,0.0
mean,2025,52,34,ES1 8,0.0
mean,2025,52,35,ES1 8,0.0
mean,2025,52,36,ES1 8,0.0
mean,2025,52,37,ES1 8,0.0
mean,2025,52,38,ES1 8,0.0
mean,2025,52,39,ES1 8,0.0
mean,2025,52,40,ES1 8,0.0
mean,2025,52,41,ES1 8,0.0
mean,2025,52,42,ES1 8,0.0
mean,2025,52,43,ES1 8,0.0
mean,2025,52,44,ES1 8,0.0
mean,2025,52,45,ES1 8,0.0
mean,2025,52,46,ES1 8,0.0
mean,2025,52,47,ES1 8,0.0
mean,2025,52,48,ES1 8,0.0
mean,2025,52,49,ES1 8,0.0
mean,2025,52,50,ES1 8,0.0
mean,2025,52,51,ES1 8,0.0
mean,2025,52,52,ES1 8,0.0
mean,2025,52,53,ES1 8,0.0
mean,2025,52,54,ES1 8,0.0
mean,2025,52,55,ES1 8,0.0
mean,2025,52,56,ES1 8,0.0
mean,2025,52,57,ES1 8,0.0
mean,2025,52,58,ES1 8,0.0
mean,2025,52,59,ES1 8,0.0
mean,2025,52,60,ES1 8,0.0
mean,2025,52,61,ES1 8,0.0
mean,2025,52,62,ES1 8,0.0
mean,2025,52,63,ES1 8,0.0
mean,2025,52,64,ES1 8,0.0
mean,2025,52,65,ES1 8,0.0
mean,2025,52,66,ES1 8,0.0
mean,2025,52,67,ES1 8,0.0
mean,2025,52,68,ES1 8,0.0
mean,2025,52,69,ES1 8,0.0
mean,2025,52,70,ES1 8,0.0
mean,2025,52,71,ES1 8,0.0
mean,2025,52,72,ES1 8,0.0
mean,2025,52,73,ES1 8,0.0
mean,2025,52,74,ES1 8,0.0
mean,2025,52,75,ES1 8,0.0
mean,2025,52,76,ES1 8,0.0
mean,2025,52,77,ES1 8,0.0
mean,2025,52,78,ES1 8,0.0
mean,2025,52,79,ES1 8,0.0
mean,2025,52,80,ES1 8,0.0
mean,2025,52,81,ES1 8,0.0
mean,2025,52,82,ES1 8,0.0
mean,2025,52,83,ES1 8,0.0
mean,2025,52,84,ES1 8,0.0
mean,2025,52,85,ES1 8,0.0
mean,2025,52,86,ES1 8,0.0
mean,2025,52,87,ES1 8,0.0
mean,2025,52,88,ES1 8,0.0
mean,2025,52,89,ES1 8,0.0
mean,2025,52,90,ES1 8,0.0
mean,2025,52,91,ES1 8,0.0
mean,2025,52,92,ES1 8,0.0
mean,2025,52,93,ES1 8,0.0
mean,2025,52,94,ES1 8,0.0
mean,2025,52,95,ES1 8,0.0
mean,2025,52,96,ES1 8,0.0
mean,2025,52,97,ES1 8,0.0
mean,2025,52,98,ES1 8,0.0
mean,2025,52,99,ES1 8,0.0
mean,2025,52,100,ES1 8,0.0
mean,2025,52,101,ES1 8,0.0
mean,2025,52,102,ES1 8,0.0
mean,2025,52,103,ES1 8,0.0
mean,2025,52,104,ES1 8,0.0
mean,2025,52,105,ES1 8,0.0
mean,2025,52,106,ES1 8,0.0
mean,2025,52,107,ES1 8,0.0
mean,2025,52,108,ES1 8,0.0
mean,2025,52,109,ES1 8,0.0
mean,2025,52,110,ES1 8,0.0
mean,2025,52,111,ES1 8,0.0
mean,2025,52,112,ES1 8,0.0
mean,2025,52,113,ES1 8,0.0
mean,2025,52,114,ES1 8,0.0
mean,2025,52,115,ES1 8,0.0
mean,2025,52,116,ES1 8,0.0
mean,2025,52,117,ES1 8,0.0
mean,2025,52,118,ES1 8,0.0
mean,2025,52,119,ES1 8,0.0
mean,2025,52,120,ES1 8,0.0
mean,2025,52,121,ES1 8,0.0
mean,2025,52,122,ES1 8,0.0
mean,2025,52,123,ES1 8,0.0
mean,2025,52,124,ES1 8,0.0
mean,2025,52,125,ES1 8,0.0
mean,2025,52,126,ES1 8,0.0
mean,2025,52,127,ES1 8,0.0
mean,2025,52,128,ES1 8,0.0
mean,2025,52,129,ES1 8,0.0
mean,2025,52,130,ES1 8,0.0
mean,2025,52,131,ES1 8,0.0
mean,2025,52,132,ES1 8,0.0
mean,2025,52,133,ES1 8,0.0
mean,2025,52,134,ES1 8,0.0
mean,2025,52,135,ES1 8,0.0
mean,2025,52,136,ES1 8,0.0
mean,2025,52,137,ES1 8,0.0
mean,2025,52,138,ES1 8,0.0
mean,2025,52,139,ES1 8,0.0
mean,2025,52,140,ES1 8,0.0
mean,2025,52,141,ES1 8,0.0
mean,2025,52,142,ES1 8,0.0
mean,2025,52,143,ES1 8,0.0
mean,2025,52,144,ES1 8,0.0
mean,2025,52,145,ES1 8,0.0
mean,2025,52,146,ES1 8,0.0
mean,2025,52,147,ES1 8,0.0
mean,2025,52,148,ES1 8,0.0
mean,2025,52,149,ES1 8,0.0
mean,2025,52,150,ES1 8,0.0
mean,2025,52,151,ES1 8,0.0
mean,2025,52,152,ES1 8,0.0
mean,2025,52,153,ES1 8,0.0
mean,2025,52,154,ES1 8,0.0
mean,2025,52,155,ES1 8,0.0
mean,2025,52,156,ES1 8,0.0
mean,2025,52,157,ES1 8,0.0
mean,2025,52,158,ES1 8,0.0
mean,2025,52,159,ES1 8,0.0
mean,2025,52,160,ES1 8,0.0
mean,2025,52,161,ES1 8,0.0
mean,2025,52,162,ES1 8,0.0
mean,2025,52,163,ES1 8,0.0
mean,2025,52,164,ES1 8,0.0
mean,2025,52,165,ES1 8,0.0
mean,2025,52,166,ES1 8,0.0
mean,2025,52,167,ES1 8,0.0
mean,2030,11,0,ES1 8,0.0
mean,2030,11,1,ES1 8,0.0
mean,2030,11,2,ES1 8,0.0
mean,2030,11,3,ES1 8,0.0
mean,2030,11,4,ES1 8,0.0
mean,2030,11,5,ES1 8,0.0
mean,2030,11,6,ES1 8,0.0
mean,2030,11,7,ES1 8,0.0
mean,2030,11,8,ES1 8,0.0
mean,2030,11,9,ES1 8,0.0
mean,2030,11,10,ES1 8,0.0
mean,2030,11,11,ES1 8,0.0
mean,2030,11,12,ES1 8,0.0
mean,2030,11,13,ES1 8,0.0
mean,2030,11,14,ES1 8,0.0
mean,2030,11,15,ES1 8,0.0
mean,2030,11,16,ES1 8,0.0
mean,2030,11,17,ES1 8,0.0
mean,2030,11,18,ES1 8,0.0
mean,2030,11,19,ES1 8,0.0
mean,2030,11,20,ES1 8,0.0
mean,2030,11,21,ES1 8,0.0
mean,2030,11,22,ES1 8,0.0
mean,2030,11,23,ES1 8,0.0
mean,2030,11,24,ES1 8,0.0
mean,2030,11,25,ES1 8,0.0
mean,2030,11,26,ES1 8,0.0
mean,2030,11,27,ES1 8,0.0
mean,2030,11,28,ES1 8,0.0
mean,2030,11,29,ES1 8,0.0
mean,2030,11,30,ES1 8,0.0
mean,2030,11,31,ES1 8,0.0
mean,2030,11,32,ES1 8,0.0
mean,2030,11,33,ES1 8,0.0
mean,2030,11,34,ES1 8,0.0
mean,2030,11,35,ES1 8,0.0
mean,2030,11,36,ES1 8,0.0
mean,2030,11,37,ES1 8,0.0
mean,2030,11,38,ES1 8,0.0
mean,2030,11,39,ES1 8,0.0
mean,2030,11,40,ES1 8,0.0
mean,2030,11,41,ES1 8,0.0
mean,2030,11,42,ES1 8,0.0
mean,2030,11,43,ES1 8,0.0
mean,2030,11,44,ES1 8,0.0
mean,2030,11,45,ES1 8,0.0
mean,2030,11,46,ES1 8,0.0
mean,2030,11,47,ES1 8,0.0
mean,2030,11,48,ES1 8,0.0
mean,2030,11,49,ES1 8,0.0
mean,2030,11,50,ES1 8,0.0
mean,2030,11,51,ES1 8,0.0
mean,2030,11,52,ES1 8,0.0
mean,2030,11,53,ES1 8,0.0
mean,2030,11,54,ES1 8,0.0
mean,2030,11,55,ES1 8,0.0
mean,2030,11,56,ES1 8,0.0
mean,2030,11,57,ES1 8,0.0
mean,2030,11,58,ES1 8,0.0
mean,2030,11,59,ES1 8,0.0
mean,2030,11,60,ES1 8,0.0
mean,2030,11,61,ES1 8,0.0
mean,2030,11,62,ES1 8,0.0
mean,2030,11,63,ES1 8,0.0
mean,2030,11,64,ES1 8,0.0
mean,2030,11,65,ES1 8,0.0
mean,2030,11,66,ES1 8,0.0
mean,2030,11,67,ES1 8,0.0
mean,2030,11,68,ES1 8,0.0
mean,2030,11,69,ES1 8,0.0
mean,2030,11,70,ES1 8,0.0
mean,2030,11,71,ES1 8,0.0
mean,2030,11,72,ES1 8,0.0
mean,2030,11,73,ES1 8,0.0
mean,2030,11,74,ES1 8,0.0
mean,2030,11,75,ES1 8,0.0
mean,2030,11,76,ES1 8,0.0
mean,2030,11,77,ES1 8,0.0
mean,2030,11,78,ES1 8,0.0
mean,2030,11,79,ES1 8,0.0
mean,2030,11,80,ES1 8,0.0
mean,2030,11,81,ES1 8,0.0
mean,2030,11,82,ES1 8,0.0
mean,2030,11,83,ES1 8,0.0
mean,2030,11,84,ES1 8,0.0
mean,2030,11,85,ES1 8,0.0
mean,2030,11,86,ES1 8,0.0
mean,2030,11,87,ES1 8,0.0
mean,2030,11,88,ES1 8,0.0
mean,2030,11,89,ES1 8,0.0
mean,2030,11,90,ES1 8,0.0
mean,2030,11,91,ES1 8,0.0
mean,2030,11,92,ES1 8,0.0
mean,2030,11,93,ES1 8,0.0
mean,2030,11,94,ES1 8,0.0
mean,2030,11,95,ES1 8,0.0
mean,2030,11,96,ES1 8,0.0
mean,2030,11,97,ES1 8,0.0
mean,2030,11,98,ES1 8,0.0
mean,2030,11,99,ES1 8,0.0
mean,2030,11,100,ES1 8,0.0
mean,2030,11,101,ES1 8,0.0
mean,2030,11,102,ES1 8,0.0
mean,2030,11,103,ES1 8,0.0
mean,2030,11,104,ES1 8,0.0
mean,2030,11,105,ES1 8,0.0
mean,2030,11,106,ES1 8,0.0
mean,2030,11,107,ES1 8,0.0
mean,2030,11,108,ES1 8,0.0
mean,2030,11,109,ES1 8,0.0
mean,2030,11,110,ES1 8,0.0
mean,2030,11,111,ES1 8,0.0
mean,2030,11,112,ES1 8,0.0
mean,2030,11,113,ES1 8,0.0
mean,2030,11,114,ES1 8,0.0
mean,2030,11,115,ES1 8,0.0
mean,2030,11,116,ES1 8,0.0
mean,2030,11,117,ES1 8,0.0
mean,2030,11,118,ES1 8,0.0
mean,2030,11,119,ES1 8,0.0
mean,2030,11,120,ES1 8,0.0
mean,2030,11,121,ES1 8,0.0
mean,2030,11,122,ES1 8,0.0
mean,2030,11,123,ES1 8,0.0
mean,2030,11,124,ES1 8,0.0
mean,2030,11,125,ES1 8,0.0
mean,2030,11,126,ES1 8,0.0
mean,2030,11,127,ES1 8,0.0
mean,2030,11,128,ES1 8,0.0
mean,2030,11,129,ES1 8,0.0
mean,2030,11,130,ES1 8,0.0
mean,2030,11,131,ES1 8,0.0
mean,2030,11,132,ES1 8,0.0
mean,2030,11,133,ES1 8,0.0
mean,2030,11,134,ES1 8,0.0
mean,2030,11,135,ES1 8,0.0
mean,2030,11,136,ES1 8,0.0
mean,2030,11,137,ES1 8,0.0
mean,2030,11,138,ES1 8,0.0
mean,2030,11,139,ES1 8,0.0
mean,2030,11,140,ES1 8,0.0
mean,2030,11,141,ES1 8,0.0
mean,2030,11,142,ES1 8,0.0
mean,2030,11,143,ES1 8,0.0
mean,2030,11,144,ES1 8,0.0
mean,2030,11,145,ES1 8,0.0
mean,2030,11,146,ES1 8,0.0
mean,2030,11,147,ES1 8,0.0
mean,2030,11,148,ES1 8,0.0
mean,2030,11,149,ES1 8,0.0
mean,2030,11,150,ES1 8,0.0
mean,2030,11,151,ES1 8,0.0
mean,2030,11,152,ES1 8,0.0
mean,2030,11,153,ES1 8,0.0
mean,2030,11,154,ES1 8,0.0
mean,2030,11,155,ES1 8,0.0
mean,2030,11,156,ES1 8,0.0
mean,2030,11,157,ES1 8,0.0
mean,2030,11,158,ES1 8,0.0
mean,2030,11,159,ES1 8,0.0
mean,2030,11,160,ES1 8,0.0
mean,2030,11,161,ES1 8,0.0
mean,2030,11,162,ES1 8,0.0
mean,2030,11,163,ES1 8,0.0
mean,2030,11,164,ES1 8,0.0
mean,2030,11,165,ES1 8,0.0
mean,2030,11,166,ES1 8,0.0
mean,2030,11,167,ES1 8,0.0
mean,2030,21,0,ES1 8,0.0
mean,2030,21,1,ES1 8,0.0
mean,2030,21,2,ES1 8,0.0
mean,2030,21,3,ES1 8,0.0
mean,2030,21,4,ES1 8,0.0
mean,2030,21,5,ES1 8,0.0
mean,2030,21,6,ES1 8,0.0
mean,2030,21,7,ES1 8,0.0
mean,2030,21,8,ES1 8,0.0
mean,2030,21,9,ES1 8,0.0
mean,2030,21,10,ES1 8,0.0
mean,2030,21,11,ES1 8,0.0
mean,2030,21,12,ES1 8,0.0
mean,2030,21,13,ES1 8,0.0
mean,2030,21,14,ES1 8,0.0
mean,2030,21,15,ES1 8,0.0
mean,2030,21,16,ES1 8,0.0
mean,2030,21,17,ES1 8,0.0
mean,2030,21,18,ES1 8,0.0
mean,2030,21,19,ES1 8,0.0
mean,2030,21,20,ES1 8,0.0
mean,2030,21,21,ES1 8,0.0
mean,2030,21,22,ES1 8,0.0
mean,2030,21,23,ES1 8,0.0
mean,2030,21,24,ES1 8,0.0
mean,2030,21,25,ES1 8,0.0
mean,2030,21,26,ES1 8,0.0
mean,2030,21,27,ES1 8,0.0
mean,2030,21,28,ES1 8,0.0
mean,2030,21,29,ES1 8,0.0
mean,2030,21,30,ES1 8,0.0
mean,2030,21,31,ES1 8,0.0
mean,2030,21,32,ES1 8,0.0
mean,2030,21,33,ES1 8,0.0
mean,2030,21,34,ES1 8,0.0
mean,2030,21,35,ES1 8,0.0
mean,2030,21,36,ES1 8,0.0
mean,2030,21,37,ES1 8,0.0
mean,2030,21,38,ES1 8,0.0
mean,2030,21,39,ES1 8,0.0
mean,2030,21,40,ES1 8,0.0
mean,2030,21,41,ES1 8,0.0
mean,2030,21,42,ES1 8,0.0
mean,2030,21,43,ES1 8,0.0
mean,2030,21,44,ES1 8,0.0
mean,2030,21,45,ES1 8,0.0
mean,2030,21,46,ES1 8,0.0
mean,2030,21,47,ES1 8,0.0
mean,2030,21,48,ES1 8,0.0
mean,2030,21,49,ES1 8,0.0
mean,2030,21,50,ES1 8,0.0
mean,2030,21,51,ES1 8,0.0
mean,2030,21,52,ES1 8,0.0
mean,2030,21,53,ES1 8,0.0
mean,2030,21,54,ES1 8,0.0
mean,2030,21,55,ES1 8,0.0
mean,2030,21,56,ES1 8,0.0
mean,2030,21,57,ES1 8,0.0
mean,2030,21,58,ES1 8,0.0
mean,2030,21,59,ES1 8,0.0
mean,2030,21,60,ES1 8,0.0
mean,2030,21,61,ES1 8,0.0
mean,2030,21,62,ES1 8,0.0
mean,2030,21,63,ES1 8,0.0
mean,2030,21,64,ES1 8,0.0
mean,2030,21,65,ES1 8,0.0
mean,2030,21,66,ES1 8,0.0
mean,2030,21,67,ES1 8,0.0
mean,2030,21,68,ES1 8,0.0
mean,2030,21,69,ES1 8,0.0
mean,2030,21,70,ES1 8,0.0
mean,2030,21,71,ES1 8,0.0
mean,2030,21,72,ES1 8,0.0
mean,2030,21,73,ES1 8,0.0
mean,2030,21,74,ES1 8,0.0
mean,2030,21,75,ES1 8,0.0
mean,2030,21,76,ES1 8,0.0
mean,2030,21,77,ES1 8,0.0
mean,2030,21,78,ES1 8,0.0
mean,2030,21,79,ES1 8,0.0
mean,2030,21,80,ES1 8,0.0
mean,2030,21,81,ES1 8,0.0
mean,2030,21,82,ES1 8,0.0
mean,2030,21,83,ES1 8,0.0
mean,2030,21,84,ES1 8,0.0
mean,2030,21,85,ES1 8,0.0
mean,2030,21,86,ES1 8,0.0
mean,2030,21,87,ES1 8,0.0
mean,2030,21,88,ES1 8,0.0
mean,2030,21,89,ES1 8,0.0
mean,2030,21,90,ES1 8,0.0
mean,2030,21,91,ES1 8,0.0
mean,2030,21,92,ES1 8,0.0
mean,2030,21,93,ES1 8,0.0
mean,2030,21,94,ES1 8,0.0
mean,2030,21,95,ES1 8,0.0
mean,2030,21,96,ES1 8,0.0
mean,2030,21,97,ES1 8,0.0
mean,2030,21,98,ES1 8,0.0
mean,2030,21,99,ES1 8,0.0
mean,2030,21,100,ES1 8,0.0
mean,2030,21,101,ES1 8,0.0
mean,2030,21,102,ES1 8,0.0
mean,2030,21,103,ES1 8,0.0
mean,2030,21,104,ES1 8,0.0
mean,2030,21,105,ES1 8,0.0
mean,2030,21,106,ES1 8,0.0
mean,2030,21,107,ES1 8,0.0
mean,2030,21,108,ES1 8,0.0
mean,2030,21,109,ES1 8,0.0
mean,2030,21,110,ES1 8,0.0
mean,2030,21,111,ES1 8,0.0
mean,2030,21,112,ES1 8,0.0
mean,2030,21,113,ES1 8,0.0
mean,2030,21,114,ES1 8,0.0
mean,2030,21,115,ES1 8,0.0
mean,2030,21,116,ES1 8,0.0
mean,2030,21,117,ES1 8,0.0
mean,2030,21,118,ES1 8,0.0
mean,2030,21,119,ES1 8,0.0
mean,2030,21,120,ES1 8,0.0
mean,2030,21,121,ES1 8,0.0
mean,2030,21,122,ES1 8,0.0
mean,2030,21,123,ES1 8,0.0
mean,2030,21,124,ES1 8,0.0
mean,2030,21,125,ES1 8,0.0
mean,2030,21,126,ES1 8,0.0
mean,2030,21,127,ES1 8,0.0
mean,2030,21,128,ES1 8,0.0
mean,2030,21,129,ES1 8,0.0
mean,2030,21,130,ES1 8,0.0
mean,2030,21,131,ES1 8,0.0
mean,2030,21,132,ES1 8,0.0
mean,2030,21,133,ES1 8,0.0
mean,2030,21,134,ES1 8,0.0
mean,2030,21,135,ES1 8,0.0
mean,2030,21,136,ES1 8,0.0
mean,2030,21,137,ES1 8,0.0
mean,2030,21,138,ES1 8,0.0
mean,2030,21,139,ES1 8,0.0
mean,2030,21,140,ES1 8,0.0
mean,2030,21,141,ES1 8,0.0
mean,2030,21,142,ES1 8,0.0
mean,2030,21,143,ES1 8,0.0
mean,2030,21,144,ES1 8,0.0
mean,2030,21,145,ES1 8,0.0
mean,2030,21,146,ES1 8,0.0
mean,2030,21,147,ES1 8,0.0
mean,2030,21,148,ES1 8,0.0
mean,2030,21,149,ES1 8,0.0
mean,2030,21,150,ES1 8,0.0
mean,2030,21,151,ES1 8,0.0
mean,2030,21,152,ES1 8,0.0
mean,2030,21,153,ES1 8,0.0
mean,2030,21,154,ES1 8,0.0
mean,2030,21,155,ES1 8,0.0
mean,2030,21,156,ES1 8,0.0
mean,2030,21,157,ES1 8,0.0
mean,2030,21,158,ES1 8,0.0
mean,2030,21,159,ES1 8,0.0
mean,2030,21,160,ES1 8,0.0
mean,2030,21,161,ES1 8,0.0
mean,2030,21,162,ES1 8,0.0
mean,2030,21,163,ES1 8,0.0
mean,2030,21,164,ES1 8,0.0
mean,2030,21,165,ES1 8,0.0
mean,2030,21,166,ES1 8,0.0
mean,2030,21,167,ES1 8,0.0
mean,2030,42,0,ES1 8,0.0
mean,2030,42,1,ES1 8,0.0
mean,2030,42,2,ES1 8,0.0
mean,2030,42,3,ES1 8,0.0
mean,2030,42,4,ES1 8,0.0
mean,2030,42,5,ES1 8,0.0
mean,2030,42,6,ES1 8,0.0
mean,2030,42,7,ES1 8,0.0
mean,2030,42,8,ES1 8,0.0
mean,2030,42,9,ES1 8,0.0
mean,2030,42,10,ES1 8,0.0
mean,2030,42,11,ES1 8,0.0
mean,2030,42,12,ES1 8,0.0
mean,2030,42,13,ES1 8,0.0
mean,2030,42,14,ES1 8,0.0
mean,2030,42,15,ES1 8,0.0
mean,2030,42,16,ES1 8,0.0
mean,2030,42,17,ES1 8,0.0
mean,2030,42,18,ES1 8,0.0
mean,2030,42,19,ES1 8,0.0
mean,2030,42,20,ES1 8,0.0
mean,2030,42,21,ES1 8,0.0
mean,2030,42,22,ES1 8,0.0
mean,2030,42,23,ES1 8,0.0
mean,2030,42,24,ES1 8,0.0
mean,2030,42,25,ES1 8,0.0
mean,2030,42,26,ES1 8,0.0
mean,2030,42,27,ES1 8,0.0
mean,2030,42,28,ES1 8,0.0
mean,2030,42,29,ES1 8,0.0
mean,2030,42,30,ES1 8,0.0
mean,2030,42,31,ES1 8,0.0
mean,2030,42,32,ES1 8,0.0
mean,2030,42,33,ES1 8,0.0
mean,2030,42,34,ES1 8,0.0
mean,2030,42,35,ES1 8,0.0
mean,2030,42,36,ES1 8,0.0
mean,2030,42,37,ES1 8,0.0
mean,2030,42,38,ES1 8,0.0
mean,2030,42,39,ES1 8,0.0
mean,2030,42,40,ES1 8,0.0
mean,2030,42,41,ES1 8,0.0
mean,2030,42,42,ES1 8,0.0
mean,2030,42,43,ES1 8,0.0
mean,2030,42,44,ES1 8,0.0
mean,2030,42,45,ES1 8,0.0
mean,2030,42,46,ES1 8,0.0
mean,2030,42,47,ES1 8,0.0
mean,2030,42,48,ES1 8,0.0
mean,2030,42,49,ES1 8,0.0
mean,2030,42,50,ES1 8,0.0
mean,2030,42,51,ES1 8,0.0
mean,2030,42,52,ES1 8,0.0
mean,2030,42,53,ES1 8,0.0
mean,2030,42,54,ES1 8,0.0
mean,2030,42,55,ES1 8,0.0
mean,2030,42,56,ES1 8,0.0
mean,2030,42,57,ES1 8,0.0
mean,2030,42,58,ES1 8,0.0
mean,2030,42,59,ES1 8,0.0
mean,2030,42,60,ES1 8,0.0
mean,2030,42,61,ES1 8,0.0
mean,2030,42,62,ES1 8,0.0
mean,2030,42,63,ES1 8,0.0
mean,2030,42,64,ES1 8,0.0
mean,2030,42,65,ES1 8,0.0
mean,2030,42,66,ES1 8,0.0
mean,2030,42,67,ES1 8,0.0
mean,2030,42,68,ES1 8,0.0
mean,2030,42,69,ES1 8,0.0
mean,2030,42,70,ES1 8,0.0
mean,2030,42,71,ES1 8,0.0
mean,2030,42,72,ES1 8,0.0
mean,2030,42,73,ES1 8,0.0
mean,2030,42,74,ES1 8,0.0
mean,2030,42,75,ES1 8,0.0
mean,2030,42,76,ES1 8,0.0
mean,2030,42,77,ES1 8,0.0
mean,2030,42,78,ES1 8,0.0
mean,2030,42,79,ES1 8,0.0
mean,2030,42,80,ES1 8,0.0
mean,2030,42,81,ES1 8,0.0
mean,2030,42,82,ES1 8,0.0
mean,2030,42,83,ES1 8,0.0
mean,2030,42,84,ES1 8,0.0
mean,2030,42,85,ES1 8,0.0
mean,2030,42,86,ES1 8,0.0
mean,2030,42,87,ES1 8,0.0
mean,2030,42,88,ES1 8,0.0
mean,2030,42,89,ES1 8,0.0
mean,2030,42,90,ES1 8,0.0
mean,2030,42,91,ES1 8,0.0
mean,2030,42,92,ES1 8,0.0
mean,2030,42,93,ES1 8,0.0
mean,2030,42,94,ES1 8,0.0
mean,2030,42,95,ES1 8,0.0
mean,2030,42,96,ES1 8,0.0
mean,2030,42,97,ES1 8,0.0
mean,2030,42,98,ES1 8,0.0
mean,2030,42,99,ES1 8,0.0
mean,2030,42,100,ES1 8,0.0
mean,2030,42,101,ES1 8,0.0
mean,2030,42,102,ES1 8,0.0
mean,2030,42,103,ES1 8,0.0
mean,2030,42,104,ES1 8,0.0
mean,2030,42,105,ES1 8,0.0
mean,2030,42,106,ES1 8,0.0
mean,2030,42,107,ES1 8,0.0
mean,2030,42,108,ES1 8,0.0
mean,2030,42,109,ES1 8,0.0
mean,2030,42,110,ES1 8,0.0
mean,2030,42,111,ES1 8,0.0
mean,2030,42,112,ES1 8,0.0
mean,2030,42,113,ES1 8,0.0
mean,2030,42,114,ES1 8,0.0
mean,2030,42,115,ES1 8,0.0
mean,2030,42,116,ES1 8,0.0
mean,2030,42,117,ES1 8,0.0
mean,2030,42,118,ES1 8,0.0
mean,2030,42,119,ES1 8,0.0
mean,2030,42,120,ES1 8,0.0
mean,2030,42,121,ES1 8,0.0
mean,2030,42,122,ES1 8,0.0
mean,2030,42,123,ES1 8,0.0
mean,2030,42,124,ES1 8,0.0
mean,2030,42,125,ES1 8,0.0
mean,2030,42,126,ES1 8,0.0
mean,2030,42,127,ES1 8,0.0
mean,2030,42,128,ES1 8,0.0
mean,2030,42,129,ES1 8,0.0
mean,2030,42,130,ES1 8,0.0
mean,2030,42,131,ES1 8,0.0
mean,2030,42,132,ES1 8,0.0
mean,2030,42,133,ES1 8,0.0
mean,2030,42,134,ES1 8,0.0
mean,2030,42,135,ES1 8,0.0
mean,2030,42,136,ES1 8,0.0
mean,2030,42,137,ES1 8,0.0
mean,2030,42,138,ES1 8,0.0
mean,2030,42,139,ES1 8,0.0
mean,2030,42,140,ES1 8,0.0
mean,2030,42,141,ES1 8,0.0
mean,2030,42,142,ES1 8,0.0
mean,2030,42,143,ES1 8,0.0
mean,2030,42,144,ES1 8,0.0
mean,2030,42,145,ES1 8,0.0
mean,2030,42,146,ES1 8,0.0
mean,2030,42,147,ES1 8,0.0
mean,2030,42,148,ES1 8,0.0
mean,2030,42,149,ES1 8,0.0
mean,2030,42,150,ES1 8,0.0
mean,2030,42,151,ES1 8,0.0
mean,2030,42,152,ES1 8,0.0
mean,2030,42,153,ES1 8,0.0
mean,2030,42,154,ES1 8,0.0
mean,2030,42,155,ES1 8,0.0
mean,2030,42,156,ES1 8,0.0
mean,2030,42,157,ES1 8,0.0
mean,2030,42,158,ES1 8,0.0
mean,2030,42,159,ES1 8,0.0
mean,2030,42,160,ES1 8,0.0
mean,2030,42,161,ES1 8,0.0
mean,2030,42,162,ES1 8,0.0
mean,2030,42,163,ES1 8,0.0
mean,2030,42,164,ES1 8,0.0
mean,2030,42,165,ES1 8,0.0
mean,2030,42,166,ES1 8,0.0
mean,2030,42,167,ES1 8,0.0
mean,2030,52,0,ES1 8,0.0
mean,2030,52,1,ES1 8,0.0
mean,2030,52,2,ES1 8,0.0
mean,2030,52,3,ES1 8,0.0
mean,2030,52,4,ES1 8,0.0
mean,2030,52,5,ES1 8,0.0
mean,2030,52,6,ES1 8,0.0
mean,2030,52,7,ES1 8,0.0
mean,2030,52,8,ES1 8,0.0
mean,2030,52,9,ES1 8,0.0
mean,2030,52,10,ES1 8,0.0
mean,2030,52,11,ES1 8,0.0
mean,2030,52,12,ES1 8,0.0
mean,2030,52,13,ES1 8,0.0
mean,2030,52,14,ES1 8,0.0
mean,2030,52,15,ES1 8,0.0
mean,2030,52,16,ES1 8,0.0
mean,2030,52,17,ES1 8,0.0
mean,2030,52,18,ES1 8,0.0
mean,2030,52,19,ES1 8,0.0
mean,2030,52,20,ES1 8,0.0
mean,2030,52,21,ES1 8,0.0
mean,2030,52,22,ES1 8,0.0
mean,2030,52,23,ES1 8,0.0
mean,2030,52,24,ES1 8,0.0
mean,2030,52,25,ES1 8,0.0
mean,2030,52,26,ES1 8,0.0
mean,2030,52,27,ES1 8,0.0
mean,2030,52,28,ES1 8,0.0
mean,2030,52,29,ES1 8,0.0
mean,2030,52,30,ES1 8,0.0
mean,2030,52,31,ES1 8,0.0
mean,2030,52,32,ES1 8,0.0
mean,2030,52,33,ES1 8,0.0
mean,2030,52,34,ES1 8,0.0
mean,2030,52,35,ES1 8,0.0
mean,2030,52,36,ES1 8,0.0
mean,2030,52,37,ES1 8,0.0
mean,2030,52,38,ES1 8,0.0
mean,2030,52,39,ES1 8,0.0
mean,2030,52,40,ES1 8,0.0
mean,2030,52,41,ES1 8,0.0
mean,2030,52,42,ES1 8,0.0
mean,2030,52,43,ES1 8,0.0
mean,2030,52,44,ES1 8,0.0
mean,2030,52,45,ES1 8,0.0
mean,2030,52,46,ES1 8,0.0
mean,2030,52,47,ES1 8,0.0
mean,2030,52,48,ES1 8,0.0
mean,2030,52,49,ES1 8,0.0
mean,2030,52,50,ES1 8,0.0
mean,2030,52,51,ES1 8,0.0
mean,2030,52,52,ES1 8,0.0
mean,2030,52,53,ES1 8,0.0
mean,2030,52,54,ES1 8,0.0
mean,2030,52,55,ES1 8,0.0
mean,2030,52,56,ES1 8,0.0
mean,2030,52,57,ES1 8,0.0
mean,2030,52,58,ES1 8,0.0
mean,2030,52,59,ES1 8,0.0
mean,2030,52,60,ES1 8,0.0
mean,2030,52,61,ES1 8,0.0
mean,2030,52,62,ES1 8,0.0
mean,2030,52,63,ES1 8,0.0
mean,2030,52,64,ES1 8,0.0
mean,2030,52,65,ES1 8,0.0
mean,2030,52,66,ES1 8,0.0
mean,2030,52,67,ES1 8,0.0
mean,2030,52,68,ES1 8,0.0
mean,2030,52,69,ES1 8,0.0
mean,2030,52,70,ES1 8,0.0
mean,2030,52,71,ES1 8,0.0
mean,2030,52,72,ES1 8,0.0
mean,2030,52,73,ES1 8,0.0
mean,2030,52,74,ES1 8,0.0
mean,2030,52,75,ES1 8,0.0
mean,2030,52,76,ES1 8,0.0
mean,2030,52,77,ES1 8,0.0
mean,2030,52,78,ES1 8,0.0
mean,2030,52,79,ES1 8,0.0
mean,2030,52,80,ES1 8,0.0
mean,2030,52,81,ES1 8,0.0
mean,2030,52,82,ES1 8,0.0
mean,2030,52,83,ES1 8,0.0
mean,2030,52,84,ES1 8,0.0
mean,2030,52,85,ES1 8,0.0
mean,2030,52,86,ES1 8,0.0
mean,2030,52,87,ES1 8,0.0
mean,2030,52,88,ES1 8,0.0
mean,2030,52,89,ES1 8,0.0
mean,2030,52,90,ES1 8,0.0
mean,2030,52,91,ES1 8,0.0
mean,2030,52,92,ES1 8,0.0
mean,2030,52,93,ES1 8,0.0
mean,2030,52,94,ES1 8,0.0
mean,2030,52,95,ES1 8,0.0
mean,2030,52,96,ES1 8,0.0
mean,2030,52,97,ES1 8,0.0
mean,2030,52,98,ES1 8,0.0
mean,2030,52,99,ES1 8,0.0
mean,2030,52,100,ES1 8,0.0
mean,2030,52,101,ES1 8,0.0
mean,2030,52,102,ES1 8,0.0
mean,2030,52,103,ES1 8,0.0
mean,2030,52,104,ES1 8,0.0
mean,2030,52,105,ES1 8,0.0
mean,2030,52,106,ES1 8,0.0
mean,2030,52,107,ES1 8,0.0
mean,2030,52,108,ES1 8,0.0
mean,2030,52,109,ES1 8,0.0
mean,2030,52,110,ES1 8,0.0
mean,2030,52,111,ES1 8,0.0
mean,2030,52,112,ES1 8,0.0
mean,2030,52,113,ES1 8,0.0
mean,2030,52,114,ES1 8,0.0
mean,2030,52,115,ES1 8,0.0
mean,2030,52,116,ES1 8,0.0
mean,2030,52,117,ES1 8,0.0
mean,2030,52,118,ES1 8,0.0
mean,2030,52,119,ES1 8,0.0
mean,2030,52,120,ES1 8,0.0
mean,2030,52,121,ES1 8,0.0
mean,2030,52,122,ES1 8,0.0
mean,2030,52,123,ES1 8,0.0
mean,2030,52,124,ES1 8,0.0
mean,2030,52,125,ES1 8,0.0
mean,2030,52,126,ES1 8,0.0
mean,2030,52,127,ES1 8,0.0
mean,2030,52,128,ES1 8,0.0
mean,2030,52,129,ES1 8,0.0
mean,2030,52,130,ES1 8,0.0
mean,2030,52,131,ES1 8,0.0
mean,2030,52,132,ES1 8,0.0
mean,2030,52,133,ES1 8,0.0
mean,2030,52,134,ES1 8,0.0
mean,2030,52,135,ES1 8,0.0
mean,2030,52,136,ES1 8,0.0
mean,2030,52,137,ES1 8,0.0
mean,2030,52,138,ES1 8,0.0
mean,2030,52,139,ES1 8,0.0
mean,2030,52,140,ES1 8,0.0
mean,2030,52,141,ES1 8,0.0
mean,2030,52,142,ES1 8,0.0
mean,2030,52,143,ES1 8,0.0
mean,2030,52,144,ES1 8,0.0
mean,2030,52,145,ES1 8,0.0
mean,2030,52,146,ES1 8,0.0
mean,2030,52,147,ES1 8,0.0
mean,2030,52,148,ES1 8,0.0
mean,2030,52,149,ES1 8,0.0
mean,2030,52,150,ES1 8,0.0
mean,2030,52,151,ES1 8,0.0
mean,2030,52,152,ES1 8,0.0
mean,2030,52,153,ES1 8,0.0
mean,2030,52,154,ES1 8,0.0
mean,2030,52,155,ES1 8,0.0
mean,2030,52,156,ES1 8,0.0
mean,2030,52,157,ES1 8,0.0
mean,2030,52,158,ES1 8,0.0
mean,2030,52,159,ES1 8,0.0
mean,2030,52,160,ES1 8,0.0
mean,2030,52,161,ES1 8,0.0
mean,2030,52,162,ES1 8,0.0
mean,2030,52,163,ES1 8,0.0
mean,2030,52,164,ES1 8,0.0
mean,2030,52,165,ES1 8,0.0
mean,2030,52,166,ES1 8,0.0
mean,2030,52,167,ES1 8,0.0
mean,2040,11,0,ES1 8,0.0
mean,2040,11,1,ES1 8,0.0
mean,2040,11,2,ES1 8,0.0
mean,2040,11,3,ES1 8,0.0
mean,2040,11,4,ES1 8,0.0
mean,2040,11,5,ES1 8,0.0
mean,2040,11,6,ES1 8,0.0
mean,2040,11,7,ES1 8,0.0
mean,2040,11,8,ES1 8,0.0
mean,2040,11,9,ES1 8,0.0
mean,2040,11,10,ES1 8,0.0
mean,2040,11,11,ES1 8,0.0
mean,2040,11,12,ES1 8,0.0
mean,2040,11,13,ES1 8,0.0
mean,2040,11,14,ES1 8,0.0
mean,2040,11,15,ES1 8,0.0
mean,2040,11,16,ES1 8,0.0
mean,2040,11,17,ES1 8,0.0
mean,2040,11,18,ES1 8,0.0
mean,2040,11,19,ES1 8,0.0
mean,2040,11,20,ES1 8,0.0
mean,2040,11,21,ES1 8,0.0
mean,2040,11,22,ES1 8,0.0
mean,2040,11,23,ES1 8,0.0
mean,2040,11,24,ES1 8,0.0
mean,2040,11,25,ES1 8,0.0
mean,2040,11,26,ES1 8,0.0
mean,2040,11,27,ES1 8,0.0
mean,2040,11,28,ES1 8,0.0
mean,2040,11,29,ES1 8,0.0
mean,2040,11,30,ES1 8,0.0
mean,2040,11,31,ES1 8,0.0
mean,2040,11,32,ES1 8,0.0
mean,2040,11,33,ES1 8,0.0
mean,2040,11,34,ES1 8,0.0
mean,2040,11,35,ES1 8,0.0
mean,2040,11,36,ES1 8,0.0
mean,2040,11,37,ES1 8,0.0
mean,2040,11,38,ES1 8,0.0
mean,2040,11,39,ES1 8,0.0
mean,2040,11,40,ES1 8,0.0
mean,2040,11,41,ES1 8,0.0
mean,2040,11,42,ES1 8,0.0
mean,2040,11,43,ES1 8,0.0
mean,2040,11,44,ES1 8,0.0
mean,2040,11,45,ES1 8,0.0
mean,2040,11,46,ES1 8,0.0
mean,2040,11,47,ES1 8,0.0
mean,2040,11,48,ES1 8,0.0
mean,2040,11,49,ES1 8,0.0
mean,2040,11,50,ES1 8,0.0
mean,2040,11,51,ES1 8,0.0
mean,2040,11,52,ES1 8,0.0
mean,2040,11,53,ES1 8,0.0
mean,2040,11,54,ES1 8,0.0
mean,2040,11,55,ES1 8,0.0
mean,2040,11,56,ES1 8,0.0
mean,2040,11,57,ES1 8,0.0
mean,2040,11,58,ES1 8,0.0
mean,2040,11,59,ES1 8,0.0
mean,2040,11,60,ES1 8,0.0
mean,2040,11,61,ES1 8,0.0
mean,2040,11,62,ES1 8,0.0
mean,2040,11,63,ES1 8,0.0
mean,2040,11,64,ES1 8,0.0
mean,2040,11,65,ES1 8,0.0
mean,2040,11,66,ES1 8,0.0
mean,2040,11,67,ES1 8,0.0
mean,2040,11,68,ES1 8,0.0
mean,2040,11,69,ES1 8,0.0
mean,2040,11,70,ES1 8,0.0
mean,2040,11,71,ES1 8,0.0
mean,2040,11,72,ES1 8,0.0
mean,2040,11,73,ES1 8,0.0
mean,2040,11,74,ES1 8,0.0
mean,2040,11,75,ES1 8,0.0
mean,2040,11,76,ES1 8,0.0
mean,2040,11,77,ES1 8,0.0
mean,2040,11,78,ES1 8,0.0
mean,2040,11,79,ES1 8,0.0
mean,2040,11,80,ES1 8,0.0
mean,2040,11,81,ES1 8,0.0
mean,2040,11,82,ES1 8,0.0
mean,2040,11,83,ES1 8,0.0
mean,2040,11,84,ES1 8,0.0
mean,2040,11,85,ES1 8,0.0
mean,2040,11,86,ES1 8,0.0
mean,2040,11,87,ES1 8,0.0
mean,2040,11,88,ES1 8,0.0
mean,2040,11,89,ES1 8,0.0
mean,2040,11,90,ES1 8,0.0
mean,2040,11,91,ES1 8,0.0
mean,2040,11,92,ES1 8,0.0
mean,2040,11,93,ES1 8,0.0
mean,2040,11,94,ES1 8,0.0
mean,2040,11,95,ES1 8,0.0
mean,2040,11,96,ES1 8,0.0
mean,2040,11,97,ES1 8,0.0
mean,2040,11,98,ES1 8,0.0
mean,2040,11,99,ES1 8,0.0
mean,2040,11,100,ES1 8,0.0
mean,2040,11,101,ES1 8,0.0
mean,2040,11,102,ES1 8,0.0
mean,2040,11,103,ES1 8,0.0
mean,2040,11,104,ES1 8,0.0
mean,2040,11,105,ES1 8,0.0
mean,2040,11,106,ES1 8,0.0
mean,2040,11,107,ES1 8,0.0
mean,2040,11,108,ES1 8,0.0
mean,2040,11,109,ES1 8,0.0
mean,2040,11,110,ES1 8,0.0
mean,2040,11,111,ES1 8,0.0
mean,2040,11,112,ES1 8,0.0
mean,2040,11,113,ES1 8,0.0
mean,2040,11,114,ES1 8,0.0
mean,2040,11,115,ES1 8,0.0
mean,2040,11,116,ES1 8,0.0
mean,2040,11,117,ES1 8,0.0
mean,2040,11,118,ES1 8,0.0
mean,2040,11,119,ES1 8,0.0
mean,2040,11,120,ES1 8,0.0
mean,2040,11,121,ES1 8,0.0
mean,2040,11,122,ES1 8,0.0
mean,2040,11,123,ES1 8,0.0
mean,2040,11,124,ES1 8,0.0
mean,2040,11,125,ES1 8,0.0
mean,2040,11,126,ES1 8,0.0
mean,2040,11,127,ES1 8,0.0
mean,2040,11,128,ES1 8,0.0
mean,2040,11,129,ES1 8,0.0
mean,2040,11,130,ES1 8,0.0
mean,2040,11,131,ES1 8,0.0
mean,2040,11,132,ES1 8,0.0
mean,2040,11,133,ES1 8,0.0
mean,2040,11,134,ES1 8,0.0
mean,2040,11,135,ES1 8,0.0
mean,2040,11,136,ES1 8,0.0
mean,2040,11,137,ES1 8,0.0
mean,2040,11,138,ES1 8,0.0
mean,2040,11,139,ES1 8,0.0
mean,2040,11,140,ES1 8,0.0
mean,2040,11,141,ES1 8,0.0
mean,2040,11,142,ES1 8,0.0
mean,2040,11,143,ES1 8,0.0
mean,2040,11,144,ES1 8,0.0
mean,2040,11,145,ES1 8,0.0
mean,2040,11,146,ES1 8,0.0
mean,2040,11,147,ES1 8,0.0
mean,2040,11,148,ES1 8,0.0
mean,2040,11,149,ES1 8,0.0
mean,2040,11,150,ES1 8,0.0
mean,2040,11,151,ES1 8,0.0
mean,2040,11,152,ES1 8,0.0
mean,2040,11,153,ES1 8,0.0
mean,2040,11,154,ES1 8,0.0
mean,2040,11,155,ES1 8,0.0
mean,2040,11,156,ES1 8,0.0
mean,2040,11,157,ES1 8,0.0
mean,2040,11,158,ES1 8,0.0
mean,2040,11,159,ES1 8,0.0
mean,2040,11,160,ES1 8,0.0
mean,2040,11,161,ES1 8,0.0
mean,2040,11,162,ES1 8,0.0
mean,2040,11,163,ES1 8,0.0
mean,2040,11,164,ES1 8,0.0
mean,2040,11,165,ES1 8,0.0
mean,2040,11,166,ES1 8,0.0
mean,2040,11,167,ES1 8,0.0
mean,2040,21,0,ES1 8,0.0
mean,2040,21,1,ES1 8,0.0
mean,2040,21,2,ES1 8,0.0
mean,2040,21,3,ES1 8,0.0
mean,2040,21,4,ES1 8,0.0
mean,2040,21,5,ES1 8,0.0
mean,2040,21,6,ES1 8,0.0
mean,2040,21,7,ES1 8,0.0
mean,2040,21,8,ES1 8,0.0
mean,2040,21,9,ES1 8,0.0
mean,2040,21,10,ES1 8,0.0
mean,2040,21,11,ES1 8,0.0
mean,2040,21,12,ES1 8,0.0
mean,2040,21,13,ES1 8,0.0
mean,2040,21,14,ES1 8,0.0
mean,2040,21,15,ES1 8,0.0
mean,2040,21,16,ES1 8,0.0
mean,2040,21,17,ES1 8,0.0
mean,2040,21,18,ES1 8,0.0
mean,2040,21,19,ES1 8,0.0
mean,2040,21,20,ES1 8,0.0
mean,2040,21,21,ES1 8,0.0
mean,2040,21,22,ES1 8,0.0
mean,2040,21,23,ES1 8,0.0
mean,2040,21,24,ES1 8,0.0
mean,2040,21,25,ES1 8,0.0
mean,2040,21,26,ES1 8,0.0
mean,2040,21,27,ES1 8,0.0
mean,2040,21,28,ES1 8,0.0
mean,2040,21,29,ES1 8,0.0
mean,2040,21,30,ES1 8,0.0
mean,2040,21,31,ES1 8,0.0
mean,2040,21,32,ES1 8,0.0
mean,2040,21,33,ES1 8,0.0
mean,2040,21,34,ES1 8,0.0
mean,2040,21,35,ES1 8,0.0
mean,2040,21,36,ES1 8,0.0
mean,2040,21,37,ES1 8,0.0
mean,2040,21,38,ES1 8,0.0
mean,2040,21,39,ES1 8,0.0
mean,2040,21,40,ES1 8,0.0
mean,2040,21,41,ES1 8,0.0
mean,2040,21,42,ES1 8,0.0
mean,2040,21,43,ES1 8,0.0
mean,2040,21,44,ES1 8,0.0
mean,2040,21,45,ES1 8,0.0
mean,2040,21,46,ES1 8,0.0
mean,2040,21,47,ES1 8,0.0
mean,2040,21,48,ES1 8,0.0
mean,2040,21,49,ES1 8,0.0
mean,2040,21,50,ES1 8,0.0
mean,2040,21,51,ES1 8,0.0
mean,2040,21,52,ES1 8,0.0
mean,2040,21,53,ES1 8,0.0
mean,2040,21,54,ES1 8,0.0
mean,2040,21,55,ES1 8,0.0
mean,2040,21,56,ES1 8,0.0
mean,2040,21,57,ES1 8,0.0
mean,2040,21,58,ES1 8,0.0
mean,2040,21,59,ES1 8,0.0
mean,2040,21,60,ES1 8,0.0
mean,2040,21,61,ES1 8,0.0
mean,2040,21,62,ES1 8,0.0
mean,2040,21,63,ES1 8,0.0
mean,2040,21,64,ES1 8,0.0
mean,2040,21,65,ES1 8,0.0
mean,2040,21,66,ES1 8,0.0
mean,2040,21,67,ES1 8,0.0
mean,2040,21,68,ES1 8,0.0
mean,2040,21,69,ES1 8,0.0
mean,2040,21,70,ES1 8,0.0
mean,2040,21,71,ES1 8,0.0
mean,2040,21,72,ES1 8,0.0
mean,2040,21,73,ES1 8,0.0
mean,2040,21,74,ES1 8,0.0
mean,2040,21,75,ES1 8,0.0
mean,2040,21,76,ES1 8,0.0
mean,2040,21,77,ES1 8,0.0
mean,2040,21,78,ES1 8,0.0
mean,2040,21,79,ES1 8,0.0
mean,2040,21,80,ES1 8,0.0
mean,2040,21,81,ES1 8,0.0
mean,2040,21,82,ES1 8,0.0
mean,2040,21,83,ES1 8,0.0
mean,2040,21,84,ES1 8,0.0
mean,2040,21,85,ES1 8,0.0
mean,2040,21,86,ES1 8,0.0
mean,2040,21,87,ES1 8,0.0
mean,2040,21,88,ES1 8,0.0
mean,2040,21,89,ES1 8,0.0
mean,2040,21,90,ES1 8,0.0
mean,2040,21,91,ES1 8,0.0
mean,2040,21,92,ES1 8,0.0
mean,2040,21,93,ES1 8,0.0
mean,2040,21,94,ES1 8,0.0
mean,2040,21,95,ES1 8,0.0
mean,2040,21,96,ES1 8,0.0
mean,2040,21,97,ES1 8,0.0
mean,2040,21,98,ES1 8,0.0
mean,2040,21,99,ES1 8,0.0
mean,2040,21,100,ES1 8,0.0
mean,2040,21,101,ES1 8,0.0
mean,2040,21,102,ES1 8,0.0
mean,2040,21,103,ES1 8,0.0
mean,2040,21,104,ES1 8,0.0
mean,2040,21,105,ES1 8,0.0
mean,2040,21,106,ES1 8,0.0
mean,2040,21,107,ES1 8,0.0
mean,2040,21,108,ES1 8,0.0
mean,2040,21,109,ES1 8,0.0
mean,2040,21,110,ES1 8,0.0
mean,2040,21,111,ES1 8,0.0
mean,2040,21,112,ES1 8,0.0
mean,2040,21,113,ES1 8,0.0
mean,2040,21,114,ES1 8,0.0
mean,2040,21,115,ES1 8,0.0
mean,2040,21,116,ES1 8,0.0
mean,2040,21,117,ES1 8,0.0
mean,2040,21,118,ES1 8,0.0
mean,2040,21,119,ES1 8,0.0
mean,2040,21,120,ES1 8,0.0
mean,2040,21,121,ES1 8,0.0
mean,2040,21,122,ES1 8,0.0
mean,2040,21,123,ES1 8,0.0
mean,2040,21,124,ES1 8,0.0
mean,2040,21,125,ES1 8,0.0
mean,2040,21,126,ES1 8,0.0
mean,2040,21,127,ES1 8,0.0
mean,2040,21,128,ES1 8,0.0
mean,2040,21,129,ES1 8,0.0
mean,2040,21,130,ES1 8,0.0
mean,2040,21,131,ES1 8,0.0
mean,2040,21,132,ES1 8,0.0
mean,2040,21,133,ES1 8,0.0
mean,2040,21,134,ES1 8,0.0
mean,2040,21,135,ES1 8,0.0
mean,2040,21,136,ES1 8,0.0
mean,2040,21,137,ES1 8,0.0
mean,2040,21,138,ES1 8,0.0
mean,2040,21,139,ES1 8,0.0
mean,2040,21,140,ES1 8,0.0
mean,2040,21,141,ES1 8,0.0
mean,2040,21,142,ES1 8,0.0
mean,2040,21,143,ES1 8,0.0
mean,2040,21,144,ES1 8,0.0
mean,2040,21,145,ES1 8,0.0
mean,2040,21,146,ES1 8,0.0
mean,2040,21,147,ES1 8,0.0
mean,2040,21,148,ES1 8,0.0
mean,2040,21,149,ES1 8,0.0
mean,2040,21,150,ES1 8,0.0
mean,2040,21,151,ES1 8,0.0
mean,2040,21,152,ES1 8,0.0
mean,2040,21,153,ES1 8,0.0
mean,2040,21,154,ES1 8,0.0
mean,2040,21,155,ES1 8,0.0
mean,2040,21,156,ES1 8,0.0
mean,2040,21,157,ES1 8,0.0
mean,2040,21,158,ES1 8,0.0
mean,2040,21,159,ES1 8,0.0
mean,2040,21,160,ES1 8,0.0
mean,2040,21,161,ES1 8,0.0
mean,2040,21,162,ES1 8,0.0
mean,2040,21,163,ES1 8,0.0
mean,2040,21,164,ES1 8,0.0
mean,2040,21,165,ES1 8,0.0
mean,2040,21,166,ES1 8,0.0
mean,2040,21,167,ES1 8,0.0
mean,2040,42,0,ES1 8,0.0
mean,2040,42,1,ES1 8,0.0
mean,2040,42,2,ES1 8,0.0
mean,2040,42,3,ES1 8,0.0
mean,2040,42,4,ES1 8,0.0
mean,2040,42,5,ES1 8,0.0
mean,2040,42,6,ES1 8,0.0
mean,2040,42,7,ES1 8,0.0
mean,2040,42,8,ES1 8,0.0
mean,2040,42,9,ES1 8,0.0
mean,2040,42,10,ES1 8,0.0
mean,2040,42,11,ES1 8,0.0
mean,2040,42,12,ES1 8,0.0
mean,2040,42,13,ES1 8,0.0
mean,2040,42,14,ES1 8,0.0
mean,2040,42,15,ES1 8,0.0
mean,2040,42,16,ES1 8,0.0
mean,2040,42,17,ES1 8,0.0
mean,2040,42,18,ES1 8,0.0
mean,2040,42,19,ES1 8,0.0
mean,2040,42,20,ES1 8,0.0
mean,2040,42,21,ES1 8,0.0
mean,2040,42,22,ES1 8,0.0
mean,2040,42,23,ES1 8,0.0
mean,2040,42,24,ES1 8,0.0
mean,2040,42,25,ES1 8,0.0
mean,2040,42,26,ES1 8,0.0
mean,2040,42,27,ES1 8,0.0
mean,2040,42,28,ES1 8,0.0
mean,2040,42,29,ES1 8,0.0
mean,2040,42,30,ES1 8,0.0
mean,2040,42,31,ES1 8,0.0
mean,2040,42,32,ES1 8,0.0
mean,2040,42,33,ES1 8,0.0
mean,2040,42,34,ES1 8,0.0
mean,2040,42,35,ES1 8,0.0
mean,2040,42,36,ES1 8,0.0
mean,2040,42,37,ES1 8,0.0
mean,2040,42,38,ES1 8,0.0
mean,2040,42,39,ES1 8,0.0
mean,2040,42,40,ES1 8,0.0
mean,2040,42,41,ES1 8,0.0
mean,2040,42,42,ES1 8,0.0
mean,2040,42,43,ES1 8,0.0
mean,2040,42,44,ES1 8,0.0
mean,2040,42,45,ES1 8,0.0
mean,2040,42,46,ES1 8,0.0
mean,2040,42,47,ES1 8,0.0
mean,2040,42,48,ES1 8,0.0
mean,2040,42,49,ES1 8,0.0
mean,2040,42,50,ES1 8,0.0
mean,2040,42,51,ES1 8,0.0
mean,2040,42,52,ES1 8,0.0
mean,2040,42,53,ES1 8,0.0
mean,2040,42,54,ES1 8,0.0
mean,2040,42,55,ES1 8,0.0
mean,2040,42,56,ES1 8,0.0
mean,2040,42,57,ES1 8,0.0
mean,2040,42,58,ES1 8,0.0
mean,2040,42,59,ES1 8,0.0
mean,2040,42,60,ES1 8,0.0
mean,2040,42,61,ES1 8,0.0
mean,2040,42,62,ES1 8,0.0
mean,2040,42,63,ES1 8,0.0
mean,2040,42,64,ES1 8,0.0
mean,2040,42,65,ES1 8,0.0
mean,2040,42,66,ES1 8,0.0
mean,2040,42,67,ES1 8,0.0
mean,2040,42,68,ES1 8,0.0
mean,2040,42,69,ES1 8,0.0
mean,2040,42,70,ES1 8,0.0
mean,2040,42,71,ES1 8,0.0
mean,2040,42,72,ES1 8,0.0
mean,2040,42,73,ES1 8,0.0
mean,2040,42,74,ES1 8,0.0
mean,2040,42,75,ES1 8,0.0
mean,2040,42,76,ES1 8,0.0
mean,2040,42,77,ES1 8,0.0
mean,2040,42,78,ES1 8,0.0
mean,2040,42,79,ES1 8,0.0
mean,2040,42,80,ES1 8,0.0
mean,2040,42,81,ES1 8,0.0
mean,2040,42,82,ES1 8,0.0
mean,2040,42,83,ES1 8,0.0
mean,2040,42,84,ES1 8,0.0
mean,2040,42,85,ES1 8,0.0
mean,2040,42,86,ES1 8,0.0
mean,2040,42,87,ES1 8,0.0
mean,2040,42,88,ES1 8,0.0
mean,2040,42,89,ES1 8,0.0
mean,2040,42,90,ES1 8,0.0
mean,2040,42,91,ES1 8,0.0
mean,2040,42,92,ES1 8,0.0
mean,2040,42,93,ES1 8,0.0
mean,2040,42,94,ES1 8,0.0
mean,2040,42,95,ES1 8,0.0
mean,2040,42,96,ES1 8,0.0
mean,2040,42,97,ES1 8,0.0
mean,2040,42,98,ES1 8,0.0
mean,2040,42,99,ES1 8,0.0
mean,2040,42,100,ES1 8,0.0
mean,2040,42,101,ES1 8,0.0
mean,2040,42,102,ES1 8,0.0
mean,2040,42,103,ES1 8,0.0
mean,2040,42,104,ES1 8,0.0
mean,2040,42,105,ES1 8,0.0
mean,2040,42,106,ES1 8,0.0
mean,2040,42,107,ES1 8,0.0
mean,2040,42,108,ES1 8,0.0
mean,2040,42,109,ES1 8,0.0
mean,2040,42,110,ES1 8,0.0
mean,2040,42,111,ES1 8,0.0
mean,2040,42,112,ES1 8,0.0
mean,2040,42,113,ES1 8,0.0
mean,2040,42,114,ES1 8,0.0
mean,2040,42,115,ES1 8,0.0
mean,2040,42,116,ES1 8,0.0
mean,2040,42,117,ES1 8,0.0
mean,2040,42,118,ES1 8,0.0
mean,2040,42,119,ES1 8,0.0
mean,2040,42,120,ES1 8,0.0
mean,2040,42,121,ES1 8,0.0
mean,2040,42,122,ES1 8,0.0
mean,2040,42,123,ES1 8,0.0
mean,2040,42,124,ES1 8,0.0
mean,2040,42,125,ES1 8,0.0
mean,2040,42,126,ES1 8,0.0
mean,2040,42,127,ES1 8,0.0
mean,2040,42,128,ES1 8,0.0
mean,2040,42,129,ES1 8,0.0
mean,2040,42,130,ES1 8,0.0
mean,2040,42,131,ES1 8,0.0
mean,2040,42,132,ES1 8,0.0
mean,2040,42,133,ES1 8,0.0
mean,2040,42,134,ES1 8,0.0
mean,2040,42,135,ES1 8,0.0
mean,2040,42,136,ES1 8,0.0
mean,2040,42,137,ES1 8,0.0
mean,2040,42,138,ES1 8,0.0
mean,2040,42,139,ES1 8,0.0
mean,2040,42,140,ES1 8,0.0
mean,2040,42,141,ES1 8,0.0
mean,2040,42,142,ES1 8,0.0
mean,2040,42,143,ES1 8,0.0
mean,2040,42,144,ES1 8,0.0
mean,2040,42,145,ES1 8,0.0
mean,2040,42,146,ES1 8,0.0
mean,2040,42,147,ES1 8,0.0
mean,2040,42,148,ES1 8,0.0
mean,2040,42,149,ES1 8,0.0
mean,2040,42,150,ES1 8,0.0
mean,2040,42,151,ES1 8,0.0
mean,2040,42,152,ES1 8,0.0
mean,2040,42,153,ES1 8,0.0
mean,2040,42,154,ES1 8,0.0
mean,2040,42,155,ES1 8,0.0
mean,2040,42,156,ES1 8,0.0
mean,2040,42,157,ES1 8,0.0
mean,2040,42,158,ES1 8,0.0
mean,2040,42,159,ES1 8,0.0
mean,2040,42,160,ES1 8,0.0
mean,2040,42,161,ES1 8,0.0
mean,2040,42,162,ES1 8,0.0
mean,2040,42,163,ES1 8,0.0
mean,2040,42,164,ES1 8,0.0
mean,2040,42,165,ES1 8,0.0
mean,2040,42,166,ES1 8,0.0
mean,2040,42,167,ES1 8,0.0
mean,2040,52,0,ES1 8,0.0
mean,2040,52,1,ES1 8,0.0
mean,2040,52,2,ES1 8,0.0
mean,2040,52,3,ES1 8,0.0
mean,2040,52,4,ES1 8,0.0
mean,2040,52,5,ES1 8,0.0
mean,2040,52,6,ES1 8,0.0
mean,2040,52,7,ES1 8,0.0
mean,2040,52,8,ES1 8,0.0
mean,2040,52,9,ES1 8,0.0
mean,2040,52,10,ES1 8,0.0
mean,2040,52,11,ES1 8,0.0
mean,2040,52,12,ES1 8,0.0
mean,2040,52,13,ES1 8,0.0
mean,2040,52,14,ES1 8,0.0
mean,2040,52,15,ES1 8,0.0
mean,2040,52,16,ES1 8,0.0
mean,2040,52,17,ES1 8,0.0
mean,2040,52,18,ES1 8,0.0
mean,2040,52,19,ES1 8,0.0
mean,2040,52,20,ES1 8,0.0
mean,2040,52,21,ES1 8,0.0
mean,2040,52,22,ES1 8,0.0
mean,2040,52,23,ES1 8,0.0
mean,2040,52,24,ES1 8,0.0
mean,2040,52,25,ES1 8,0.0
mean,2040,52,26,ES1 8,0.0
mean,2040,52,27,ES1 8,0.0
mean,2040,52,28,ES1 8,0.0
mean,2040,52,29,ES1 8,0.0
mean,2040,52,30,ES1 8,0.0
mean,2040,52,31,ES1 8,0.0
mean,2040,52,32,ES1 8,0.0
mean,2040,52,33,ES1 8,0.0
mean,2040,52,34,ES1 8,0.0
mean,2040,52,35,ES1 8,0.0
mean,2040,52,36,ES1 8,0.0
mean,2040,52,37,ES1 8,0.0
mean,2040,52,38,ES1 8,0.0
mean,2040,52,39,ES1 8,0.0
mean,2040,52,40,ES1 8,0.0
mean,2040,52,41,ES1 8,0.0
mean,2040,52,42,ES1 8,0.0
mean,2040,52,43,ES1 8,0.0
mean,2040,52,44,ES1 8,0.0
mean,2040,52,45,ES1 8,0.0
mean,2040,52,46,ES1 8,0.0
mean,2040,52,47,ES1 8,0.0
mean,2040,52,48,ES1 8,0.0
mean,2040,52,49,ES1 8,0.0
mean,2040,52,50,ES1 8,0.0
mean,2040,52,51,ES1 8,0.0
mean,2040,52,52,ES1 8,0.0
mean,2040,52,53,ES1 8,0.0
mean,2040,52,54,ES1 8,0.0
mean,2040,52,55,ES1 8,0.0
mean,2040,52,56,ES1 8,0.0
mean,2040,52,57,ES1 8,0.0
mean,2040,52,58,ES1 8,0.0
mean,2040,52,59,ES1 8,0.0
mean,2040,52,60,ES1 8,0.0
mean,2040,52,61,ES1 8,0.0
mean,2040,52,62,ES1 8,0.0
mean,2040,52,63,ES1 8,0.0
mean,2040,52,64,ES1 8,0.0
mean,2040,52,65,ES1 8,0.0
mean,2040,52,66,ES1 8,0.0
mean,2040,52,67,ES1 8,0.0
mean,2040,52,68,ES1 8,0.0
mean,2040,52,69,ES1 8,0.0
mean,2040,52,70,ES1 8,0.0
mean,2040,52,71,ES1 8,0.0
mean,2040,52,72,ES1 8,0.0
mean,2040,52,73,ES1 8,0.0
mean,2040,52,74,ES1 8,0.0
mean,2040,52,75,ES1 8,0.0
mean,2040,52,76,ES1 8,0.0
mean,2040,52,77,ES1 8,0.0
mean,2040,52,78,ES1 8,0.0
mean,2040,52,79,ES1 8,0.0
mean,2040,52,80,ES1 8,0.0
mean,2040,52,81,ES1 8,0.0
mean,2040,52,82,ES1 8,0.0
mean,2040,52,83,ES1 8,0.0
mean,2040,52,84,ES1 8,0.0
mean,2040,52,85,ES1 8,0.0
mean,2040,52,86,ES1 8,0.0
mean,2040,52,87,ES1 8,0.0
mean,2040,52,88,ES1 8,0.0
mean,2040,52,89,ES1 8,0.0
mean,2040,52,90,ES1 8,0.0
mean,2040,52,91,ES1 8,0.0
mean,2040,52,92,ES1 8,0.0
mean,2040,52,93,ES1 8,0.0
mean,2040,52,94,ES1 8,0.0
mean,2040,52,95,ES1 8,0.0
mean,2040,52,96,ES1 8,0.0
mean,2040,52,97,ES1 8,0.0
mean,2040,52,98,ES1 8,0.0
mean,2040,52,99,ES1 8,0.0
mean,2040,52,100,ES1 8,0.0
mean,2040,52,101,ES1 8,0.0
mean,2040,52,102,ES1 8,0.0
mean,2040,52,103,ES1 8,0.0
mean,2040,52,104,ES1 8,0.0
mean,2040,52,105,ES1 8,0.0
mean,2040,52,106,ES1 8,0.0
mean,2040,52,107,ES1 8,0.0
mean,2040,52,108,ES1 8,0.0
mean,2040,52,109,ES1 8,0.0
mean,2040,52,110,ES1 8,0.0
mean,2040,52,111,ES1 8,0.0
mean,2040,52,112,ES1 8,0.0
mean,2040,52,113,ES1 8,0.0
mean,2040,52,114,ES1 8,0.0
mean,2040,52,115,ES1 8,0.0
mean,2040,52,116,ES1 8,0.0
mean,2040,52,117,ES1 8,0.0
mean,2040,52,118,ES1 8,0.0
mean,2040,52,119,ES1 8,0.0
mean,2040,52,120,ES1 8,0.0
mean,2040,52,121,ES1 8,0.0
mean,2040,52,122,ES1 8,0.0
mean,2040,52,123,ES1 8,0.0
mean,2040,52,124,ES1 8,0.0
mean,2040,52,125,ES1 8,0.0
mean,2040,52,126,ES1 8,0.0
mean,2040,52,127,ES1 8,0.0
mean,2040,52,128,ES1 8,0.0
mean,2040,52,129,ES1 8,0.0
mean,2040,52,130,ES1 8,0.0
mean,2040,52,131,ES1 8,0.0
mean,2040,52,132,ES1 8,0.0
mean,2040,52,133,ES1 8,0.0
mean,2040,52,134,ES1 8,0.0
mean,2040,52,135,ES1 8,0.0
mean,2040,52,136,ES1 8,0.0
mean,2040,52,137,ES1 8,0.0
mean,2040,52,138,ES1 8,0.0
mean,2040,52,139,ES1 8,0.0
mean,2040,52,140,ES1 8,0.0
mean,2040,52,141,ES1 8,0.0
mean,2040,52,142,ES1 8,0.0
mean,2040,52,143,ES1 8,0.0
mean,2040,52,144,ES1 8,0.0
mean,2040,52,145,ES1 8,0.0
mean,2040,52,146,ES1 8,0.0
mean,2040,52,147,ES1 8,0.0
mean,2040,52,148,ES1 8,0.0
mean,2040,52,149,ES1 8,0.0
mean,2040,52,150,ES1 8,0.0
mean,2040,52,151,ES1 8,0.0
mean,2040,52,152,ES1 8,0.0
mean,2040,52,153,ES1 8,0.0
mean,2040,52,154,ES1 8,0.0
mean,2040,52,155,ES1 8,0.0
mean,2040,52,156,ES1 8,0.0
mean,2040,52,157,ES1 8,0.0
mean,2040,52,158,ES1 8,0.0
mean,2040,52,159,ES1 8,0.0
mean,2040,52,160,ES1 8,0.0
mean,2040,52,161,ES1 8,0.0
mean,2040,52,162,ES1 8,0.0
mean,2040,52,163,ES1 8,0.0
mean,2040,52,164,ES1 8,0.0
mean,2040,52,165,ES1 8,0.0
mean,2040,52,166,ES1 8,0.0
mean,2040,52,167,ES1 8,0.0
mean,2050,11,0,ES1 8,0.0
mean,2050,11,1,ES1 8,0.0
mean,2050,11,2,ES1 8,0.0
mean,2050,11,3,ES1 8,0.0
mean,2050,11,4,ES1 8,0.0
mean,2050,11,5,ES1 8,0.0
mean,2050,11,6,ES1 8,0.0
mean,2050,11,7,ES1 8,0.0
mean,2050,11,8,ES1 8,0.0
mean,2050,11,9,ES1 8,0.0
mean,2050,11,10,ES1 8,0.0
mean,2050,11,11,ES1 8,0.0
mean,2050,11,12,ES1 8,0.0
mean,2050,11,13,ES1 8,0.0
mean,2050,11,14,ES1 8,0.0
mean,2050,11,15,ES1 8,0.0
mean,2050,11,16,ES1 8,0.0
mean,2050,11,17,ES1 8,0.0
mean,2050,11,18,ES1 8,0.0
mean,2050,11,19,ES1 8,0.0
mean,2050,11,20,ES1 8,0.0
mean,2050,11,21,ES1 8,0.0
mean,2050,11,22,ES1 8,0.0
mean,2050,11,23,ES1 8,0.0
mean,2050,11,24,ES1 8,0.0
mean,2050,11,25,ES1 8,0.0
mean,2050,11,26,ES1 8,0.0
mean,2050,11,27,ES1 8,0.0
mean,2050,11,28,ES1 8,0.0
mean,2050,11,29,ES1 8,0.0
mean,2050,11,30,ES1 8,0.0
mean,2050,11,31,ES1 8,0.0
mean,2050,11,32,ES1 8,0.0
mean,2050,11,33,ES1 8,0.0
mean,2050,11,34,ES1 8,0.0
mean,2050,11,35,ES1 8,0.0
mean,2050,11,36,ES1 8,0.0
mean,2050,11,37,ES1 8,0.0
mean,2050,11,38,ES1 8,0.0
mean,2050,11,39,ES1 8,0.0
mean,2050,11,40,ES1 8,0.0
mean,2050,11,41,ES1 8,0.0
mean,2050,11,42,ES1 8,0.0
mean,2050,11,43,ES1 8,0.0
mean,2050,11,44,ES1 8,0.0
mean,2050,11,45,ES1 8,0.0
mean,2050,11,46,ES1 8,0.0
mean,2050,11,47,ES1 8,0.0
mean,2050,11,48,ES1 8,0.0
mean,2050,11,49,ES1 8,0.0
mean,2050,11,50,ES1 8,0.0
mean,2050,11,51,ES1 8,0.0
mean,2050,11,52,ES1 8,0.0
mean,2050,11,53,ES1 8,0.0
mean,2050,11,54,ES1 8,0.0
mean,2050,11,55,ES1 8,0.0
mean,2050,11,56,ES1 8,0.0
mean,2050,11,57,ES1 8,0.0
mean,2050,11,58,ES1 8,0.0
mean,2050,11,59,ES1 8,0.0
mean,2050,11,60,ES1 8,0.0
mean,2050,11,61,ES1 8,0.0
mean,2050,11,62,ES1 8,0.0
mean,2050,11,63,ES1 8,0.0
mean,2050,11,64,ES1 8,0.0
mean,2050,11,65,ES1 8,0.0
mean,2050,11,66,ES1 8,0.0
mean,2050,11,67,ES1 8,0.0
mean,2050,11,68,ES1 8,0.0
mean,2050,11,69,ES1 8,0.0
mean,2050,11,70,ES1 8,0.0
mean,2050,11,71,ES1 8,0.0
mean,2050,11,72,ES1 8,0.0
mean,2050,11,73,ES1 8,0.0
mean,2050,11,74,ES1 8,0.0
mean,2050,11,75,ES1 8,0.0
mean,2050,11,76,ES1 8,0.0
mean,2050,11,77,ES1 8,0.0
mean,2050,11,78,ES1 8,0.0
mean,2050,11,79,ES1 8,0.0
mean,2050,11,80,ES1 8,0.0
mean,2050,11,81,ES1 8,0.0
mean,2050,11,82,ES1 8,0.0
mean,2050,11,83,ES1 8,0.0
mean,2050,11,84,ES1 8,0.0
mean,2050,11,85,ES1 8,0.0
mean,2050,11,86,ES1 8,0.0
mean,2050,11,87,ES1 8,0.0
mean,2050,11,88,ES1 8,0.0
mean,2050,11,89,ES1 8,0.0
mean,2050,11,90,ES1 8,0.0
mean,2050,11,91,ES1 8,0.0
mean,2050,11,92,ES1 8,0.0
mean,2050,11,93,ES1 8,0.0
mean,2050,11,94,ES1 8,0.0
mean,2050,11,95,ES1 8,0.0
mean,2050,11,96,ES1 8,0.0
mean,2050,11,97,ES1 8,0.0
mean,2050,11,98,ES1 8,0.0
mean,2050,11,99,ES1 8,0.0
mean,2050,11,100,ES1 8,0.0
mean,2050,11,101,ES1 8,0.0
mean,2050,11,102,ES1 8,0.0
mean,2050,11,103,ES1 8,0.0
mean,2050,11,104,ES1 8,0.0
mean,2050,11,105,ES1 8,0.0
mean,2050,11,106,ES1 8,0.0
mean,2050,11,107,ES1 8,0.0
mean,2050,11,108,ES1 8,0.0
mean,2050,11,109,ES1 8,0.0
mean,2050,11,110,ES1 8,0.0
mean,2050,11,111,ES1 8,0.0
mean,2050,11,112,ES1 8,0.0
mean,2050,11,113,ES1 8,0.0
mean,2050,11,114,ES1 8,0.0
mean,2050,11,115,ES1 8,0.0
mean,2050,11,116,ES1 8,0.0
mean,2050,11,117,ES1 8,0.0
mean,2050,11,118,ES1 8,0.0
mean,2050,11,119,ES1 8,0.0
mean,2050,11,120,ES1 8,0.0
mean,2050,11,121,ES1 8,0.0
mean,2050,11,122,ES1 8,0.0
mean,2050,11,123,ES1 8,0.0
mean,2050,11,124,ES1 8,0.0
mean,2050,11,125,ES1 8,0.0
mean,2050,11,126,ES1 8,0.0
mean,2050,11,127,ES1 8,0.0
mean,2050,11,128,ES1 8,0.0
mean,2050,11,129,ES1 8,0.0
mean,2050,11,130,ES1 8,0.0
mean,2050,11,131,ES1 8,0.0
mean,2050,11,132,ES1 8,0.0
mean,2050,11,133,ES1 8,0.0
mean,2050,11,134,ES1 8,0.0
mean,2050,11,135,ES1 8,0.0
mean,2050,11,136,ES1 8,0.0
mean,2050,11,137,ES1 8,0.0
mean,2050,11,138,ES1 8,0.0
mean,2050,11,139,ES1 8,0.0
mean,2050,11,140,ES1 8,0.0
mean,2050,11,141,ES1 8,0.0
mean,2050,11,142,ES1 8,0.0
mean,2050,11,143,ES1 8,0.0
mean,2050,11,144,ES1 8,0.0
mean,2050,11,145,ES1 8,0.0
mean,2050,11,146,ES1 8,0.0
mean,2050,11,147,ES1 8,0.0
mean,2050,11,148,ES1 8,0.0
mean,2050,11,149,ES1 8,0.0
mean,2050,11,150,ES1 8,0.0
mean,2050,11,151,ES1 8,0.0
mean,2050,11,152,ES1 8,0.0
mean,2050,11,153,ES1 8,0.0
mean,2050,11,154,ES1 8,0.0
mean,2050,11,155,ES1 8,0.0
mean,2050,11,156,ES1 8,0.0
mean,2050,11,157,ES1 8,0.0
mean,2050,11,158,ES1 8,0.0
mean,2050,11,159,ES1 8,0.0
mean,2050,11,160,ES1 8,0.0
mean,2050,11,161,ES1 8,0.0
mean,2050,11,162,ES1 8,0.0
mean,2050,11,163,ES1 8,0.0
mean,2050,11,164,ES1 8,0.0
mean,2050,11,165,ES1 8,0.0
mean,2050,11,166,ES1 8,0.0
mean,2050,11,167,ES1 8,0.0
mean,2050,21,0,ES1 8,0.0
mean,2050,21,1,ES1 8,0.0
mean,2050,21,2,ES1 8,0.0
mean,2050,21,3,ES1 8,0.0
mean,2050,21,4,ES1 8,0.0
mean,2050,21,5,ES1 8,0.0
mean,2050,21,6,ES1 8,0.0
mean,2050,21,7,ES1 8,0.0
mean,2050,21,8,ES1 8,0.0
mean,2050,21,9,ES1 8,0.0
mean,2050,21,10,ES1 8,0.0
mean,2050,21,11,ES1 8,0.0
mean,2050,21,12,ES1 8,0.0
mean,2050,21,13,ES1 8,0.0
mean,2050,21,14,ES1 8,0.0
mean,2050,21,15,ES1 8,0.0
mean,2050,21,16,ES1 8,0.0
mean,2050,21,17,ES1 8,0.0
mean,2050,21,18,ES1 8,0.0
mean,2050,21,19,ES1 8,0.0
mean,2050,21,20,ES1 8,0.0
mean,2050,21,21,ES1 8,0.0
mean,2050,21,22,ES1 8,0.0
mean,2050,21,23,ES1 8,0.0
mean,2050,21,24,ES1 8,0.0
mean,2050,21,25,ES1 8,0.0
mean,2050,21,26,ES1 8,0.0
mean,2050,21,27,ES1 8,0.0
mean,2050,21,28,ES1 8,0.0
mean,2050,21,29,ES1 8,0.0
mean,2050,21,30,ES1 8,0.0
mean,2050,21,31,ES1 8,0.0
mean,2050,21,32,ES1 8,0.0
mean,2050,21,33,ES1 8,0.0
mean,2050,21,34,ES1 8,0.0
mean,2050,21,35,ES1 8,0.0
mean,2050,21,36,ES1 8,0.0
mean,2050,21,37,ES1 8,0.0
mean,2050,21,38,ES1 8,0.0
mean,2050,21,39,ES1 8,0.0
mean,2050,21,40,ES1 8,0.0
mean,2050,21,41,ES1 8,0.0
mean,2050,21,42,ES1 8,0.0
mean,2050,21,43,ES1 8,0.0
mean,2050,21,44,ES1 8,0.0
mean,2050,21,45,ES1 8,0.0
mean,2050,21,46,ES1 8,0.0
mean,2050,21,47,ES1 8,0.0
mean,2050,21,48,ES1 8,0.0
mean,2050,21,49,ES1 8,0.0
mean,2050,21,50,ES1 8,0.0
mean,2050,21,51,ES1 8,0.0
mean,2050,21,52,ES1 8,0.0
mean,2050,21,53,ES1 8,0.0
mean,2050,21,54,ES1 8,0.0
mean,2050,21,55,ES1 8,0.0
mean,2050,21,56,ES1 8,0.0
mean,2050,21,57,ES1 8,0.0
mean,2050,21,58,ES1 8,0.0
mean,2050,21,59,ES1 8,0.0
mean,2050,21,60,ES1 8,0.0
mean,2050,21,61,ES1 8,0.0
mean,2050,21,62,ES1 8,0.0
mean,2050,21,63,ES1 8,0.0
mean,2050,21,64,ES1 8,0.0
mean,2050,21,65,ES1 8,0.0
mean,2050,21,66,ES1 8,0.0
mean,2050,21,67,ES1 8,0.0
mean,2050,21,68,ES1 8,0.0
mean,2050,21,69,ES1 8,0.0
mean,2050,21,70,ES1 8,0.0
mean,2050,21,71,ES1 8,0.0
mean,2050,21,72,ES1 8,0.0
mean,2050,21,73,ES1 8,0.0
mean,2050,21,74,ES1 8,0.0
mean,2050,21,75,ES1 8,0.0
mean,2050,21,76,ES1 8,0.0
mean,2050,21,77,ES1 8,0.0
mean,2050,21,78,ES1 8,0.0
mean,2050,21,79,ES1 8,0.0
mean,2050,21,80,ES1 8,0.0
mean,2050,21,81,ES1 8,0.0
mean,2050,21,82,ES1 8,0.0
mean,2050,21,83,ES1 8,0.0
mean,2050,21,84,ES1 8,0.0
mean,2050,21,85,ES1 8,0.0
mean,2050,21,86,ES1 8,0.0
mean,2050,21,87,ES1 8,0.0
mean,2050,21,88,ES1 8,0.0
mean,2050,21,89,ES1 8,0.0
mean,2050,21,90,ES1 8,0.0
mean,2050,21,91,ES1 8,0.0
mean,2050,21,92,ES1 8,0.0
mean,2050,21,93,ES1 8,0.0
mean,2050,21,94,ES1 8,0.0
mean,2050,21,95,ES1 8,0.0
mean,2050,21,96,ES1 8,0.0
mean,2050,21,97,ES1 8,0.0
mean,2050,21,98,ES1 8,0.0
mean,2050,21,99,ES1 8,0.0
mean,2050,21,100,ES1 8,0.0
mean,2050,21,101,ES1 8,0.0
mean,2050,21,102,ES1 8,0.0
mean,2050,21,103,ES1 8,0.0
mean,2050,21,104,ES1 8,0.0
mean,2050,21,105,ES1 8,0.0
mean,2050,21,106,ES1 8,0.0
mean,2050,21,107,ES1 8,0.0
mean,2050,21,108,ES1 8,0.0
mean,2050,21,109,ES1 8,0.0
mean,2050,21,110,ES1 8,0.0
mean,2050,21,111,ES1 8,0.0
mean,2050,21,112,ES1 8,0.0
mean,2050,21,113,ES1 8,0.0
mean,2050,21,114,ES1 8,0.0
mean,2050,21,115,ES1 8,0.0
mean,2050,21,116,ES1 8,0.0
mean,2050,21,117,ES1 8,0.0
mean,2050,21,118,ES1 8,0.0
mean,2050,21,119,ES1 8,0.0
mean,2050,21,120,ES1 8,0.0
mean,2050,21,121,ES1 8,0.0
mean,2050,21,122,ES1 8,0.0
mean,2050,21,123,ES1 8,0.0
mean,2050,21,124,ES1 8,0.0
mean,2050,21,125,ES1 8,0.0
mean,2050,21,126,ES1 8,0.0
mean,2050,21,127,ES1 8,0.0
mean,2050,21,128,ES1 8,0.0
mean,2050,21,129,ES1 8,0.0
mean,2050,21,130,ES1 8,0.0
mean,2050,21,131,ES1 8,0.0
mean,2050,21,132,ES1 8,0.0
mean,2050,21,133,ES1 8,0.0
mean,2050,21,134,ES1 8,0.0
mean,2050,21,135,ES1 8,0.0
mean,2050,21,136,ES1 8,0.0
mean,2050,21,137,ES1 8,0.0
mean,2050,21,138,ES1 8,0.0
mean,2050,21,139,ES1 8,0.0
mean,2050,21,140,ES1 8,0.0
mean,2050,21,141,ES1 8,0.0
mean,2050,21,142,ES1 8,0.0
mean,2050,21,143,ES1 8,0.0
mean,2050,21,144,ES1 8,0.0
mean,2050,21,145,ES1 8,0.0
mean,2050,21,146,ES1 8,0.0
mean,2050,21,147,ES1 8,0.0
mean,2050,21,148,ES1 8,0.0
mean,2050,21,149,ES1 8,0.0
mean,2050,21,150,ES1 8,0.0
mean,2050,21,151,ES1 8,0.0
mean,2050,21,152,ES1 8,0.0
mean,2050,21,153,ES1 8,0.0
mean,2050,21,154,ES1 8,0.0
mean,2050,21,155,ES1 8,0.0
mean,2050,21,156,ES1 8,0.0
mean,2050,21,157,ES1 8,0.0
mean,2050,21,158,ES1 8,0.0
mean,2050,21,159,ES1 8,0.0
mean,2050,21,160,ES1 8,0.0
mean,2050,21,161,ES1 8,0.0
mean,2050,21,162,ES1 8,0.0
mean,2050,21,163,ES1 8,0.0
mean,2050,21,164,ES1 8,0.0
mean,2050,21,165,ES1 8,0.0
mean,2050,21,166,ES1 8,0.0
mean,2050,21,167,ES1 8,0.0
mean,2050,42,0,ES1 8,0.0
mean,2050,42,1,ES1 8,0.0
mean,2050,42,2,ES1 8,0.0
mean,2050,42,3,ES1 8,0.0
mean,2050,42,4,ES1 8,0.0
mean,2050,42,5,ES1 8,0.0
mean,2050,42,6,ES1 8,0.0
mean,2050,42,7,ES1 8,0.0
mean,2050,42,8,ES1 8,0.0
mean,2050,42,9,ES1 8,0.0
mean,2050,42,10,ES1 8,0.0
mean,2050,42,11,ES1 8,0.0
mean,2050,42,12,ES1 8,0.0
mean,2050,42,13,ES1 8,0.0
mean,2050,42,14,ES1 8,0.0
mean,2050,42,15,ES1 8,0.0
mean,2050,42,16,ES1 8,0.0
mean,2050,42,17,ES1 8,0.0
mean,2050,42,18,ES1 8,0.0
mean,2050,42,19,ES1 8,0.0
mean,2050,42,20,ES1 8,0.0
mean,2050,42,21,ES1 8,0.0
mean,2050,42,22,ES1 8,0.0
mean,2050,42,23,ES1 8,0.0
mean,2050,42,24,ES1 8,0.0
mean,2050,42,25,ES1 8,0.0
mean,2050,42,26,ES1 8,0.0
mean,2050,42,27,ES1 8,0.0
mean,2050,42,28,ES1 8,0.0
mean,2050,42,29,ES1 8,0.0
mean,2050,42,30,ES1 8,0.0
mean,2050,42,31,ES1 8,0.0
mean,2050,42,32,ES1 8,0.0
mean,2050,42,33,ES1 8,0.0
mean,2050,42,34,ES1 8,0.0
mean,2050,42,35,ES1 8,0.0
mean,2050,42,36,ES1 8,0.0
mean,2050,42,37,ES1 8,0.0
mean,2050,42,38,ES1 8,0.0
mean,2050,42,39,ES1 8,0.0
mean,2050,42,40,ES1 8,0.0
mean,2050,42,41,ES1 8,0.0
mean,2050,42,42,ES1 8,0.0
mean,2050,42,43,ES1 8,0.0
mean,2050,42,44,ES1 8,0.0
mean,2050,42,45,ES1 8,0.0
mean,2050,42,46,ES1 8,0.0
mean,2050,42,47,ES1 8,0.0
mean,2050,42,48,ES1 8,0.0
mean,2050,42,49,ES1 8,0.0
mean,2050,42,50,ES1 8,0.0
mean,2050,42,51,ES1 8,0.0
mean,2050,42,52,ES1 8,0.0
mean,2050,42,53,ES1 8,0.0
mean,2050,42,54,ES1 8,0.0
mean,2050,42,55,ES1 8,0.0
mean,2050,42,56,ES1 8,0.0
mean,2050,42,57,ES1 8,0.0
mean,2050,42,58,ES1 8,0.0
mean,2050,42,59,ES1 8,0.0
mean,2050,42,60,ES1 8,0.0
mean,2050,42,61,ES1 8,0.0
mean,2050,42,62,ES1 8,0.0
mean,2050,42,63,ES1 8,0.0
mean,2050,42,64,ES1 8,0.0
mean,2050,42,65,ES1 8,0.0
mean,2050,42,66,ES1 8,0.0
mean,2050,42,67,ES1 8,0.0
mean,2050,42,68,ES1 8,0.0
mean,2050,42,69,ES1 8,0.0
mean,2050,42,70,ES1 8,0.0
mean,2050,42,71,ES1 8,0.0
mean,2050,42,72,ES1 8,0.0
mean,2050,42,73,ES1 8,0.0
mean,2050,42,74,ES1 8,0.0
mean,2050,42,75,ES1 8,0.0
mean,2050,42,76,ES1 8,0.0
mean,2050,42,77,ES1 8,0.0
mean,2050,42,78,ES1 8,0.0
mean,2050,42,79,ES1 8,0.0
mean,2050,42,80,ES1 8,0.0
mean,2050,42,81,ES1 8,0.0
mean,2050,42,82,ES1 8,0.0
mean,2050,42,83,ES1 8,0.0
mean,2050,42,84,ES1 8,0.0
mean,2050,42,85,ES1 8,0.0
mean,2050,42,86,ES1 8,0.0
mean,2050,42,87,ES1 8,0.0
mean,2050,42,88,ES1 8,0.0
mean,2050,42,89,ES1 8,0.0
mean,2050,42,90,ES1 8,0.0
mean,2050,42,91,ES1 8,0.0
mean,2050,42,92,ES1 8,0.0
mean,2050,42,93,ES1 8,0.0
mean,2050,42,94,ES1 8,0.0
mean,2050,42,95,ES1 8,0.0
mean,2050,42,96,ES1 8,0.0
mean,2050,42,97,ES1 8,0.0
mean,2050,42,98,ES1 8,0.0
mean,2050,42,99,ES1 8,0.0
mean,2050,42,100,ES1 8,0.0
mean,2050,42,101,ES1 8,0.0
mean,2050,42,102,ES1 8,0.0
mean,2050,42,103,ES1 8,0.0
mean,2050,42,104,ES1 8,0.0
mean,2050,42,105,ES1 8,0.0
mean,2050,42,106,ES1 8,0.0
mean,2050,42,107,ES1 8,0.0
mean,2050,42,108,ES1 8,0.0
mean,2050,42,109,ES1 8,0.0
mean,2050,42,110,ES1 8,0.0
mean,2050,42,111,ES1 8,0.0
mean,2050,42,112,ES1 8,0.0
mean,2050,42,113,ES1 8,0.0
mean,2050,42,114,ES1 8,0.0
mean,2050,42,115,ES1 8,0.0
mean,2050,42,116,ES1 8,0.0
mean,2050,42,117,ES1 8,0.0
mean,2050,42,118,ES1 8,0.0
mean,2050,42,119,ES1 8,0.0
mean,2050,42,120,ES1 8,0.0
mean,2050,42,121,ES1 8,0.0
mean,2050,42,122,ES1 8,0.0
mean,2050,42,123,ES1 8,0.0
mean,2050,42,124,ES1 8,0.0
mean,2050,42,125,ES1 8,0.0
mean,2050,42,126,ES1 8,0.0
mean,2050,42,127,ES1 8,0.0
mean,2050,42,128,ES1 8,0.0
mean,2050,42,129,ES1 8,0.0
mean,2050,42,130,ES1 8,0.0
mean,2050,42,131,ES1 8,0.0
mean,2050,42,132,ES1 8,0.0
mean,2050,42,133,ES1 8,0.0
mean,2050,42,134,ES1 8,0.0
mean,2050,42,135,ES1 8,0.0
mean,2050,42,136,ES1 8,0.0
mean,2050,42,137,ES1 8,0.0
mean,2050,42,138,ES1 8,0.0
mean,2050,42,139,ES1 8,0.0
mean,2050,42,140,ES1 8,0.0
mean,2050,42,141,ES1 8,0.0
mean,2050,42,142,ES1 8,0.0
mean,2050,42,143,ES1 8,0.0
mean,2050,42,144,ES1 8,0.0
mean,2050,42,145,ES1 8,0.0
mean,2050,42,146,ES1 8,0.0
mean,2050,42,147,ES1 8,0.0
mean,2050,42,148,ES1 8,0.0
mean,2050,42,149,ES1 8,0.0
mean,2050,42,150,ES1 8,0.0
mean,2050,42,151,ES1 8,0.0
mean,2050,42,152,ES1 8,0.0
mean,2050,42,153,ES1 8,0.0
mean,2050,42,154,ES1 8,0.0
mean,2050,42,155,ES1 8,0.0
mean,2050,42,156,ES1 8,0.0
mean,2050,42,157,ES1 8,0.0
mean,2050,42,158,ES1 8,0.0
mean,2050,42,159,ES1 8,0.0
mean,2050,42,160,ES1 8,0.0
mean,2050,42,161,ES1 8,0.0
mean,2050,42,162,ES1 8,0.0
mean,2050,42,163,ES1 8,0.0
mean,2050,42,164,ES1 8,0.0
mean,2050,42,165,ES1 8,0.0
mean,2050,42,166,ES1 8,0.0
mean,2050,42,167,ES1 8,0.0
mean,2050,52,0,ES1 8,0.0
mean,2050,52,1,ES1 8,0.0
mean,2050,52,2,ES1 8,0.0
mean,2050,52,3,ES1 8,0.0
mean,2050,52,4,ES1 8,0.0
mean,2050,52,5,ES1 8,0.0
mean,2050,52,6,ES1 8,0.0
mean,2050,52,7,ES1 8,0.0
mean,2050,52,8,ES1 8,0.0
mean,2050,52,9,ES1 8,0.0
mean,2050,52,10,ES1 8,0.0
mean,2050,52,11,ES1 8,0.0
mean,2050,52,12,ES1 8,0.0
mean,2050,52,13,ES1 8,0.0
mean,2050,52,14,ES1 8,0.0
mean,2050,52,15,ES1 8,0.0
mean,2050,52,16,ES1 8,0.0
mean,2050,52,17,ES1 8,0.0
mean,2050,52,18,ES1 8,0.0
mean,2050,52,19,ES1 8,0.0
mean,2050,52,20,ES1 8,0.0
mean,2050,52,21,ES1 8,0.0
mean,2050,52,22,ES1 8,0.0
mean,2050,52,23,ES1 8,0.0
mean,2050,52,24,ES1 8,0.0
mean,2050,52,25,ES1 8,0.0
mean,2050,52,26,ES1 8,0.0
mean,2050,52,27,ES1 8,0.0
mean,2050,52,28,ES1 8,0.0
mean,2050,52,29,ES1 8,0.0
mean,2050,52,30,ES1 8,0.0
mean,2050,52,31,ES1 8,0.0
mean,2050,52,32,ES1 8,0.0
mean,2050,52,33,ES1 8,0.0
mean,2050,52,34,ES1 8,0.0
mean,2050,52,35,ES1 8,0.0
mean,2050,52,36,ES1 8,0.0
mean,2050,52,37,ES1 8,0.0
mean,2050,52,38,ES1 8,0.0
mean,2050,52,39,ES1 8,0.0
mean,2050,52,40,ES1 8,0.0
mean,2050,52,41,ES1 8,0.0
mean,2050,52,42,ES1 8,0.0
mean,2050,52,43,ES1 8,0.0
mean,2050,52,44,ES1 8,0.0
mean,2050,52,45,ES1 8,0.0
mean,2050,52,46,ES1 8,0.0
mean,2050,52,47,ES1 8,0.0
mean,2050,52,48,ES1 8,0.0
mean,2050,52,49,ES1 8,0.0
mean,2050,52,50,ES1 8,0.0
mean,2050,52,51,ES1 8,0.0
mean,2050,52,52,ES1 8,0.0
mean,2050,52,53,ES1 8,0.0
mean,2050,52,54,ES1 8,0.0
mean,2050,52,55,ES1 8,0.0
mean,2050,52,56,ES1 8,0.0
mean,2050,52,57,ES1 8,0.0
mean,2050,52,58,ES1 8,0.0
mean,2050,52,59,ES1 8,0.0
mean,2050,52,60,ES1 8,0.0
mean,2050,52,61,ES1 8,0.0
mean,2050,52,62,ES1 8,0.0
mean,2050,52,63,ES1 8,0.0
mean,2050,52,64,ES1 8,0.0
mean,2050,52,65,ES1 8,0.0
mean,2050,52,66,ES1 8,0.0
mean,2050,52,67,ES1 8,0.0
mean,2050,52,68,ES1 8,0.0
mean,2050,52,69,ES1 8,0.0
mean,2050,52,70,ES1 8,0.0
mean,2050,52,71,ES1 8,0.0
mean,2050,52,72,ES1 8,0.0
mean,2050,52,73,ES1 8,0.0
mean,2050,52,74,ES1 8,0.0
mean,2050,52,75,ES1 8,0.0
mean,2050,52,76,ES1 8,0.0
mean,2050,52,77,ES1 8,0.0
mean,2050,52,78,ES1 8,0.0
mean,2050,52,79,ES1 8,0.0
mean,2050,52,80,ES1 8,0.0
mean,2050,52,81,ES1 8,0.0
mean,2050,52,82,ES1 8,0.0
mean,2050,52,83,ES1 8,0.0
mean,2050,52,84,ES1 8,0.0
mean,2050,52,85,ES1 8,0.0
mean,2050,52,86,ES1 8,0.0
mean,2050,52,87,ES1 8,0.0
mean,2050,52,88,ES1 8,0.0
mean,2050,52,89,ES1 8,0.0
mean,2050,52,90,ES1 8,0.0
mean,2050,52,91,ES1 8,0.0
mean,2050,52,92,ES1 8,0.0
mean,2050,52,93,ES1 8,0.0
mean,2050,52,94,ES1 8,0.0
mean,2050,52,95,ES1 8,0.0
mean,2050,52,96,ES1 8,0.0
mean,2050,52,97,ES1 8,0.0
mean,2050,52,98,ES1 8,0.0
mean,2050,52,99,ES1 8,0.0
mean,2050,52,100,ES1 8,0.0
mean,2050,52,101,ES1 8,0.0
mean,2050,52,102,ES1 8,0.0
mean,2050,52,103,ES1 8,0.0
mean,2050,52,104,ES1 8,0.0
mean,2050,52,105,ES1 8,0.0
mean,2050,52,106,ES1 8,0.0
mean,2050,52,107,ES1 8,0.0
mean,2050,52,108,ES1 8,0.0
mean,2050,52,109,ES1 8,0.0
mean,2050,52,110,ES1 8,0.0
mean,2050,52,111,ES1 8,0.0
mean,2050,52,112,ES1 8,0.0
mean,2050,52,113,ES1 8,0.0
mean,2050,52,114,ES1 8,0.0
mean,2050,52,115,ES1 8,0.0
mean,2050,52,116,ES1 8,0.0
mean,2050,52,117,ES1 8,0.0
mean,2050,52,118,ES1 8,0.0
mean,2050,52,119,ES1 8,0.0
mean,2050,52,120,ES1 8,0.0
mean,2050,52,121,ES1 8,0.0
mean,2050,52,122,ES1 8,0.0
mean,2050,52,123,ES1 8,0.0
mean,2050,52,124,ES1 8,0.0
mean,2050,52,125,ES1 8,0.0
mean,2050,52,126,ES1 8,0.0
mean,2050,52,127,ES1 8,0.0
mean,2050,52,128,ES1 8,0.0
mean,2050,52,129,ES1 8,0.0
mean,2050,52,130,ES1 8,0.0
mean,2050,52,131,ES1 8,0.0
mean,2050,52,132,ES1 8,0.0
mean,2050,52,133,ES1 8,0.0
mean,2050,52,134,ES1 8,0.0
mean,2050,52,135,ES1 8,0.0
mean,2050,52,136,ES1 8,0.0
mean,2050,52,137,ES1 8,0.0
mean,2050,52,138,ES1 8,0.0
mean,2050,52,139,ES1 8,0.0
mean,2050,52,140,ES1 8,0.0
mean,2050,52,141,ES1 8,0.0
mean,2050,52,142,ES1 8,0.0
mean,2050,52,143,ES1 8,0.0
mean,2050,52,144,ES1 8,0.0
mean,2050,52,145,ES1 8,0.0
mean,2050,52,146,ES1 8,0.0
mean,2050,52,147,ES1 8,0.0
mean,2050,52,148,ES1 8,0.0
mean,2050,52,149,ES1 8,0.0
mean,2050,52,150,ES1 8,0.0
mean,2050,52,151,ES1 8,0.0
mean,2050,52,152,ES1 8,0.0
mean,2050,52,153,ES1 8,0.0
mean,2050,52,154,ES1 8,0.0
mean,2050,52,155,ES1 8,0.0
mean,2050,52,156,ES1 8,0.0
mean,2050,52,157,ES1 8,0.0
mean,2050,52,158,ES1 8,0.0
mean,2050,52,159,ES1 8,0.0
mean,2050,52,160,ES1 8,0.0
mean,2050,52,161,ES1 8,0.0
mean,2050,52,162,ES1 8,0.0
mean,2050,52,163,ES1 8,0.0
mean,2050,52,164,ES1 8,0.0
mean,2050,52,165,ES1 8,0.0
mean,2050,52,166,ES1 8,0.0
mean,2050,52,167,ES1 8,0.0
mean,2025,11,0,PT1 0,0.0
mean,2025,11,1,PT1 0,0.0
mean,2025,11,2,PT1 0,0.0
mean,2025,11,3,PT1 0,0.0
mean,2025,11,4,PT1 0,0.0
mean,2025,11,5,PT1 0,0.0
mean,2025,11,6,PT1 0,0.0
mean,2025,11,7,PT1 0,0.0
mean,2025,11,8,PT1 0,0.0
mean,2025,11,9,PT1 0,0.0
mean,2025,11,10,PT1 0,0.0
mean,2025,11,11,PT1 0,0.0
mean,2025,11,12,PT1 0,0.0
mean,2025,11,13,PT1 0,0.0
mean,2025,11,14,PT1 0,0.0
mean,2025,11,15,PT1 0,0.0
mean,2025,11,16,PT1 0,0.0
mean,2025,11,17,PT1 0,0.0
mean,2025,11,18,PT1 0,0.0
mean,2025,11,19,PT1 0,0.0
mean,2025,11,20,PT1 0,0.0
mean,2025,11,21,PT1 0,0.0
mean,2025,11,22,PT1 0,0.0
mean,2025,11,23,PT1 0,0.0
mean,2025,11,24,PT1 0,0.0
mean,2025,11,25,PT1 0,0.0
mean,2025,11,26,PT1 0,0.0
mean,2025,11,27,PT1 0,0.0
mean,2025,11,28,PT1 0,0.0
mean,2025,11,29,PT1 0,0.0
mean,2025,11,30,PT1 0,0.0
mean,2025,11,31,PT1 0,0.0
mean,2025,11,32,PT1 0,0.0
mean,2025,11,33,PT1 0,0.0
mean,2025,11,34,PT1 0,0.0
mean,2025,11,35,PT1 0,0.0
mean,2025,11,36,PT1 0,0.0
mean,2025,11,37,PT1 0,0.0
mean,2025,11,38,PT1 0,0.0
mean,2025,11,39,PT1 0,0.0
mean,2025,11,40,PT1 0,0.0
mean,2025,11,41,PT1 0,0.0
mean,2025,11,42,PT1 0,0.0
mean,2025,11,43,PT1 0,0.0
mean,2025,11,44,PT1 0,0.0
mean,2025,11,45,PT1 0,0.0
mean,2025,11,46,PT1 0,0.0
mean,2025,11,47,PT1 0,0.0
mean,2025,11,48,PT1 0,0.0
mean,2025,11,49,PT1 0,0.0
mean,2025,11,50,PT1 0,0.0
mean,2025,11,51,PT1 0,0.0
mean,2025,11,52,PT1 0,0.0
mean,2025,11,53,PT1 0,0.0
mean,2025,11,54,PT1 0,0.0
mean,2025,11,55,PT1 0,0.0
mean,2025,11,56,PT1 0,0.0
mean,2025,11,57,PT1 0,0.0
mean,2025,11,58,PT1 0,0.0
mean,2025,11,59,PT1 0,0.0
mean,2025,11,60,PT1 0,0.0
mean,2025,11,61,PT1 0,0.0
mean,2025,11,62,PT1 0,0.0
mean,2025,11,63,PT1 0,0.0
mean,2025,11,64,PT1 0,0.0
mean,2025,11,65,PT1 0,0.0
mean,2025,11,66,PT1 0,0.0
mean,2025,11,67,PT1 0,0.0
mean,2025,11,68,PT1 0,0.0
mean,2025,11,69,PT1 0,0.0
mean,2025,11,70,PT1 0,0.0
mean,2025,11,71,PT1 0,0.0
mean,2025,11,72,PT1 0,0.0
mean,2025,11,73,PT1 0,0.0
mean,2025,11,74,PT1 0,0.0
mean,2025,11,75,PT1 0,0.0
mean,2025,11,76,PT1 0,0.0
mean,2025,11,77,PT1 0,0.0
mean,2025,11,78,PT1 0,0.0
mean,2025,11,79,PT1 0,0.0
mean,2025,11,80,PT1 0,0.0
mean,2025,11,81,PT1 0,0.0
mean,2025,11,82,PT1 0,0.0
mean,2025,11,83,PT1 0,0.0
mean,2025,11,84,PT1 0,0.0
mean,2025,11,85,PT1 0,0.0
mean,2025,11,86,PT1 0,0.0
mean,2025,11,87,PT1 0,0.0
mean,2025,11,88,PT1 0,0.0
mean,2025,11,89,PT1 0,0.0
mean,2025,11,90,PT1 0,0.0
mean,2025,11,91,PT1 0,0.0
mean,2025,11,92,PT1 0,0.0
mean,2025,11,93,PT1 0,0.0
mean,2025,11,94,PT1 0,0.0
mean,2025,11,95,PT1 0,0.0
mean,2025,11,96,PT1 0,0.0
mean,2025,11,97,PT1 0,0.0
mean,2025,11,98,PT1 0,0.0
mean,2025,11,99,PT1 0,0.0
mean,2025,11,100,PT1 0,0.0
mean,2025,11,101,PT1 0,0.0
mean,2025,11,102,PT1 0,0.0
mean,2025,11,103,PT1 0,0.0
mean,2025,11,104,PT1 0,0.0
mean,2025,11,105,PT1 0,0.0
mean,2025,11,106,PT1 0,0.0
mean,2025,11,107,PT1 0,0.0
mean,2025,11,108,PT1 0,0.0
mean,2025,11,109,PT1 0,0.0
mean,2025,11,110,PT1 0,0.0
mean,2025,11,111,PT1 0,0.0
mean,2025,11,112,PT1 0,0.0
mean,2025,11,113,PT1 0,0.0
mean,2025,11,114,PT1 0,0.0
mean,2025,11,115,PT1 0,0.0
mean,2025,11,116,PT1 0,0.0
mean,2025,11,117,PT1 0,0.0
mean,2025,11,118,PT1 0,0.0
mean,2025,11,119,PT1 0,0.0
mean,2025,11,120,PT1 0,0.0
mean,2025,11,121,PT1 0,0.0
mean,2025,11,122,PT1 0,0.0
mean,2025,11,123,PT1 0,0.0
mean,2025,11,124,PT1 0,0.0
mean,2025,11,125,PT1 0,0.0
mean,2025,11,126,PT1 0,0.0
mean,2025,11,127,PT1 0,0.0
mean,2025,11,128,PT1 0,0.0
mean,2025,11,129,PT1 0,0.0
mean,2025,11,130,PT1 0,0.0
mean,2025,11,131,PT1 0,0.0
mean,2025,11,132,PT1 0,0.0
mean,2025,11,133,PT1 0,0.0
mean,2025,11,134,PT1 0,0.0
mean,2025,11,135,PT1 0,0.0
mean,2025,11,136,PT1 0,0.0
mean,2025,11,137,PT1 0,0.0
mean,2025,11,138,PT1 0,0.0
mean,2025,11,139,PT1 0,0.0
mean,2025,11,140,PT1 0,0.0
mean,2025,11,141,PT1 0,0.0
mean,2025,11,142,PT1 0,0.0
mean,2025,11,143,PT1 0,0.0
mean,2025,11,144,PT1 0,0.0
mean,2025,11,145,PT1 0,0.0
mean,2025,11,146,PT1 0,0.0
mean,2025,11,147,PT1 0,0.0
mean,2025,11,148,PT1 0,0.0
mean,2025,11,149,PT1 0,0.0
mean,2025,11,150,PT1 0,0.0
mean,2025,11,151,PT1 0,0.0
mean,2025,11,152,PT1 0,0.0
mean,2025,11,153,PT1 0,0.0
mean,2025,11,154,PT1 0,0.0
mean,2025,11,155,PT1 0,0.0
mean,2025,11,156,PT1 0,0.0
mean,2025,11,157,PT1 0,0.0
mean,2025,11,158,PT1 0,0.0
mean,2025,11,159,PT1 0,0.0
mean,2025,11,160,PT1 0,0.0
mean,2025,11,161,PT1 0,0.0
mean,2025,11,162,PT1 0,0.0
mean,2025,11,163,PT1 0,0.0
mean,2025,11,164,PT1 0,0.0
mean,2025,11,165,PT1 0,0.0
mean,2025,11,166,PT1 0,0.0
mean,2025,11,167,PT1 0,0.0
mean,2025,21,0,PT1 0,0.0
mean,2025,21,1,PT1 0,0.0
mean,2025,21,2,PT1 0,0.0
mean,2025,21,3,PT1 0,0.0
mean,2025,21,4,PT1 0,-1.583025470252423
mean,2025,21,5,PT1 0,-1.583025470252423
mean,2025,21,6,PT1 0,-1.583025470252423
mean,2025,21,7,PT1 0,0.0
mean,2025,21,8,PT1 0,0.0
mean,2025,21,9,PT1 0,0.0
mean,2025,21,10,PT1 0,0.0
mean,2025,21,11,PT1 0,0.0
mean,2025,21,12,PT1 0,0.0
mean,2025,21,13,PT1 0,0.0
mean,2025,21,14,PT1 0,0.0
mean,2025,21,15,PT1 0,0.0
mean,2025,21,16,PT1 0,0.0
mean,2025,21,17,PT1 0,0.0
mean,2025,21,18,PT1 0,0.0
mean,2025,21,19,PT1 0,0.0
mean,2025,21,20,PT1 0,0.0
mean,2025,21,21,PT1 0,0.0
mean,2025,21,22,PT1 0,0.0
mean,2025,21,23,PT1 0,0.0
mean,2025,21,24,PT1 0,0.0
mean,2025,21,25,PT1 0,0.0
mean,2025,21,26,PT1 0,0.0
mean,2025,21,27,PT1 0,0.0
mean,2025,21,28,PT1 0,0.0
mean,2025,21,29,PT1 0,0.0
mean,2025,21,30,PT1 0,0.0
mean,2025,21,31,PT1 0,0.0
mean,2025,21,32,PT1 0,0.0
mean,2025,21,33,PT1 0,0.0
mean,2025,21,34,PT1 0,0.0
mean,2025,21,35,PT1 0,0.0
mean,2025,21,36,PT1 0,0.0
mean,2025,21,37,PT1 0,0.0
mean,2025,21,38,PT1 0,0.0
mean,2025,21,39,PT1 0,0.0
mean,2025,21,40,PT1 0,0.0
mean,2025,21,41,PT1 0,0.0
mean,2025,21,42,PT1 0,0.0
mean,2025,21,43,PT1 0,0.0
mean,2025,21,44,PT1 0,0.0
mean,2025,21,45,PT1 0,0.0
mean,2025,21,46,PT1 0,0.0
mean,2025,21,47,PT1 0,0.0
mean,2025,21,48,PT1 0,0.0
mean,2025,21,49,PT1 0,0.0
mean,2025,21,50,PT1 0,0.0
mean,2025,21,51,PT1 0,0.0
mean,2025,21,52,PT1 0,0.0
mean,2025,21,53,PT1 0,0.0
mean,2025,21,54,PT1 0,0.0
mean,2025,21,55,PT1 0,0.0
mean,2025,21,56,PT1 0,0.0
mean,2025,21,57,PT1 0,0.0
mean,2025,21,58,PT1 0,0.0
mean,2025,21,59,PT1 0,0.0
mean,2025,21,60,PT1 0,0.0
mean,2025,21,61,PT1 0,0.0
mean,2025,21,62,PT1 0,0.0
mean,2025,21,63,PT1 0,0.0
mean,2025,21,64,PT1 0,0.0
mean,2025,21,65,PT1 0,0.0
mean,2025,21,66,PT1 0,0.0
mean,2025,21,67,PT1 0,0.0
mean,2025,21,68,PT1 0,0.0
mean,2025,21,69,PT1 0,0.0
mean,2025,21,70,PT1 0,0.0
mean,2025,21,71,PT1 0,0.0
mean,2025,21,72,PT1 0,0.0
mean,2025,21,73,PT1 0,0.0
mean,2025,21,74,PT1 0,0.0
mean,2025,21,75,PT1 0,0.0
mean,2025,21,76,PT1 0,0.0
mean,2025,21,77,PT1 0,0.0
mean,2025,21,78,PT1 0,0.0
mean,2025,21,79,PT1 0,0.0
mean,2025,21,80,PT1 0,0.0
mean,2025,21,81,PT1 0,0.0
mean,2025,21,82,PT1 0,0.0
mean,2025,21,83,PT1 0,0.0
mean,2025,21,84,PT1 0,0.0
mean,2025,21,85,PT1 0,0.0
mean,2025,21,86,PT1 0,0.0
mean,2025,21,87,PT1 0,0.0
mean,2025,21,88,PT1 0,0.0
mean,2025,21,89,PT1 0,0.0
mean,2025,21,90,PT1 0,0.0
mean,2025,21,91,PT1 0,0.0
mean,2025,21,92,PT1 0,0.0
mean,2025,21,93,PT1 0,0.0
mean,2025,21,94,PT1 0,0.0
mean,2025,21,95,PT1 0,0.0
mean,2025,21,96,PT1 0,0.0
mean,2025,21,97,PT1 0,0.0
mean,2025,21,98,PT1 0,0.0
mean,2025,21,99,PT1 0,0.0
mean,2025,21,100,PT1 0,0.0
mean,2025,21,101,PT1 0,0.0
mean,2025,21,102,PT1 0,0.0
mean,2025,21,103,PT1 0,0.0
mean,2025,21,104,PT1 0,0.0
mean,2025,21,105,PT1 0,0.0
mean,2025,21,106,PT1 0,0.0
mean,2025,21,107,PT1 0,0.0
mean,2025,21,108,PT1 0,0.0
mean,2025,21,109,PT1 0,0.0
mean,2025,21,110,PT1 0,0.0
mean,2025,21,111,PT1 0,0.0
mean,2025,21,112,PT1 0,0.0
mean,2025,21,113,PT1 0,0.0
mean,2025,21,114,PT1 0,0.0
mean,2025,21,115,PT1 0,0.0
mean,2025,21,116,PT1 0,0.0
mean,2025,21,117,PT1 0,0.0
mean,2025,21,118,PT1 0,0.0
mean,2025,21,119,PT1 0,0.0
mean,2025,21,120,PT1 0,0.0
mean,2025,21,121,PT1 0,0.0
mean,2025,21,122,PT1 0,0.0
mean,2025,21,123,PT1 0,0.0
mean,2025,21,124,PT1 0,0.0
mean,2025,21,125,PT1 0,0.0
mean,2025,21,126,PT1 0,0.0
mean,2025,21,127,PT1 0,0.0
mean,2025,21,128,PT1 0,0.0
mean,2025,21,129,PT1 0,0.0
mean,2025,21,130,PT1 0,0.0
mean,2025,21,131,PT1 0,0.0
mean,2025,21,132,PT1 0,0.0
mean,2025,21,133,PT1 0,0.0
mean,2025,21,134,PT1 0,0.0
mean,2025,21,135,PT1 0,0.0
mean,2025,21,136,PT1 0,0.0
mean,2025,21,137,PT1 0,0.0
mean,2025,21,138,PT1 0,0.0
mean,2025,21,139,PT1 0,0.0
mean,2025,21,140,PT1 0,0.0
mean,2025,21,141,PT1 0,0.0
mean,2025,21,142,PT1 0,0.0
mean,2025,21,143,PT1 0,0.0
mean,2025,21,144,PT1 0,0.0
mean,2025,21,145,PT1 0,0.0
mean,2025,21,146,PT1 0,0.0
mean,2025,21,147,PT1 0,0.0
mean,2025,21,148,PT1 0,0.0
mean,2025,21,149,PT1 0,0.0
mean,2025,21,150,PT1 0,0.0
mean,2025,21,151,PT1 0,0.0
mean,2025,21,152,PT1 0,0.0
mean,2025,21,153,PT1 0,0.0
mean,2025,21,154,PT1 0,0.0
mean,2025,21,155,PT1 0,0.0
mean,2025,21,156,PT1 0,0.0
mean,2025,21,157,PT1 0,0.0
mean,2025,21,158,PT1 0,0.0
mean,2025,21,159,PT1 0,0.0
mean,2025,21,160,PT1 0,0.0
mean,2025,21,161,PT1 0,0.0
mean,2025,21,162,PT1 0,0.0
mean,2025,21,163,PT1 0,0.0
mean,2025,21,164,PT1 0,0.0
mean,2025,21,165,PT1 0,0.0
mean,2025,21,166,PT1 0,0.0
mean,2025,21,167,PT1 0,0.0
mean,2025,42,0,PT1 0,0.0
mean,2025,42,1,PT1 0,-1.583025470252423
mean,2025,42,2,PT1 0,-1.583025470252423
mean,2025,42,3,PT1 0,-1.583025470252423
mean,2025,42,4,PT1 0,-1.583025470252423
mean,2025,42,5,PT1 0,-4.159836621741821
mean,2025,42,6,PT1 0,-6.284774539861445
mean,2025,42,7,PT1 0,-4.159836621741821
mean,2025,42,8,PT1 0,0.0
mean,2025,42,9,PT1 0,0.0
mean,2025,42,10,PT1 0,0.0
mean,2025,42,11,PT1 0,0.0
mean,2025,42,12,PT1 0,0.0
mean,2025,42,13,PT1 0,0.0
mean,2025,42,14,PT1 0,0.0
mean,2025,42,15,PT1 0,0.0
mean,2025,42,16,PT1 0,0.0
mean,2025,42,17,PT1 0,-1.583025470252423
mean,2025,42,18,PT1 0,-1.583025470252423
mean,2025,42,19,PT1 0,0.0
mean,2025,42,20,PT1 0,0.0
mean,2025,42,21,PT1 0,0.0
mean,2025,42,22,PT1 0,0.0
mean,2025,42,23,PT1 0,0.0
mean,2025,42,24,PT1 0,0.0
mean,2025,42,25,PT1 0,0.0
mean,2025,42,26,PT1 0,0.0
mean,2025,42,27,PT1 0,0.0
mean,2025,42,28,PT1 0,0.0
mean,2025,42,29,PT1 0,0.0
mean,2025,42,30,PT1 0,0.0
mean,2025,42,31,PT1 0,0.0
mean,2025,42,32,PT1 0,0.0
mean,2025,42,33,PT1 0,0.0
mean,2025,42,34,PT1 0,0.0
mean,2025,42,35,PT1 0,0.0
mean,2025,42,36,PT1 0,0.0
mean,2025,42,37,PT1 0,0.0
mean,2025,42,38,PT1 0,0.0
mean,2025,42,39,PT1 0,0.0
mean,2025,42,40,PT1 0,0.0
mean,2025,42,41,PT1 0,0.0
mean,2025,42,42,PT1 0,0.0
mean,2025,42,43,PT1 0,0.0
mean,2025,42,44,PT1 0,0.0
mean,2025,42,45,PT1 0,0.0
mean,2025,42,46,PT1 0,0.0
mean,2025,42,47,PT1 0,0.0
mean,2025,42,48,PT1 0,0.0
mean,2025,42,49,PT1 0,0.0
mean,2025,42,50,PT1 0,0.0
mean,2025,42,51,PT1 0,0.0
mean,2025,42,52,PT1 0,0.0
mean,2025,42,53,PT1 0,0.0
mean,2025,42,54,PT1 0,0.0
mean,2025,42,55,PT1 0,0.0
mean,2025,42,56,PT1 0,0.0
mean,2025,42,57,PT1 0,0.0
mean,2025,42,58,PT1 0,0.0
mean,2025,42,59,PT1 0,0.0
mean,2025,42,60,PT1 0,0.0
mean,2025,42,61,PT1 0,0.0
mean,2025,42,62,PT1 0,0.0
mean,2025,42,63,PT1 0,0.0
mean,2025,42,64,PT1 0,0.0
mean,2025,42,65,PT1 0,0.0
mean,2025,42,66,PT1 0,0.0
mean,2025,42,67,PT1 0,0.0
mean,2025,42,68,PT1 0,0.0
mean,2025,42,69,PT1 0,0.0
mean,2025,42,70,PT1 0,0.0
mean,2025,42,71,PT1 0,0.0
mean,2025,42,72,PT1 0,0.0
mean,2025,42,73,PT1 0,0.0
mean,2025,42,74,PT1 0,-0.2592549085223167
mean,2025,42,75,PT1 0,-0.5239869474458878
mean,2025,42,76,PT1 0,-0.7887300226215451
mean,2025,42,77,PT1 0,-1.053484134509209
mean,2025,42,78,PT1 0,-1.318249283566567
mean,2025,42,79,PT1 0,-1.583025470252423
mean,2025,42,80,PT1 0,0.0
mean,2025,42,81,PT1 0,0.0
mean,2025,42,82,PT1 0,0.0
mean,2025,42,83,PT1 0,0.0
mean,2025,42,84,PT1 0,0.0
mean,2025,42,85,PT1 0,0.0
mean,2025,42,86,PT1 0,0.0
mean,2025,42,87,PT1 0,0.0
mean,2025,42,88,PT1 0,-1.583025470252423
mean,2025,42,89,PT1 0,-4.159836621741821
mean,2025,42,90,PT1 0,-4.496292139068309
mean,2025,42,91,PT1 0,-4.159836621741821
mean,2025,42,92,PT1 0,-4.159836621741821
mean,2025,42,93,PT1 0,-1.583025470252423
mean,2025,42,94,PT1 0,0.0
mean,2025,42,95,PT1 0,0.0
mean,2025,42,96,PT1 0,0.0
mean,2025,42,97,PT1 0,0.0
mean,2025,42,98,PT1 0,0.0
mean,2025,42,99,PT1 0,0.0
mean,2025,42,100,PT1 0,0.0
mean,2025,42,101,PT1 0,0.0
mean,2025,42,102,PT1 0,0.0
mean,2025,42,103,PT1 0,0.0
mean,2025,42,104,PT1 0,0.0
mean,2025,42,105,PT1 0,0.0
mean,2025,42,106,PT1 0,0.0
mean,2025,42,107,PT1 0,0.0
mean,2025,42,108,PT1 0,0.0
mean,2025,42,109,PT1 0,0.0
mean,2025,42,110,PT1 0,0.0
mean,2025,42,111,PT1 0,0.0
mean,2025,42,112,PT1 0,0.0
mean,2025,42,113,PT1 0,0.0
mean,2025,42,114,PT1 0,0.0
mean,2025,42,115,PT1 0,0.0
mean,2025,42,116,PT1 0,0.0
mean,2025,42,117,PT1 0,0.0
mean,2025,42,118,PT1 0,0.0
mean,2025,42,119,PT1 0,0.0
mean,2025,42,120,PT1 0,0.0
mean,2025,42,121,PT1 0,0.0
mean,2025,42,122,PT1 0,0.0
mean,2025,42,123,PT1 0,0.0
mean,2025,42,124,PT1 0,0.0
mean,2025,42,125,PT1 0,0.0
mean,2025,42,126,PT1 0,0.0
mean,2025,42,127,PT1 0,0.0
mean,2025,42,128,PT1 0,0.0
mean,2025,42,129,PT1 0,0.0
mean,2025,42,130,PT1 0,0.0
mean,2025,42,131,PT1 0,0.0
mean,2025,42,132,PT1 0,0.0
mean,2025,42,133,PT1 0,0.0
mean,2025,42,134,PT1 0,0.0
mean,2025,42,135,PT1 0,0.0
mean,2025,42,136,PT1 0,0.0
mean,2025,42,137,PT1 0,0.0
mean,2025,42,138,PT1 0,0.0
mean,2025,42,139,PT1 0,0.0
mean,2025,42,140,PT1 0,0.0
mean,2025,42,141,PT1 0,0.0
mean,2025,42,142,PT1 0,0.0
mean,2025,42,143,PT1 0,0.0
mean,2025,42,144,PT1 0,0.0
mean,2025,42,145,PT1 0,0.0
mean,2025,42,146,PT1 0,0.0
mean,2025,42,147,PT1 0,0.0
mean,2025,42,148,PT1 0,0.0
mean,2025,42,149,PT1 0,0.0
mean,2025,42,150,PT1 0,0.0
mean,2025,42,151,PT1 0,0.0
mean,2025,42,152,PT1 0,0.0
mean,2025,42,153,PT1 0,0.0
mean,2025,42,154,PT1 0,0.0
mean,2025,42,155,PT1 0,0.0
mean,2025,42,156,PT1 0,0.0
mean,2025,42,157,PT1 0,0.0
mean,2025,42,158,PT1 0,0.0
mean,2025,42,159,PT1 0,0.0
mean,2025,42,160,PT1 0,0.0
mean,2025,42,161,PT1 0,0.0
mean,2025,42,162,PT1 0,0.0
mean,2025,42,163,PT1 0,0.0
mean,2025,42,164,PT1 0,0.0
mean,2025,42,165,PT1 0,0.0
mean,2025,42,166,PT1 0,0.0
mean,2025,42,167,PT1 0,0.0
mean,2025,52,0,PT1 0,0.0
mean,2025,52,1,PT1 0,0.0
mean,2025,52,2,PT1 0,0.0
mean,2025,52,3,PT1 0,0.0
mean,2025,52,4,PT1 0,0.0
mean,2025,52,5,PT1 0,0.0
mean,2025,52,6,PT1 0,0.0
mean,2025,52,7,PT1 0,0.0
mean,2025,52,8,PT1 0,0.0
mean,2025,52,9,PT1 0,0.0
mean,2025,52,10,PT1 0,0.0
mean,2025,52,11,PT1 0,0.0
mean,2025,52,12,PT1 0,0.0
mean,2025,52,13,PT1 0,0.0
mean,2025,52,14,PT1 0,0.0
mean,2025,52,15,PT1 0,0.0
mean,2025,52,16,PT1 0,0.0
mean,2025,52,17,PT1 0,0.0
mean,2025,52,18,PT1 0,0.0
mean,2025,52,19,PT1 0,0.0
mean,2025,52,20,PT1 0,0.0
mean,2025,52,21,PT1 0,0.0
mean,2025,52,22,PT1 0,0.0
mean,2025,52,23,PT1 0,0.0
mean,2025,52,24,PT1 0,0.0
mean,2025,52,25,PT1 0,0.0
mean,2025,52,26,PT1 0,0.0
mean,2025,52,27,PT1 0,0.0
mean,2025,52,28,PT1 0,0.0
mean,2025,52,29,PT1 0,0.0
mean,2025,52,30,PT1 0,0.0
mean,2025,52,31,PT1 0,0.0
mean,2025,52,32,PT1 0,0.0
mean,2025,52,33,PT1 0,0.0
mean,2025,52,34,PT1 0,0.0
mean,2025,52,35,PT1 0,0.0
mean,2025,52,36,PT1 0,0.0
mean,2025,52,37,PT1 0,0.0
mean,2025,52,38,PT1 0,0.0
mean,2025,52,39,PT1 0,0.0
mean,2025,52,40,PT1 0,0.0
mean,2025,52,41,PT1 0,0.0
mean,2025,52,42,PT1 0,0.0
mean,2025,52,43,PT1 0,0.0
mean,2025,52,44,PT1 0,0.0
mean,2025,52,45,PT1 0,0.0
mean,2025,52,46,PT1 0,0.0
mean,2025,52,47,PT1 0,0.0
mean,2025,52,48,PT1 0,0.0
mean,2025,52,49,PT1 0,0.0
mean,2025,52,50,PT1 0,0.0
mean,2025,52,51,PT1 0,0.0
mean,2025,52,52,PT1 0,0.0
mean,2025,52,53,PT1 0,0.0
mean,2025,52,54,PT1 0,0.0
mean,2025,52,55,PT1 0,0.0
mean,2025,52,56,PT1 0,0.0
mean,2025,52,57,PT1 0,0.0
mean,2025,52,58,PT1 0,0.0
mean,2025,52,59,PT1 0,0.0
mean,2025,52,60,PT1 0,0.0
mean,2025,52,61,PT1 0,0.0
mean,2025,52,62,PT1 0,0.0
mean,2025,52,63,PT1 0,0.0
mean,2025,52,64,PT1 0,0.0
mean,2025,52,65,PT1 0,0.0
mean,2025,52,66,PT1 0,0.0
mean,2025,52,67,PT1 0,0.0
mean,2025,52,68,PT1 0,0.0
mean,2025,52,69,PT1 0,0.0
mean,2025,52,70,PT1 0,0.0
mean,2025,52,71,PT1 0,0.0
mean,2025,52,72,PT1 0,0.0
mean,2025,52,73,PT1 0,0.0
mean,2025,52,74,PT1 0,0.0
mean,2025,52,75,PT1 0,0.0
mean,2025,52,76,PT1 0,0.0
mean,2025,52,77,PT1 0,0.0
mean,2025,52,78,PT1 0,0.0
mean,2025,52,79,PT1 0,0.0
mean,2025,52,80,PT1 0,0.0
mean,2025,52,81,PT1 0,0.0
mean,2025,52,82,PT1 0,0.0
mean,2025,52,83,PT1 0,0.0
mean,2025,52,84,PT1 0,0.0
mean,2025,52,85,PT1 0,0.0
mean,2025,52,86,PT1 0,0.0
mean,2025,52,87,PT1 0,0.0
mean,2025,52,88,PT1 0,0.0
mean,2025,52,89,PT1 0,0.0
mean,2025,52,90,PT1 0,0.0
mean,2025,52,91,PT1 0,0.0
mean,2025,52,92,PT1 0,0.0
mean,2025,52,93,PT1 0,0.0
mean,2025,52,94,PT1 0,0.0
mean,2025,52,95,PT1 0,0.0
mean,2025,52,96,PT1 0,0.0
mean,2025,52,97,PT1 0,0.0
mean,2025,52,98,PT1 0,0.0
mean,2025,52,99,PT1 0,0.0
mean,2025,52,100,PT1 0,0.0
mean,2025,52,101,PT1 0,0.0
mean,2025,52,102,PT1 0,0.0
mean,2025,52,103,PT1 0,0.0
mean,2025,52,104,PT1 0,0.0
mean,2025,52,105,PT1 0,0.0
mean,2025,52,106,PT1 0,0.0
mean,2025,52,107,PT1 0,0.0
mean,2025,52,108,PT1 0,0.0
mean,2025,52,109,PT1 0,0.0
mean,2025,52,110,PT1 0,0.0
mean,2025,52,111,PT1 0,0.0
mean,2025,52,112,PT1 0,0.0
mean,2025,52,113,PT1 0,0.0
mean,2025,52,114,PT1 0,0.0
mean,2025,52,115,PT1 0,0.0
mean,2025,52,116,PT1 0,0.0
mean,2025,52,117,PT1 0,0.0
mean,2025,52,118,PT1 0,0.0
mean,2025,52,119,PT1 0,0.0
mean,2025,52,120,PT1 0,0.0
mean,2025,52,121,PT1 0,0.0
mean,2025,52,122,PT1 0,0.0
mean,2025,52,123,PT1 0,0.0
mean,2025,52,124,PT1 0,0.0
mean,2025,52,125,PT1 0,0.0
mean,2025,52,126,PT1 0,0.0
mean,2025,52,127,PT1 0,0.0
mean,2025,52,128,PT1 0,0.0
mean,2025,52,129,PT1 0,0.0
mean,2025,52,130,PT1 0,0.0
mean,2025,52,131,PT1 0,0.0
mean,2025,52,132,PT1 0,0.0
mean,2025,52,133,PT1 0,0.0
mean,2025,52,134,PT1 0,0.0
mean,2025,52,135,PT1 0,0.0
mean,2025,52,136,PT1 0,0.0
mean,2025,52,137,PT1 0,0.0
mean,2025,52,138,PT1 0,0.0
mean,2025,52,139,PT1 0,0.0
mean,2025,52,140,PT1 0,0.0
mean,2025,52,141,PT1 0,0.0
mean,2025,52,142,PT1 0,0.0
mean,2025,52,143,PT1 0,0.0
mean,2025,52,144,PT1 0,0.0
mean,2025,52,145,PT1 0,0.0
mean,2025,52,146,PT1 0,0.0
mean,2025,52,147,PT1 0,0.0
mean,2025,52,148,PT1 0,0.0
mean,2025,52,149,PT1 0,0.0
mean,2025,52,150,PT1 0,0.0
mean,2025,52,151,PT1 0,0.0
mean,2025,52,152,PT1 0,0.0
mean,2025,52,153,PT1 0,0.0
mean,2025,52,154,PT1 0,0.0
mean,2025,52,155,PT1 0,0.0
mean,2025,52,156,PT1 0,0.0
mean,2025,52,157,PT1 0,0.0
mean,2025,52,158,PT1 0,0.0
mean,2025,52,159,PT1 0,0.0
mean,2025,52,160,PT1 0,0.0
mean,2025,52,161,PT1 0,0.0
mean,2025,52,162,PT1 0,0.0
mean,2025,52,163,PT1 0,0.0
mean,2025,52,164,PT1 0,0.0
mean,2025,52,165,PT1 0,0.0
mean,2025,52,166,PT1 0,0.0
mean,2025,52,167,PT1 0,0.0
mean,2030,11,0,PT1 0,0.0
mean,2030,11,1,PT1 0,0.0
mean,2030,11,2,PT1 0,0.0
mean,2030,11,3,PT1 0,0.0
mean,2030,11,4,PT1 0,0.0
mean,2030,11,5,PT1 0,0.0
mean,2030,11,6,PT1 0,0.0
mean,2030,11,7,PT1 0,0.0
mean,2030,11,8,PT1 0,0.0
mean,2030,11,9,PT1 0,0.0
mean,2030,11,10,PT1 0,0.0
mean,2030,11,11,PT1 0,0.0
mean,2030,11,12,PT1 0,0.0
mean,2030,11,13,PT1 0,0.0
mean,2030,11,14,PT1 0,0.0
mean,2030,11,15,PT1 0,0.0
mean,2030,11,16,PT1 0,0.0
mean,2030,11,17,PT1 0,0.0
mean,2030,11,18,PT1 0,0.0
mean,2030,11,19,PT1 0,0.0
mean,2030,11,20,PT1 0,0.0
mean,2030,11,21,PT1 0,0.0
mean,2030,11,22,PT1 0,0.0
mean,2030,11,23,PT1 0,0.0
mean,2030,11,24,PT1 0,0.0
mean,2030,11,25,PT1 0,0.0
mean,2030,11,26,PT1 0,0.0
mean,2030,11,27,PT1 0,0.0
mean,2030,11,28,PT1 0,0.0
mean,2030,11,29,PT1 0,0.0
mean,2030,11,30,PT1 0,0.0
mean,2030,11,31,PT1 0,0.0
mean,2030,11,32,PT1 0,0.0
mean,2030,11,33,PT1 0,0.0
mean,2030,11,34,PT1 0,0.0
mean,2030,11,35,PT1 0,0.0
mean,2030,11,36,PT1 0,0.0
mean,2030,11,37,PT1 0,0.0
mean,2030,11,38,PT1 0,0.0
mean,2030,11,39,PT1 0,0.0
mean,2030,11,40,PT1 0,0.0
mean,2030,11,41,PT1 0,0.0
mean,2030,11,42,PT1 0,0.0
mean,2030,11,43,PT1 0,0.0
mean,2030,11,44,PT1 0,0.0
mean,2030,11,45,PT1 0,0.0
mean,2030,11,46,PT1 0,0.0
mean,2030,11,47,PT1 0,0.0
mean,2030,11,48,PT1 0,0.0
mean,2030,11,49,PT1 0,0.0
mean,2030,11,50,PT1 0,0.0
mean,2030,11,51,PT1 0,0.0
mean,2030,11,52,PT1 0,0.0
mean,2030,11,53,PT1 0,0.0
mean,2030,11,54,PT1 0,0.0
mean,2030,11,55,PT1 0,0.0
mean,2030,11,56,PT1 0,0.0
mean,2030,11,57,PT1 0,0.0
mean,2030,11,58,PT1 0,0.0
mean,2030,11,59,PT1 0,0.0
mean,2030,11,60,PT1 0,0.0
mean,2030,11,61,PT1 0,0.0
mean,2030,11,62,PT1 0,0.0
mean,2030,11,63,PT1 0,0.0
mean,2030,11,64,PT1 0,0.0
mean,2030,11,65,PT1 0,0.0
mean,2030,11,66,PT1 0,0.0
mean,2030,11,67,PT1 0,0.0
mean,2030,11,68,PT1 0,0.0
mean,2030,11,69,PT1 0,0.0
mean,2030,11,70,PT1 0,0.0
mean,2030,11,71,PT1 0,0.0
mean,2030,11,72,PT1 0,0.0
mean,2030,11,73,PT1 0,0.0
mean,2030,11,74,PT1 0,0.0
mean,2030,11,75,PT1 0,0.0
mean,2030,11,76,PT1 0,0.0
mean,2030,11,77,PT1 0,0.0
mean,2030,11,78,PT1 0,0.0
mean,2030,11,79,PT1 0,0.0
mean,2030,11,80,PT1 0,0.0
mean,2030,11,81,PT1 0,0.0
mean,2030,11,82,PT1 0,0.0
mean,2030,11,83,PT1 0,0.0
mean,2030,11,84,PT1 0,0.0
mean,2030,11,85,PT1 0,0.0
mean,2030,11,86,PT1 0,0.0
mean,2030,11,87,PT1 0,0.0
mean,2030,11,88,PT1 0,0.0
mean,2030,11,89,PT1 0,0.0
mean,2030,11,90,PT1 0,0.0
mean,2030,11,91,PT1 0,0.0
mean,2030,11,92,PT1 0,0.0
mean,2030,11,93,PT1 0,0.0
mean,2030,11,94,PT1 0,0.0
mean,2030,11,95,PT1 0,0.0
mean,2030,11,96,PT1 0,0.0
mean,2030,11,97,PT1 0,0.0
mean,2030,11,98,PT1 0,0.0
mean,2030,11,99,PT1 0,0.0
mean,2030,11,100,PT1 0,0.0
mean,2030,11,101,PT1 0,0.0
mean,2030,11,102,PT1 0,0.0
mean,2030,11,103,PT1 0,0.0
mean,2030,11,104,PT1 0,0.0
mean,2030,11,105,PT1 0,0.0
mean,2030,11,106,PT1 0,0.0
mean,2030,11,107,PT1 0,0.0
mean,2030,11,108,PT1 0,0.0
mean,2030,11,109,PT1 0,0.0
mean,2030,11,110,PT1 0,0.0
mean,2030,11,111,PT1 0,0.0
mean,2030,11,112,PT1 0,0.0
mean,2030,11,113,PT1 0,0.0
mean,2030,11,114,PT1 0,0.0
mean,2030,11,115,PT1 0,0.0
mean,2030,11,116,PT1 0,0.0
mean,2030,11,117,PT1 0,0.0
mean,2030,11,118,PT1 0,0.0
mean,2030,11,119,PT1 0,0.0
mean,2030,11,120,PT1 0,0.0
mean,2030,11,121,PT1 0,0.0
mean,2030,11,122,PT1 0,0.0
mean,2030,11,123,PT1 0,0.0
mean,2030,11,124,PT1 0,0.0
mean,2030,11,125,PT1 0,0.0
mean,2030,11,126,PT1 0,0.0
mean,2030,11,127,PT1 0,0.0
mean,2030,11,128,PT1 0,0.0
mean,2030,11,129,PT1 0,0.0
mean,2030,11,130,PT1 0,0.0
mean,2030,11,131,PT1 0,0.0
mean,2030,11,132,PT1 0,0.0
mean,2030,11,133,PT1 0,0.0
mean,2030,11,134,PT1 0,0.0
mean,2030,11,135,PT1 0,0.0
mean,2030,11,136,PT1 0,0.0
mean,2030,11,137,PT1 0,0.0
mean,2030,11,138,PT1 0,0.0
mean,2030,11,139,PT1 0,0.0
mean,2030,11,140,PT1 0,0.0
mean,2030,11,141,PT1 0,0.0
mean,2030,11,142,PT1 0,0.0
mean,2030,11,143,PT1 0,0.0
mean,2030,11,144,PT1 0,0.0
mean,2030,11,145,PT1 0,0.0
mean,2030,11,146,PT1 0,0.0
mean,2030,11,147,PT1 0,0.0
mean,2030,11,148,PT1 0,0.0
mean,2030,11,149,PT1 0,0.0
mean,2030,11,150,PT1 0,0.0
mean,2030,11,151,PT1 0,0.0
mean,2030,11,152,PT1 0,0.0
mean,2030,11,153,PT1 0,0.0
mean,2030,11,154,PT1 0,0.0
mean,2030,11,155,PT1 0,0.0
mean,2030,11,156,PT1 0,0.0
mean,2030,11,157,PT1 0,0.0
mean,2030,11,158,PT1 0,0.0
mean,2030,11,159,PT1 0,0.0
mean,2030,11,160,PT1 0,0.0
mean,2030,11,161,PT1 0,0.0
mean,2030,11,162,PT1 0,0.0
mean,2030,11,163,PT1 0,0.0
mean,2030,11,164,PT1 0,0.0
mean,2030,11,165,PT1 0,0.0
mean,2030,11,166,PT1 0,0.0
mean,2030,11,167,PT1 0,0.0
mean,2030,21,0,PT1 0,0.0
mean,2030,21,1,PT1 0,0.0
mean,2030,21,2,PT1 0,0.0
mean,2030,21,3,PT1 0,0.0
mean,2030,21,4,PT1 0,0.0
mean,2030,21,5,PT1 0,0.0
mean,2030,21,6,PT1 0,0.0
mean,2030,21,7,PT1 0,0.0
mean,2030,21,8,PT1 0,0.0
mean,2030,21,9,PT1 0,0.0
mean,2030,21,10,PT1 0,0.0
mean,2030,21,11,PT1 0,0.0
mean,2030,21,12,PT1 0,0.0
mean,2030,21,13,PT1 0,0.0
mean,2030,21,14,PT1 0,0.0
mean,2030,21,15,PT1 0,0.0
mean,2030,21,16,PT1 0,0.0
mean,2030,21,17,PT1 0,0.0
mean,2030,21,18,PT1 0,0.0
mean,2030,21,19,PT1 0,0.0
mean,2030,21,20,PT1 0,0.0
mean,2030,21,21,PT1 0,0.0
mean,2030,21,22,PT1 0,0.0
mean,2030,21,23,PT1 0,0.0
mean,2030,21,24,PT1 0,0.0
mean,2030,21,25,PT1 0,0.0
mean,2030,21,26,PT1 0,0.0
mean,2030,21,27,PT1 0,0.0
mean,2030,21,28,PT1 0,0.0
mean,2030,21,29,PT1 0,0.0
mean,2030,21,30,PT1 0,0.0
mean,2030,21,31,PT1 0,0.0
mean,2030,21,32,PT1 0,0.0
mean,2030,21,33,PT1 0,0.0
mean,2030,21,34,PT1 0,0.0
mean,2030,21,35,PT1 0,0.0
mean,2030,21,36,PT1 0,0.0
mean,2030,21,37,PT1 0,0.0
mean,2030,21,38,PT1 0,0.0
mean,2030,21,39,PT1 0,0.0
mean,2030,21,40,PT1 0,0.0
mean,2030,21,41,PT1 0,0.0
mean,2030,21,42,PT1 0,0.0
mean,2030,21,43,PT1 0,0.0
mean,2030,21,44,PT1 0,0.0
mean,2030,21,45,PT1 0,0.0
mean,2030,21,46,PT1 0,0.0
mean,2030,21,47,PT1 0,0.0
mean,2030,21,48,PT1 0,0.0
mean,2030,21,49,PT1 0,0.0
mean,2030,21,50,PT1 0,0.0
mean,2030,21,51,PT1 0,0.0
mean,2030,21,52,PT1 0,0.0
mean,2030,21,53,PT1 0,0.0
mean,2030,21,54,PT1 0,0.0
mean,2030,21,55,PT1 0,0.0
mean,2030,21,56,PT1 0,0.0
mean,2030,21,57,PT1 0,0.0
mean,2030,21,58,PT1 0,0.0
mean,2030,21,59,PT1 0,0.0
mean,2030,21,60,PT1 0,0.0
mean,2030,21,61,PT1 0,0.0
mean,2030,21,62,PT1 0,0.0
mean,2030,21,63,PT1 0,0.0
mean,2030,21,64,PT1 0,0.0
mean,2030,21,65,PT1 0,0.0
mean,2030,21,66,PT1 0,0.0
mean,2030,21,67,PT1 0,0.0
mean,2030,21,68,PT1 0,0.0
mean,2030,21,69,PT1 0,0.0
mean,2030,21,70,PT1 0,0.0
mean,2030,21,71,PT1 0,0.0
mean,2030,21,72,PT1 0,0.0
mean,2030,21,73,PT1 0,0.0
mean,2030,21,74,PT1 0,0.0
mean,2030,21,75,PT1 0,0.0
mean,2030,21,76,PT1 0,0.0
mean,2030,21,77,PT1 0,0.0
mean,2030,21,78,PT1 0,0.0
mean,2030,21,79,PT1 0,0.0
mean,2030,21,80,PT1 0,0.0
mean,2030,21,81,PT1 0,0.0
mean,2030,21,82,PT1 0,0.0
mean,2030,21,83,PT1 0,0.0
mean,2030,21,84,PT1 0,0.0
mean,2030,21,85,PT1 0,0.0
mean,2030,21,86,PT1 0,0.0
mean,2030,21,87,PT1 0,0.0
mean,2030,21,88,PT1 0,0.0
mean,2030,21,89,PT1 0,0.0
mean,2030,21,90,PT1 0,0.0
mean,2030,21,91,PT1 0,0.0
mean,2030,21,92,PT1 0,0.0
mean,2030,21,93,PT1 0,0.0
mean,2030,21,94,PT1 0,0.0
mean,2030,21,95,PT1 0,0.0
mean,2030,21,96,PT1 0,0.0
mean,2030,21,97,PT1 0,0.0
mean,2030,21,98,PT1 0,0.0
mean,2030,21,99,PT1 0,0.0
mean,2030,21,100,PT1 0,0.0
mean,2030,21,101,PT1 0,0.0
mean,2030,21,102,PT1 0,0.0
mean,2030,21,103,PT1 0,0.0
mean,2030,21,104,PT1 0,0.0
mean,2030,21,105,PT1 0,0.0
mean,2030,21,106,PT1 0,0.0
mean,2030,21,107,PT1 0,0.0
mean,2030,21,108,PT1 0,0.0
mean,2030,21,109,PT1 0,0.0
mean,2030,21,110,PT1 0,0.0
mean,2030,21,111,PT1 0,0.0
mean,2030,21,112,PT1 0,0.0
mean,2030,21,113,PT1 0,0.0
mean,2030,21,114,PT1 0,0.0
mean,2030,21,115,PT1 0,0.0
mean,2030,21,116,PT1 0,0.0
mean,2030,21,117,PT1 0,0.0
mean,2030,21,118,PT1 0,0.0
mean,2030,21,119,PT1 0,0.0
mean,2030,21,120,PT1 0,0.0
mean,2030,21,121,PT1 0,0.0
mean,2030,21,122,PT1 0,0.0
mean,2030,21,123,PT1 0,0.0
mean,2030,21,124,PT1 0,0.0
mean,2030,21,125,PT1 0,0.0
mean,2030,21,126,PT1 0,0.0
mean,2030,21,127,PT1 0,0.0
mean,2030,21,128,PT1 0,0.0
mean,2030,21,129,PT1 0,0.0
mean,2030,21,130,PT1 0,0.0
mean,2030,21,131,PT1 0,0.0
mean,2030,21,132,PT1 0,0.0
mean,2030,21,133,PT1 0,0.0
mean,2030,21,134,PT1 0,0.0
mean,2030,21,135,PT1 0,0.0
mean,2030,21,136,PT1 0,0.0
mean,2030,21,137,PT1 0,0.0
mean,2030,21,138,PT1 0,0.0
mean,2030,21,139,PT1 0,0.0
mean,2030,21,140,PT1 0,0.0
mean,2030,21,141,PT1 0,0.0
mean,2030,21,142,PT1 0,0.0
mean,2030,21,143,PT1 0,0.0
mean,2030,21,144,PT1 0,0.0
mean,2030,21,145,PT1 0,0.0
mean,2030,21,146,PT1 0,0.0
mean,2030,21,147,PT1 0,0.0
mean,2030,21,148,PT1 0,0.0
mean,2030,21,149,PT1 0,0.0
mean,2030,21,150,PT1 0,0.0
mean,2030,21,151,PT1 0,0.0
mean,2030,21,152,PT1 0,0.0
mean,2030,21,153,PT1 0,0.0
mean,2030,21,154,PT1 0,0.0
mean,2030,21,155,PT1 0,0.0
mean,2030,21,156,PT1 0,0.0
mean,2030,21,157,PT1 0,0.0
mean,2030,21,158,PT1 0,0.0
mean,2030,21,159,PT1 0,0.0
mean,2030,21,160,PT1 0,0.0
mean,2030,21,161,PT1 0,0.0
mean,2030,21,162,PT1 0,0.0
mean,2030,21,163,PT1 0,0.0
mean,2030,21,164,PT1 0,0.0
mean,2030,21,165,PT1 0,0.0
mean,2030,21,166,PT1 0,0.0
mean,2030,21,167,PT1 0,0.0
mean,2030,42,0,PT1 0,0.0
mean,2030,42,1,PT1 0,0.0
mean,2030,42,2,PT1 0,0.0
mean,2030,42,3,PT1 0,0.0
mean,2030,42,4,PT1 0,0.0
mean,2030,42,5,PT1 0,0.0
mean,2030,42,6,PT1 0,0.0
mean,2030,42,7,PT1 0,0.0
mean,2030,42,8,PT1 0,0.0
mean,2030,42,9,PT1 0,0.0
mean,2030,42,10,PT1 0,0.0
mean,2030,42,11,PT1 0,0.0
mean,2030,42,12,PT1 0,0.0
mean,2030,42,13,PT1 0,0.0
mean,2030,42,14,PT1 0,0.0
mean,2030,42,15,PT1 0,0.0
mean,2030,42,16,PT1 0,0.0
mean,2030,42,17,PT1 0,0.0
mean,2030,42,18,PT1 0,0.0
mean,2030,42,19,PT1 0,0.0
mean,2030,42,20,PT1 0,0.0
mean,2030,42,21,PT1 0,0.0
mean,2030,42,22,PT1 0,0.0
mean,2030,42,23,PT1 0,0.0
mean,2030,42,24,PT1 0,0.0
mean,2030,42,25,PT1 0,0.0
mean,2030,42,26,PT1 0,0.0
mean,2030,42,27,PT1 0,0.0
mean,2030,42,28,PT1 0,0.0
mean,2030,42,29,PT1 0,0.0
mean,2030,42,30,PT1 0,0.0
mean,2030,42,31,PT1 0,0.0
mean,2030,42,32,PT1 0,0.0
mean,2030,42,33,PT1 0,0.0
mean,2030,42,34,PT1 0,0.0
mean,2030,42,35,PT1 0,0.0
mean,2030,42,36,PT1 0,0.0
mean,2030,42,37,PT1 0,0.0
mean,2030,42,38,PT1 0,0.0
mean,2030,42,39,PT1 0,0.0
mean,2030,42,40,PT1 0,0.0
mean,2030,42,41,PT1 0,0.0
mean,2030,42,42,PT1 0,0.0
mean,2030,42,43,PT1 0,0.0
mean,2030,42,44,PT1 0,0.0
mean,2030,42,45,PT1 0,0.0
mean,2030,42,46,PT1 0,0.0
mean,2030,42,47,PT1 0,0.0
mean,2030,42,48,PT1 0,0.0
mean,2030,42,49,PT1 0,0.0
mean,2030,42,50,PT1 0,0.0
mean,2030,42,51,PT1 0,0.0
mean,2030,42,52,PT1 0,0.0
mean,2030,42,53,PT1 0,0.0
mean,2030,42,54,PT1 0,0.0
mean,2030,42,55,PT1 0,0.0
mean,2030,42,56,PT1 0,0.0
mean,2030,42,57,PT1 0,0.0
mean,2030,42,58,PT1 0,0.0
mean,2030,42,59,PT1 0,0.0
mean,2030,42,60,PT1 0,0.0
mean,2030,42,61,PT1 0,0.0
mean,2030,42,62,PT1 0,0.0
mean,2030,42,63,PT1 0,0.0
mean,2030,42,64,PT1 0,0.0
mean,2030,42,65,PT1 0,0.0
mean,2030,42,66,PT1 0,0.0
mean,2030,42,67,PT1 0,0.0
mean,2030,42,68,PT1 0,0.0
mean,2030,42,69,PT1 0,0.0
mean,2030,42,70,PT1 0,0.0
mean,2030,42,71,PT1 0,0.0
mean,2030,42,72,PT1 0,0.0
mean,2030,42,73,PT1 0,0.0
mean,2030,42,74,PT1 0,0.0
mean,2030,42,75,PT1 0,0.0
mean,2030,42,76,PT1 0,0.0
mean,2030,42,77,PT1 0,0.0
mean,2030,42,78,PT1 0,0.0
mean,2030,42,79,PT1 0,0.0
mean,2030,42,80,PT1 0,0.0
mean,2030,42,81,PT1 0,0.0
mean,2030,42,82,PT1 0,0.0
mean,2030,42,83,PT1 0,0.0
mean,2030,42,84,PT1 0,0.0
mean,2030,42,85,PT1 0,0.0
mean,2030,42,86,PT1 0,0.0
mean,2030,42,87,PT1 0,0.0
mean,2030,42,88,PT1 0,0.0
mean,2030,42,89,PT1 0,0.0
mean,2030,42,90,PT1 0,0.0
mean,2030,42,91,PT1 0,0.0
mean,2030,42,92,PT1 0,0.0
mean,2030,42,93,PT1 0,0.0
mean,2030,42,94,PT1 0,0.0
mean,2030,42,95,PT1 0,0.0
mean,2030,42,96,PT1 0,0.0
mean,2030,42,97,PT1 0,0.0
mean,2030,42,98,PT1 0,0.0
mean,2030,42,99,PT1 0,0.0
mean,2030,42,100,PT1 0,0.0
mean,2030,42,101,PT1 0,0.0
mean,2030,42,102,PT1 0,0.0
mean,2030,42,103,PT1 0,0.0
mean,2030,42,104,PT1 0,0.0
mean,2030,42,105,PT1 0,0.0
mean,2030,42,106,PT1 0,0.0
mean,2030,42,107,PT1 0,0.0
mean,2030,42,108,PT1 0,0.0
mean,2030,42,109,PT1 0,0.0
mean,2030,42,110,PT1 0,0.0
mean,2030,42,111,PT1 0,0.0
mean,2030,42,112,PT1 0,0.0
mean,2030,42,113,PT1 0,0.0
mean,2030,42,114,PT1 0,0.0
mean,2030,42,115,PT1 0,0.0
mean,2030,42,116,PT1 0,0.0
mean,2030,42,117,PT1 0,0.0
mean,2030,42,118,PT1 0,0.0
mean,2030,42,119,PT1 0,0.0
mean,2030,42,120,PT1 0,0.0
mean,2030,42,121,PT1 0,0.0
mean,2030,42,122,PT1 0,0.0
mean,2030,42,123,PT1 0,0.0
mean,2030,42,124,PT1 0,0.0
mean,2030,42,125,PT1 0,0.0
mean,2030,42,126,PT1 0,0.0
mean,2030,42,127,PT1 0,0.0
mean,2030,42,128,PT1 0,0.0
mean,2030,42,129,PT1 0,0.0
mean,2030,42,130,PT1 0,0.0
mean,2030,42,131,PT1 0,0.0
mean,2030,42,132,PT1 0,0.0
mean,2030,42,133,PT1 0,0.0
mean,2030,42,134,PT1 0,0.0
mean,2030,42,135,PT1 0,0.0
mean,2030,42,136,PT1 0,0.0
mean,2030,42,137,PT1 0,0.0
mean,2030,42,138,PT1 0,0.0
mean,2030,42,139,PT1 0,0.0
mean,2030,42,140,PT1 0,0.0
mean,2030,42,141,PT1 0,0.0
mean,2030,42,142,PT1 0,0.0
mean,2030,42,143,PT1 0,0.0
mean,2030,42,144,PT1 0,0.0
mean,2030,42,145,PT1 0,0.0
mean,2030,42,146,PT1 0,0.0
mean,2030,42,147,PT1 0,0.0
mean,2030,42,148,PT1 0,0.0
mean,2030,42,149,PT1 0,0.0
mean,2030,42,150,PT1 0,0.0
mean,2030,42,151,PT1 0,0.0
mean,2030,42,152,PT1 0,0.0
mean,2030,42,153,PT1 0,0.0
mean,2030,42,154,PT1 0,0.0
mean,2030,42,155,PT1 0,0.0
mean,2030,42,156,PT1 0,0.0
mean,2030,42,157,PT1 0,0.0
mean,2030,42,158,PT1 0,0.0
mean,2030,42,159,PT1 0,0.0
mean,2030,42,160,PT1 0,0.0
mean,2030,42,161,PT1 0,0.0
mean,2030,42,162,PT1 0,0.0
mean,2030,42,163,PT1 0,0.0
mean,2030,42,164,PT1 0,0.0
mean,2030,42,165,PT1 0,0.0
mean,2030,42,166,PT1 0,0.0
mean,2030,42,167,PT1 0,0.0
mean,2030,52,0,PT1 0,0.0
mean,2030,52,1,PT1 0,0.0
mean,2030,52,2,PT1 0,0.0
mean,2030,52,3,PT1 0,0.0
mean,2030,52,4,PT1 0,0.0
mean,2030,52,5,PT1 0,0.0
mean,2030,52,6,PT1 0,0.0
mean,2030,52,7,PT1 0,0.0
mean,2030,52,8,PT1 0,0.0
mean,2030,52,9,PT1 0,0.0
mean,2030,52,10,PT1 0,0.0
mean,2030,52,11,PT1 0,0.0
mean,2030,52,12,PT1 0,0.0
mean,2030,52,13,PT1 0,0.0
mean,2030,52,14,PT1 0,0.0
mean,2030,52,15,PT1 0,0.0
mean,2030,52,16,PT1 0,0.0
mean,2030,52,17,PT1 0,0.0
mean,2030,52,18,PT1 0,0.0
mean,2030,52,19,PT1 0,0.0
mean,2030,52,20,PT1 0,0.0
mean,2030,52,21,PT1 0,0.0
mean,2030,52,22,PT1 0,0.0
mean,2030,52,23,PT1 0,0.0
mean,2030,52,24,PT1 0,0.0
mean,2030,52,25,PT1 0,0.0
mean,2030,52,26,PT1 0,0.0
mean,2030,52,27,PT1 0,0.0
mean,2030,52,28,PT1 0,0.0
mean,2030,52,29,PT1 0,0.0
mean,2030,52,30,PT1 0,0.0
mean,2030,52,31,PT1 0,0.0
mean,2030,52,32,PT1 0,0.0
mean,2030,52,33,PT1 0,0.0
mean,2030,52,34,PT1 0,0.0
mean,2030,52,35,PT1 0,0.0
mean,2030,52,36,PT1 0,0.0
mean,2030,52,37,PT1 0,0.0
mean,2030,52,38,PT1 0,0.0
mean,2030,52,39,PT1 0,0.0
mean,2030,52,40,PT1 0,0.0
mean,2030,52,41,PT1 0,0.0
mean,2030,52,42,PT1 0,0.0
mean,2030,52,43,PT1 0,0.0
mean,2030,52,44,PT1 0,0.0
mean,2030,52,45,PT1 0,0.0
mean,2030,52,46,PT1 0,0.0
mean,2030,52,47,PT1 0,0.0
mean,2030,52,48,PT1 0,0.0
mean,2030,52,49,PT1 0,0.0
mean,2030,52,50,PT1 0,0.0
mean,2030,52,51,PT1 0,0.0
mean,2030,52,52,PT1 0,0.0
mean,2030,52,53,PT1 0,0.0
mean,2030,52,54,PT1 0,0.0
mean,2030,52,55,PT1 0,0.0
mean,2030,52,56,PT1 0,0.0
mean,2030,52,57,PT1 0,0.0
mean,2030,52,58,PT1 0,0.0
mean,2030,52,59,PT1 0,0.0
mean,2030,52,60,PT1 0,0.0
mean,2030,52,61,PT1 0,0.0
mean,2030,52,62,PT1 0,0.0
mean,2030,52,63,PT1 0,0.0
mean,2030,52,64,PT1 0,0.0
mean,2030,52,65,PT1 0,0.0
mean,2030,52,66,PT1 0,0.0
mean,2030,52,67,PT1 0,0.0
mean,2030,52,68,PT1 0,0.0
mean,2030,52,69,PT1 0,0.0
mean,2030,52,70,PT1 0,0.0
mean,2030,52,71,PT1 0,0.0
mean,2030,52,72,PT1 0,0.0
mean,2030,52,73,PT1 0,0.0
mean,2030,52,74,PT1 0,0.0
mean,2030,52,75,PT1 0,0.0
mean,2030,52,76,PT1 0,0.0
mean,2030,52,77,PT1 0,0.0
mean,2030,52,78,PT1 0,0.0
mean,2030,52,79,PT1 0,0.0
mean,2030,52,80,PT1 0,0.0
mean,2030,52,81,PT1 0,0.0
mean,2030,52,82,PT1 0,0.0
mean,2030,52,83,PT1 0,0.0
mean,2030,52,84,PT1 0,0.0
mean,2030,52,85,PT1 0,0.0
mean,2030,52,86,PT1 0,0.0
mean,2030,52,87,PT1 0,0.0
mean,2030,52,88,PT1 0,0.0
mean,2030,52,89,PT1 0,0.0
mean,2030,52,90,PT1 0,0.0
mean,2030,52,91,PT1 0,0.0
mean,2030,52,92,PT1 0,0.0
mean,2030,52,93,PT1 0,0.0
mean,2030,52,94,PT1 0,0.0
mean,2030,52,95,PT1 0,0.0
mean,2030,52,96,PT1 0,0.0
mean,2030,52,97,PT1 0,0.0
mean,2030,52,98,PT1 0,0.0
mean,2030,52,99,PT1 0,0.0
mean,2030,52,100,PT1 0,0.0
mean,2030,52,101,PT1 0,0.0
mean,2030,52,102,PT1 0,0.0
mean,2030,52,103,PT1 0,0.0
mean,2030,52,104,PT1 0,0.0
mean,2030,52,105,PT1 0,0.0
mean,2030,52,106,PT1 0,0.0
mean,2030,52,107,PT1 0,0.0
mean,2030,52,108,PT1 0,0.0
mean,2030,52,109,PT1 0,0.0
mean,2030,52,110,PT1 0,0.0
mean,2030,52,111,PT1 0,0.0
mean,2030,52,112,PT1 0,0.0
mean,2030,52,113,PT1 0,0.0
mean,2030,52,114,PT1 0,0.0
mean,2030,52,115,PT1 0,0.0
mean,2030,52,116,PT1 0,0.0
mean,2030,52,117,PT1 0,0.0
mean,2030,52,118,PT1 0,0.0
mean,2030,52,119,PT1 0,0.0
mean,2030,52,120,PT1 0,0.0
mean,2030,52,121,PT1 0,0.0
mean,2030,52,122,PT1 0,0.0
mean,2030,52,123,PT1 0,0.0
mean,2030,52,124,PT1 0,0.0
mean,2030,52,125,PT1 0,0.0
mean,2030,52,126,PT1 0,0.0
mean,2030,52,127,PT1 0,0.0
mean,2030,52,128,PT1 0,0.0
mean,2030,52,129,PT1 0,0.0
mean,2030,52,130,PT1 0,0.0
mean,2030,52,131,PT1 0,0.0
mean,2030,52,132,PT1 0,0.0
mean,2030,52,133,PT1 0,0.0
mean,2030,52,134,PT1 0,0.0
mean,2030,52,135,PT1 0,0.0
mean,2030,52,136,PT1 0,0.0
mean,2030,52,137,PT1 0,0.0
mean,2030,52,138,PT1 0,0.0
mean,2030,52,139,PT1 0,0.0
mean,2030,52,140,PT1 0,0.0
mean,2030,52,141,PT1 0,0.0
mean,2030,52,142,PT1 0,0.0
mean,2030,52,143,PT1 0,0.0
mean,2030,52,144,PT1 0,0.0
mean,2030,52,145,PT1 0,0.0
mean,2030,52,146,PT1 0,0.0
mean,2030,52,147,PT1 0,0.0
mean,2030,52,148,PT1 0,0.0
mean,2030,52,149,PT1 0,0.0
mean,2030,52,150,PT1 0,0.0
mean,2030,52,151,PT1 0,0.0
mean,2030,52,152,PT1 0,0.0
mean,2030,52,153,PT1 0,0.0
mean,2030,52,154,PT1 0,0.0
mean,2030,52,155,PT1 0,0.0
mean,2030,52,156,PT1 0,0.0
mean,2030,52,157,PT1 0,0.0
mean,2030,52,158,PT1 0,0.0
mean,2030,52,159,PT1 0,0.0
mean,2030,52,160,PT1 0,0.0
mean,2030,52,161,PT1 0,0.0
mean,2030,52,162,PT1 0,0.0
mean,2030,52,163,PT1 0,0.0
mean,2030,52,164,PT1 0,0.0
mean,2030,52,165,PT1 0,0.0
mean,2030,52,166,PT1 0,0.0
mean,2030,52,167,PT1 0,0.0
mean,2040,11,0,PT1 0,0.0
mean,2040,11,1,PT1 0,0.0
mean,2040,11,2,PT1 0,0.0
mean,2040,11,3,PT1 0,0.0
mean,2040,11,4,PT1 0,0.0
mean,2040,11,5,PT1 0,0.0
mean,2040,11,6,PT1 0,0.0
mean,2040,11,7,PT1 0,0.0
mean,2040,11,8,PT1 0,0.0
mean,2040,11,9,PT1 0,0.0
mean,2040,11,10,PT1 0,0.0
mean,2040,11,11,PT1 0,0.0
mean,2040,11,12,PT1 0,0.0
mean,2040,11,13,PT1 0,0.0
mean,2040,11,14,PT1 0,0.0
mean,2040,11,15,PT1 0,0.0
mean,2040,11,16,PT1 0,0.0
mean,2040,11,17,PT1 0,0.0
mean,2040,11,18,PT1 0,0.0
mean,2040,11,19,PT1 0,0.0
mean,2040,11,20,PT1 0,0.0
mean,2040,11,21,PT1 0,0.0
mean,2040,11,22,PT1 0,0.0
mean,2040,11,23,PT1 0,0.0
mean,2040,11,24,PT1 0,0.0
mean,2040,11,25,PT1 0,0.0
mean,2040,11,26,PT1 0,0.0
mean,2040,11,27,PT1 0,0.0
mean,2040,11,28,PT1 0,0.0
mean,2040,11,29,PT1 0,0.0
mean,2040,11,30,PT1 0,0.0
mean,2040,11,31,PT1 0,0.0
mean,2040,11,32,PT1 0,0.0
mean,2040,11,33,PT1 0,0.0
mean,2040,11,34,PT1 0,0.0
mean,2040,11,35,PT1 0,0.0
mean,2040,11,36,PT1 0,0.0
mean,2040,11,37,PT1 0,0.0
mean,2040,11,38,PT1 0,0.0
mean,2040,11,39,PT1 0,0.0
mean,2040,11,40,PT1 0,0.0
mean,2040,11,41,PT1 0,0.0
mean,2040,11,42,PT1 0,0.0
mean,2040,11,43,PT1 0,0.0
mean,2040,11,44,PT1 0,0.0
mean,2040,11,45,PT1 0,0.0
mean,2040,11,46,PT1 0,0.0
mean,2040,11,47,PT1 0,0.0
mean,2040,11,48,PT1 0,0.0
mean,2040,11,49,PT1 0,0.0
mean,2040,11,50,PT1 0,0.0
mean,2040,11,51,PT1 0,0.0
mean,2040,11,52,PT1 0,0.0
mean,2040,11,53,PT1 0,0.0
mean,2040,11,54,PT1 0,0.0
mean,2040,11,55,PT1 0,0.0
mean,2040,11,56,PT1 0,0.0
mean,2040,11,57,PT1 0,0.0
mean,2040,11,58,PT1 0,0.0
mean,2040,11,59,PT1 0,0.0
mean,2040,11,60,PT1 0,0.0
mean,2040,11,61,PT1 0,0.0
mean,2040,11,62,PT1 0,0.0
mean,2040,11,63,PT1 0,0.0
mean,2040,11,64,PT1 0,0.0
mean,2040,11,65,PT1 0,0.0
mean,2040,11,66,PT1 0,0.0
mean,2040,11,67,PT1 0,0.0
mean,2040,11,68,PT1 0,0.0
mean,2040,11,69,PT1 0,0.0
mean,2040,11,70,PT1 0,0.0
mean,2040,11,71,PT1 0,0.0
mean,2040,11,72,PT1 0,0.0
mean,2040,11,73,PT1 0,0.0
mean,2040,11,74,PT1 0,0.0
mean,2040,11,75,PT1 0,0.0
mean,2040,11,76,PT1 0,0.0
mean,2040,11,77,PT1 0,0.0
mean,2040,11,78,PT1 0,0.0
mean,2040,11,79,PT1 0,0.0
mean,2040,11,80,PT1 0,0.0
mean,2040,11,81,PT1 0,0.0
mean,2040,11,82,PT1 0,0.0
mean,2040,11,83,PT1 0,0.0
mean,2040,11,84,PT1 0,0.0
mean,2040,11,85,PT1 0,0.0
mean,2040,11,86,PT1 0,0.0
mean,2040,11,87,PT1 0,0.0
mean,2040,11,88,PT1 0,0.0
mean,2040,11,89,PT1 0,0.0
mean,2040,11,90,PT1 0,0.0
mean,2040,11,91,PT1 0,0.0
mean,2040,11,92,PT1 0,0.0
mean,2040,11,93,PT1 0,0.0
mean,2040,11,94,PT1 0,0.0
mean,2040,11,95,PT1 0,0.0
mean,2040,11,96,PT1 0,0.0
mean,2040,11,97,PT1 0,0.0
mean,2040,11,98,PT1 0,0.0
mean,2040,11,99,PT1 0,0.0
mean,2040,11,100,PT1 0,0.0
mean,2040,11,101,PT1 0,0.0
mean,2040,11,102,PT1 0,0.0
mean,2040,11,103,PT1 0,0.0
mean,2040,11,104,PT1 0,0.0
mean,2040,11,105,PT1 0,0.0
mean,2040,11,106,PT1 0,0.0
mean,2040,11,107,PT1 0,0.0
mean,2040,11,108,PT1 0,0.0
mean,2040,11,109,PT1 0,0.0
mean,2040,11,110,PT1 0,0.0
mean,2040,11,111,PT1 0,0.0
mean,2040,11,112,PT1 0,0.0
mean,2040,11,113,PT1 0,0.0
mean,2040,11,114,PT1 0,0.0
mean,2040,11,115,PT1 0,0.0
mean,2040,11,116,PT1 0,0.0
mean,2040,11,117,PT1 0,0.0
mean,2040,11,118,PT1 0,0.0
mean,2040,11,119,PT1 0,0.0
mean,2040,11,120,PT1 0,0.0
mean,2040,11,121,PT1 0,0.0
mean,2040,11,122,PT1 0,0.0
mean,2040,11,123,PT1 0,0.0
mean,2040,11,124,PT1 0,0.0
mean,2040,11,125,PT1 0,0.0
mean,2040,11,126,PT1 0,0.0
mean,2040,11,127,PT1 0,0.0
mean,2040,11,128,PT1 0,0.0
mean,2040,11,129,PT1 0,0.0
mean,2040,11,130,PT1 0,0.0
mean,2040,11,131,PT1 0,0.0
mean,2040,11,132,PT1 0,0.0
mean,2040,11,133,PT1 0,0.0
mean,2040,11,134,PT1 0,0.0
mean,2040,11,135,PT1 0,0.0
mean,2040,11,136,PT1 0,0.0
mean,2040,11,137,PT1 0,0.0
mean,2040,11,138,PT1 0,0.0
mean,2040,11,139,PT1 0,0.0
mean,2040,11,140,PT1 0,0.0
mean,2040,11,141,PT1 0,0.0
mean,2040,11,142,PT1 0,0.0
mean,2040,11,143,PT1 0,0.0
mean,2040,11,144,PT1 0,0.0
mean,2040,11,145,PT1 0,0.0
mean,2040,11,146,PT1 0,0.0
mean,2040,11,147,PT1 0,0.0
mean,2040,11,148,PT1 0,0.0
mean,2040,11,149,PT1 0,0.0
mean,2040,11,150,PT1 0,0.0
mean,2040,11,151,PT1 0,0.0
mean,2040,11,152,PT1 0,0.0
mean,2040,11,153,PT1 0,0.0
mean,2040,11,154,PT1 0,0.0
mean,2040,11,155,PT1 0,0.0
mean,2040,11,156,PT1 0,0.0
mean,2040,11,157,PT1 0,0.0
mean,2040,11,158,PT1 0,0.0
mean,2040,11,159,PT1 0,0.0
mean,2040,11,160,PT1 0,0.0
mean,2040,11,161,PT1 0,0.0
mean,2040,11,162,PT1 0,0.0
mean,2040,11,163,PT1 0,0.0
mean,2040,11,164,PT1 0,0.0
mean,2040,11,165,PT1 0,0.0
mean,2040,11,166,PT1 0,0.0
mean,2040,11,167,PT1 0,0.0
mean,2040,21,0,PT1 0,0.0
mean,2040,21,1,PT1 0,0.0
mean,2040,21,2,PT1 0,0.0
mean,2040,21,3,PT1 0,0.0
mean,2040,21,4,PT1 0,0.0
mean,2040,21,5,PT1 0,0.0
mean,2040,21,6,PT1 0,0.0
mean,2040,21,7,PT1 0,0.0
mean,2040,21,8,PT1 0,0.0
mean,2040,21,9,PT1 0,0.0
mean,2040,21,10,PT1 0,0.0
mean,2040,21,11,PT1 0,0.0
mean,2040,21,12,PT1 0,0.0
mean,2040,21,13,PT1 0,0.0
mean,2040,21,14,PT1 0,0.0
mean,2040,21,15,PT1 0,0.0
mean,2040,21,16,PT1 0,0.0
mean,2040,21,17,PT1 0,0.0
mean,2040,21,18,PT1 0,0.0
mean,2040,21,19,PT1 0,0.0
mean,2040,21,20,PT1 0,0.0
mean,2040,21,21,PT1 0,0.0
mean,2040,21,22,PT1 0,0.0
mean,2040,21,23,PT1 0,0.0
mean,2040,21,24,PT1 0,0.0
mean,2040,21,25,PT1 0,0.0
mean,2040,21,26,PT1 0,0.0
mean,2040,21,27,PT1 0,0.0
mean,2040,21,28,PT1 0,0.0
mean,2040,21,29,PT1 0,0.0
mean,2040,21,30,PT1 0,0.0
mean,2040,21,31,PT1 0,0.0
mean,2040,21,32,PT1 0,0.0
mean,2040,21,33,PT1 0,0.0
mean,2040,21,34,PT1 0,0.0
mean,2040,21,35,PT1 0,0.0
mean,2040,21,36,PT1 0,0.0
mean,2040,21,37,PT1 0,0.0
mean,2040,21,38,PT1 0,0.0
mean,2040,21,39,PT1 0,0.0
mean,2040,21,40,PT1 0,0.0
mean,2040,21,41,PT1 0,0.0
mean,2040,21,42,PT1 0,0.0
mean,2040,21,43,PT1 0,0.0
mean,2040,21,44,PT1 0,0.0
mean,2040,21,45,PT1 0,0.0
mean,2040,21,46,PT1 0,0.0
mean,2040,21,47,PT1 0,0.0
mean,2040,21,48,PT1 0,0.0
mean,2040,21,49,PT1 0,0.0
mean,2040,21,50,PT1 0,0.0
mean,2040,21,51,PT1 0,0.0
mean,2040,21,52,PT1 0,0.0
mean,2040,21,53,PT1 0,0.0
mean,2040,21,54,PT1 0,0.0
mean,2040,21,55,PT1 0,0.0
mean,2040,21,56,PT1 0,0.0
mean,2040,21,57,PT1 0,0.0
mean,2040,21,58,PT1 0,0.0
mean,2040,21,59,PT1 0,0.0
mean,2040,21,60,PT1 0,0.0
mean,2040,21,61,PT1 0,0.0
mean,2040,21,62,PT1 0,0.0
mean,2040,21,63,PT1 0,0.0
mean,2040,21,64,PT1 0,0.0
mean,2040,21,65,PT1 0,0.0
mean,2040,21,66,PT1 0,0.0
mean,2040,21,67,PT1 0,0.0
mean,2040,21,68,PT1 0,0.0
mean,2040,21,69,PT1 0,0.0
mean,2040,21,70,PT1 0,0.0
mean,2040,21,71,PT1 0,0.0
mean,2040,21,72,PT1 0,0.0
mean,2040,21,73,PT1 0,0.0
mean,2040,21,74,PT1 0,0.0
mean,2040,21,75,PT1 0,0.0
mean,2040,21,76,PT1 0,0.0
mean,2040,21,77,PT1 0,0.0
mean,2040,21,78,PT1 0,0.0
mean,2040,21,79,PT1 0,0.0
mean,2040,21,80,PT1 0,0.0
mean,2040,21,81,PT1 0,0.0
mean,2040,21,82,PT1 0,0.0
mean,2040,21,83,PT1 0,0.0
mean,2040,21,84,PT1 0,0.0
mean,2040,21,85,PT1 0,0.0
mean,2040,21,86,PT1 0,0.0
mean,2040,21,87,PT1 0,0.0
mean,2040,21,88,PT1 0,0.0
mean,2040,21,89,PT1 0,0.0
mean,2040,21,90,PT1 0,0.0
mean,2040,21,91,PT1 0,0.0
mean,2040,21,92,PT1 0,0.0
mean,2040,21,93,PT1 0,0.0
mean,2040,21,94,PT1 0,0.0
mean,2040,21,95,PT1 0,0.0
mean,2040,21,96,PT1 0,0.0
mean,2040,21,97,PT1 0,0.0
mean,2040,21,98,PT1 0,0.0
mean,2040,21,99,PT1 0,0.0
mean,2040,21,100,PT1 0,0.0
mean,2040,21,101,PT1 0,0.0
mean,2040,21,102,PT1 0,0.0
mean,2040,21,103,PT1 0,0.0
mean,2040,21,104,PT1 0,0.0
mean,2040,21,105,PT1 0,0.0
mean,2040,21,106,PT1 0,0.0
mean,2040,21,107,PT1 0,0.0
mean,2040,21,108,PT1 0,0.0
mean,2040,21,109,PT1 0,0.0
mean,2040,21,110,PT1 0,0.0
mean,2040,21,111,PT1 0,0.0
mean,2040,21,112,PT1 0,0.0
mean,2040,21,113,PT1 0,0.0
mean,2040,21,114,PT1 0,0.0
mean,2040,21,115,PT1 0,0.0
mean,2040,21,116,PT1 0,0.0
mean,2040,21,117,PT1 0,0.0
mean,2040,21,118,PT1 0,0.0
mean,2040,21,119,PT1 0,0.0
mean,2040,21,120,PT1 0,0.0
mean,2040,21,121,PT1 0,0.0
mean,2040,21,122,PT1 0,0.0
mean,2040,21,123,PT1 0,0.0
mean,2040,21,124,PT1 0,0.0
mean,2040,21,125,PT1 0,0.0
mean,2040,21,126,PT1 0,0.0
mean,2040,21,127,PT1 0,0.0
mean,2040,21,128,PT1 0,0.0
mean,2040,21,129,PT1 0,0.0
mean,2040,21,130,PT1 0,0.0
mean,2040,21,131,PT1 0,0.0
mean,2040,21,132,PT1 0,0.0
mean,2040,21,133,PT1 0,0.0
mean,2040,21,134,PT1 0,0.0
mean,2040,21,135,PT1 0,0.0
mean,2040,21,136,PT1 0,0.0
mean,2040,21,137,PT1 0,0.0
mean,2040,21,138,PT1 0,0.0
mean,2040,21,139,PT1 0,0.0
mean,2040,21,140,PT1 0,0.0
mean,2040,21,141,PT1 0,0.0
mean,2040,21,142,PT1 0,0.0
mean,2040,21,143,PT1 0,0.0
mean,2040,21,144,PT1 0,0.0
mean,2040,21,145,PT1 0,0.0
mean,2040,21,146,PT1 0,0.0
mean,2040,21,147,PT1 0,0.0
mean,2040,21,148,PT1 0,0.0
mean,2040,21,149,PT1 0,0.0
mean,2040,21,150,PT1 0,0.0
mean,2040,21,151,PT1 0,0.0
mean,2040,21,152,PT1 0,0.0
mean,2040,21,153,PT1 0,0.0
mean,2040,21,154,PT1 0,0.0
mean,2040,21,155,PT1 0,0.0
mean,2040,21,156,PT1 0,0.0
mean,2040,21,157,PT1 0,0.0
mean,2040,21,158,PT1 0,0.0
mean,2040,21,159,PT1 0,0.0
mean,2040,21,160,PT1 0,0.0
mean,2040,21,161,PT1 0,0.0
mean,2040,21,162,PT1 0,0.0
mean,2040,21,163,PT1 0,0.0
mean,2040,21,164,PT1 0,0.0
mean,2040,21,165,PT1 0,0.0
mean,2040,21,166,PT1 0,0.0
mean,2040,21,167,PT1 0,0.0
mean,2040,42,0,PT1 0,0.0
mean,2040,42,1,PT1 0,0.0
mean,2040,42,2,PT1 0,0.0
mean,2040,42,3,PT1 0,0.0
mean,2040,42,4,PT1 0,0.0
mean,2040,42,5,PT1 0,0.0
mean,2040,42,6,PT1 0,0.0
mean,2040,42,7,PT1 0,0.0
mean,2040,42,8,PT1 0,0.0
mean,2040,42,9,PT1 0,0.0
mean,2040,42,10,PT1 0,0.0
mean,2040,42,11,PT1 0,0.0
mean,2040,42,12,PT1 0,0.0
mean,2040,42,13,PT1 0,0.0
mean,2040,42,14,PT1 0,0.0
mean,2040,42,15,PT1 0,0.0
mean,2040,42,16,PT1 0,0.0
mean,2040,42,17,PT1 0,0.0
mean,2040,42,18,PT1 0,0.0
mean,2040,42,19,PT1 0,0.0
mean,2040,42,20,PT1 0,0.0
mean,2040,42,21,PT1 0,0.0
mean,2040,42,22,PT1 0,0.0
mean,2040,42,23,PT1 0,0.0
mean,2040,42,24,PT1 0,0.0
mean,2040,42,25,PT1 0,0.0
mean,2040,42,26,PT1 0,0.0
mean,2040,42,27,PT1 0,0.0
mean,2040,42,28,PT1 0,0.0
mean,2040,42,29,PT1 0,0.0
mean,2040,42,30,PT1 0,0.0
mean,2040,42,31,PT1 0,0.0
mean,2040,42,32,PT1 0,0.0
mean,2040,42,33,PT1 0,0.0
mean,2040,42,34,PT1 0,0.0
mean,2040,42,35,PT1 0,0.0
mean,2040,42,36,PT1 0,0.0
mean,2040,42,37,PT1 0,0.0
mean,2040,42,38,PT1 0,0.0
mean,2040,42,39,PT1 0,0.0
mean,2040,42,40,PT1 0,0.0
mean,2040,42,41,PT1 0,0.0
mean,2040,42,42,PT1 0,0.0
mean,2040,42,43,PT1 0,0.0
mean,2040,42,44,PT1 0,0.0
mean,2040,42,45,PT1 0,0.0
mean,2040,42,46,PT1 0,0.0
mean,2040,42,47,PT1 0,0.0
mean,2040,42,48,PT1 0,0.0
mean,2040,42,49,PT1 0,0.0
mean,2040,42,50,PT1 0,0.0
mean,2040,42,51,PT1 0,0.0
mean,2040,42,52,PT1 0,0.0
mean,2040,42,53,PT1 0,0.0
mean,2040,42,54,PT1 0,0.0
mean,2040,42,55,PT1 0,0.0
mean,2040,42,56,PT1 0,0.0
mean,2040,42,57,PT1 0,0.0
mean,2040,42,58,PT1 0,0.0
mean,2040,42,59,PT1 0,0.0
mean,2040,42,60,PT1 0,0.0
mean,2040,42,61,PT1 0,0.0
mean,2040,42,62,PT1 0,0.0
mean,2040,42,63,PT1 0,0.0
mean,2040,42,64,PT1 0,0.0
mean,2040,42,65,PT1 0,0.0
mean,2040,42,66,PT1 0,0.0
mean,2040,42,67,PT1 0,0.0
mean,2040,42,68,PT1 0,0.0
mean,2040,42,69,PT1 0,0.0
mean,2040,42,70,PT1 0,0.0
mean,2040,42,71,PT1 0,0.0
mean,2040,42,72,PT1 0,0.0
mean,2040,42,73,PT1 0,0.0
mean,2040,42,74,PT1 0,0.0
mean,2040,42,75,PT1 0,0.0
mean,2040,42,76,PT1 0,0.0
mean,2040,42,77,PT1 0,0.0
mean,2040,42,78,PT1 0,0.0
mean,2040,42,79,PT1 0,0.0
mean,2040,42,80,PT1 0,0.0
mean,2040,42,81,PT1 0,0.0
mean,2040,42,82,PT1 0,0.0
mean,2040,42,83,PT1 0,0.0
mean,2040,42,84,PT1 0,0.0
mean,2040,42,85,PT1 0,0.0
mean,2040,42,86,PT1 0,0.0
mean,2040,42,87,PT1 0,0.0
mean,2040,42,88,PT1 0,0.0
mean,2040,42,89,PT1 0,0.0
mean,2040,42,90,PT1 0,0.0
mean,2040,42,91,PT1 0,0.0
mean,2040,42,92,PT1 0,0.0
mean,2040,42,93,PT1 0,0.0
mean,2040,42,94,PT1 0,0.0
mean,2040,42,95,PT1 0,0.0
mean,2040,42,96,PT1 0,0.0
mean,2040,42,97,PT1 0,0.0
mean,2040,42,98,PT1 0,0.0
mean,2040,42,99,PT1 0,0.0
mean,2040,42,100,PT1 0,0.0
mean,2040,42,101,PT1 0,0.0
mean,2040,42,102,PT1 0,0.0
mean,2040,42,103,PT1 0,0.0
mean,2040,42,104,PT1 0,0.0
mean,2040,42,105,PT1 0,0.0
mean,2040,42,106,PT1 0,0.0
mean,2040,42,107,PT1 0,0.0
mean,2040,42,108,PT1 0,0.0
mean,2040,42,109,PT1 0,0.0
mean,2040,42,110,PT1 0,0.0
mean,2040,42,111,PT1 0,0.0
mean,2040,42,112,PT1 0,0.0
mean,2040,42,113,PT1 0,0.0
mean,2040,42,114,PT1 0,0.0
mean,2040,42,115,PT1 0,0.0
mean,2040,42,116,PT1 0,0.0
mean,2040,42,117,PT1 0,0.0
mean,2040,42,118,PT1 0,0.0
mean,2040,42,119,PT1 0,0.0
mean,2040,42,120,PT1 0,0.0
mean,2040,42,121,PT1 0,0.0
mean,2040,42,122,PT1 0,0.0
mean,2040,42,123,PT1 0,0.0
mean,2040,42,124,PT1 0,0.0
mean,2040,42,125,PT1 0,0.0
mean,2040,42,126,PT1 0,0.0
mean,2040,42,127,PT1 0,0.0
mean,2040,42,128,PT1 0,0.0
mean,2040,42,129,PT1 0,0.0
mean,2040,42,130,PT1 0,0.0
mean,2040,42,131,PT1 0,0.0
mean,2040,42,132,PT1 0,0.0
mean,2040,42,133,PT1 0,0.0
mean,2040,42,134,PT1 0,0.0
mean,2040,42,135,PT1 0,0.0
mean,2040,42,136,PT1 0,0.0
mean,2040,42,137,PT1 0,0.0
mean,2040,42,138,PT1 0,0.0
mean,2040,42,139,PT1 0,0.0
mean,2040,42,140,PT1 0,0.0
mean,2040,42,141,PT1 0,0.0
mean,2040,42,142,PT1 0,0.0
mean,2040,42,143,PT1 0,0.0
mean,2040,42,144,PT1 0,0.0
mean,2040,42,145,PT1 0,0.0
mean,2040,42,146,PT1 0,0.0
mean,2040,42,147,PT1 0,0.0
mean,2040,42,148,PT1 0,0.0
mean,2040,42,149,PT1 0,0.0
mean,2040,42,150,PT1 0,0.0
mean,2040,42,151,PT1 0,0.0
mean,2040,42,152,PT1 0,0.0
mean,2040,42,153,PT1 0,0.0
mean,2040,42,154,PT1 0,0.0
mean,2040,42,155,PT1 0,0.0
mean,2040,42,156,PT1 0,0.0
mean,2040,42,157,PT1 0,0.0
mean,2040,42,158,PT1 0,0.0
mean,2040,42,159,PT1 0,0.0
mean,2040,42,160,PT1 0,0.0
mean,2040,42,161,PT1 0,0.0
mean,2040,42,162,PT1 0,0.0
mean,2040,42,163,PT1 0,0.0
mean,2040,42,164,PT1 0,0.0
mean,2040,42,165,PT1 0,0.0
mean,2040,42,166,PT1 0,0.0
mean,2040,42,167,PT1 0,0.0
mean,2040,52,0,PT1 0,0.0
mean,2040,52,1,PT1 0,0.0
mean,2040,52,2,PT1 0,0.0
mean,2040,52,3,PT1 0,0.0
mean,2040,52,4,PT1 0,0.0
mean,2040,52,5,PT1 0,0.0
mean,2040,52,6,PT1 0,0.0
mean,2040,52,7,PT1 0,0.0
mean,2040,52,8,PT1 0,0.0
mean,2040,52,9,PT1 0,0.0
mean,2040,52,10,PT1 0,0.0
mean,2040,52,11,PT1 0,0.0
mean,2040,52,12,PT1 0,0.0
mean,2040,52,13,PT1 0,0.0
mean,2040,52,14,PT1 0,0.0
mean,2040,52,15,PT1 0,0.0
mean,2040,52,16,PT1 0,0.0
mean,2040,52,17,PT1 0,0.0
mean,2040,52,18,PT1 0,0.0
mean,2040,52,19,PT1 0,0.0
mean,2040,52,20,PT1 0,0.0
mean,2040,52,21,PT1 0,0.0
mean,2040,52,22,PT1 0,0.0
mean,2040,52,23,PT1 0,0.0
mean,2040,52,24,PT1 0,0.0
mean,2040,52,25,PT1 0,0.0
mean,2040,52,26,PT1 0,0.0
mean,2040,52,27,PT1 0,0.0
mean,2040,52,28,PT1 0,0.0
mean,2040,52,29,PT1 0,0.0
mean,2040,52,30,PT1 0,0.0
mean,2040,52,31,PT1 0,0.0
mean,2040,52,32,PT1 0,0.0
mean,2040,52,33,PT1 0,0.0
mean,2040,52,34,PT1 0,0.0
mean,2040,52,35,PT1 0,0.0
mean,2040,52,36,PT1 0,0.0
mean,2040,52,37,PT1 0,0.0
mean,2040,52,38,PT1 0,0.0
mean,2040,52,39,PT1 0,0.0
mean,2040,52,40,PT1 0,0.0
mean,2040,52,41,PT1 0,0.0
mean,2040,52,42,PT1 0,0.0
mean,2040,52,43,PT1 0,0.0
mean,2040,52,44,PT1 0,0.0
mean,2040,52,45,PT1 0,0.0
mean,2040,52,46,PT1 0,0.0
mean,2040,52,47,PT1 0,0.0
mean,2040,52,48,PT1 0,0.0
mean,2040,52,49,PT1 0,0.0
mean,2040,52,50,PT1 0,0.0
mean,2040,52,51,PT1 0,0.0
mean,2040,52,52,PT1 0,0.0
mean,2040,52,53,PT1 0,0.0
mean,2040,52,54,PT1 0,0.0
mean,2040,52,55,PT1 0,0.0
mean,2040,52,56,PT1 0,0.0
mean,2040,52,57,PT1 0,0.0
mean,2040,52,58,PT1 0,0.0
mean,2040,52,59,PT1 0,0.0
mean,2040,52,60,PT1 0,0.0
mean,2040,52,61,PT1 0,0.0
mean,2040,52,62,PT1 0,0.0
mean,2040,52,63,PT1 0,0.0
mean,2040,52,64,PT1 0,0.0
mean,2040,52,65,PT1 0,0.0
mean,2040,52,66,PT1 0,0.0
mean,2040,52,67,PT1 0,0.0
mean,2040,52,68,PT1 0,0.0
mean,2040,52,69,PT1 0,0.0
mean,2040,52,70,PT1 0,0.0
mean,2040,52,71,PT1 0,0.0
mean,2040,52,72,PT1 0,0.0
mean,2040,52,73,PT1 0,0.0
mean,2040,52,74,PT1 0,0.0
mean,2040,52,75,PT1 0,0.0
mean,2040,52,76,PT1 0,0.0
mean,2040,52,77,PT1 0,0.0
mean,2040,52,78,PT1 0,0.0
mean,2040,52,79,PT1 0,0.0
mean,2040,52,80,PT1 0,0.0
mean,2040,52,81,PT1 0,0.0
mean,2040,52,82,PT1 0,0.0
mean,2040,52,83,PT1 0,0.0
mean,2040,52,84,PT1 0,0.0
mean,2040,52,85,PT1 0,0.0
mean,2040,52,86,PT1 0,0.0
mean,2040,52,87,PT1 0,0.0
mean,2040,52,88,PT1 0,0.0
mean,2040,52,89,PT1 0,0.0
mean,2040,52,90,PT1 0,0.0
mean,2040,52,91,PT1 0,0.0
mean,2040,52,92,PT1 0,0.0
mean,2040,52,93,PT1 0,0.0
mean,2040,52,94,PT1 0,0.0
mean,2040,52,95,PT1 0,0.0
mean,2040,52,96,PT1 0,0.0
mean,2040,52,97,PT1 0,0.0
mean,2040,52,98,PT1 0,0.0
mean,2040,52,99,PT1 0,0.0
mean,2040,52,100,PT1 0,0.0
mean,2040,52,101,PT1 0,0.0
mean,2040,52,102,PT1 0,0.0
mean,2040,52,103,PT1 0,0.0
mean,2040,52,104,PT1 0,0.0
mean,2040,52,105,PT1 0,0.0
mean,2040,52,106,PT1 0,0.0
mean,2040,52,107,PT1 0,0.0
mean,2040,52,108,PT1 0,0.0
mean,2040,52,109,PT1 0,0.0
mean,2040,52,110,PT1 0,0.0
mean,2040,52,111,PT1 0,0.0
mean,2040,52,112,PT1 0,0.0
mean,2040,52,113,PT1 0,0.0
mean,2040,52,114,PT1 0,0.0
mean,2040,52,115,PT1 0,0.0
mean,2040,52,116,PT1 0,0.0
mean,2040,52,117,PT1 0,0.0
mean,2040,52,118,PT1 0,0.0
mean,2040,52,119,PT1 0,0.0
mean,2040,52,120,PT1 0,0.0
mean,2040,52,121,PT1 0,0.0
mean,2040,52,122,PT1 0,0.0
mean,2040,52,123,PT1 0,0.0
mean,2040,52,124,PT1 0,0.0
mean,2040,52,125,PT1 0,0.0
mean,2040,52,126,PT1 0,0.0
mean,2040,52,127,PT1 0,0.0
mean,2040,52,128,PT1 0,0.0
mean,2040,52,129,PT1 0,0.0
mean,2040,52,130,PT1 0,0.0
mean,2040,52,131,PT1 0,0.0
mean,2040,52,132,PT1 0,0.0
mean,2040,52,133,PT1 0,0.0
mean,2040,52,134,PT1 0,0.0
mean,2040,52,135,PT1 0,0.0
mean,2040,52,136,PT1 0,0.0
mean,2040,52,137,PT1 0,0.0
mean,2040,52,138,PT1 0,0.0
mean,2040,52,139,PT1 0,0.0
mean,2040,52,140,PT1 0,0.0
mean,2040,52,141,PT1 0,0.0
mean,2040,52,142,PT1 0,0.0
mean,2040,52,143,PT1 0,0.0
mean,2040,52,144,PT1 0,0.0
mean,2040,52,145,PT1 0,0.0
mean,2040,52,146,PT1 0,0.0
mean,2040,52,147,PT1 0,0.0
mean,2040,52,148,PT1 0,0.0
mean,2040,52,149,PT1 0,0.0
mean,2040,52,150,PT1 0,0.0
mean,2040,52,151,PT1 0,0.0
mean,2040,52,152,PT1 0,0.0
mean,2040,52,153,PT1 0,0.0
mean,2040,52,154,PT1 0,0.0
mean,2040,52,155,PT1 0,0.0
mean,2040,52,156,PT1 0,0.0
mean,2040,52,157,PT1 0,0.0
mean,2040,52,158,PT1 0,0.0
mean,2040,52,159,PT1 0,0.0
mean,2040,52,160,PT1 0,0.0
mean,2040,52,161,PT1 0,0.0
mean,2040,52,162,PT1 0,0.0
mean,2040,52,163,PT1 0,0.0
mean,2040,52,164,PT1 0,0.0
mean,2040,52,165,PT1 0,0.0
mean,2040,52,166,PT1 0,0.0
mean,2040,52,167,PT1 0,0.0
mean,2050,11,0,PT1 0,0.0
mean,2050,11,1,PT1 0,0.0
mean,2050,11,2,PT1 0,0.0
mean,2050,11,3,PT1 0,0.0
mean,2050,11,4,PT1 0,0.0
mean,2050,11,5,PT1 0,0.0
mean,2050,11,6,PT1 0,0.0
mean,2050,11,7,PT1 0,0.0
mean,2050,11,8,PT1 0,0.0
mean,2050,11,9,PT1 0,0.0
mean,2050,11,10,PT1 0,0.0
mean,2050,11,11,PT1 0,0.0
mean,2050,11,12,PT1 0,0.0
mean,2050,11,13,PT1 0,0.0
mean,2050,11,14,PT1 0,0.0
mean,2050,11,15,PT1 0,0.0
mean,2050,11,16,PT1 0,0.0
mean,2050,11,17,PT1 0,0.0
mean,2050,11,18,PT1 0,0.0
mean,2050,11,19,PT1 0,0.0
mean,2050,11,20,PT1 0,0.0
mean,2050,11,21,PT1 0,0.0
mean,2050,11,22,PT1 0,0.0
mean,2050,11,23,PT1 0,0.0
mean,2050,11,24,PT1 0,0.0
mean,2050,11,25,PT1 0,0.0
mean,2050,11,26,PT1 0,0.0
mean,2050,11,27,PT1 0,0.0
mean,2050,11,28,PT1 0,0.0
mean,2050,11,29,PT1 0,0.0
mean,2050,11,30,PT1 0,0.0
mean,2050,11,31,PT1 0,0.0
mean,2050,11,32,PT1 0,0.0
mean,2050,11,33,PT1 0,0.0
mean,2050,11,34,PT1 0,0.0
mean,2050,11,35,PT1 0,0.0
mean,2050,11,36,PT1 0,0.0
mean,2050,11,37,PT1 0,0.0
mean,2050,11,38,PT1 0,0.0
mean,2050,11,39,PT1 0,0.0
mean,2050,11,40,PT1 0,0.0
mean,2050,11,41,PT1 0,0.0
mean,2050,11,42,PT1 0,0.0
mean,2050,11,43,PT1 0,0.0
mean,2050,11,44,PT1 0,0.0
mean,2050,11,45,PT1 0,0.0
mean,2050,11,46,PT1 0,0.0
mean,2050,11,47,PT1 0,0.0
mean,2050,11,48,PT1 0,0.0
mean,2050,11,49,PT1 0,0.0
mean,2050,11,50,PT1 0,0.0
mean,2050,11,51,PT1 0,0.0
mean,2050,11,52,PT1 0,0.0
mean,2050,11,53,PT1 0,0.0
mean,2050,11,54,PT1 0,0.0
mean,2050,11,55,PT1 0,0.0
mean,2050,11,56,PT1 0,0.0
mean,2050,11,57,PT1 0,0.0
mean,2050,11,58,PT1 0,0.0
mean,2050,11,59,PT1 0,0.0
mean,2050,11,60,PT1 0,0.0
mean,2050,11,61,PT1 0,0.0
mean,2050,11,62,PT1 0,0.0
mean,2050,11,63,PT1 0,0.0
mean,2050,11,64,PT1 0,0.0
mean,2050,11,65,PT1 0,0.0
mean,2050,11,66,PT1 0,0.0
mean,2050,11,67,PT1 0,0.0
mean,2050,11,68,PT1 0,0.0
mean,2050,11,69,PT1 0,0.0
mean,2050,11,70,PT1 0,0.0
mean,2050,11,71,PT1 0,0.0
mean,2050,11,72,PT1 0,0.0
mean,2050,11,73,PT1 0,0.0
mean,2050,11,74,PT1 0,0.0
mean,2050,11,75,PT1 0,0.0
mean,2050,11,76,PT1 0,0.0
mean,2050,11,77,PT1 0,0.0
mean,2050,11,78,PT1 0,0.0
mean,2050,11,79,PT1 0,0.0
mean,2050,11,80,PT1 0,0.0
mean,2050,11,81,PT1 0,0.0
mean,2050,11,82,PT1 0,0.0
mean,2050,11,83,PT1 0,0.0
mean,2050,11,84,PT1 0,0.0
mean,2050,11,85,PT1 0,0.0
mean,2050,11,86,PT1 0,0.0
mean,2050,11,87,PT1 0,0.0
mean,2050,11,88,PT1 0,0.0
mean,2050,11,89,PT1 0,0.0
mean,2050,11,90,PT1 0,0.0
mean,2050,11,91,PT1 0,0.0
mean,2050,11,92,PT1 0,0.0
mean,2050,11,93,PT1 0,0.0
mean,2050,11,94,PT1 0,0.0
mean,2050,11,95,PT1 0,0.0
mean,2050,11,96,PT1 0,0.0
mean,2050,11,97,PT1 0,0.0
mean,2050,11,98,PT1 0,0.0
mean,2050,11,99,PT1 0,0.0
mean,2050,11,100,PT1 0,0.0
mean,2050,11,101,PT1 0,0.0
mean,2050,11,102,PT1 0,0.0
mean,2050,11,103,PT1 0,0.0
mean,2050,11,104,PT1 0,0.0
mean,2050,11,105,PT1 0,0.0
mean,2050,11,106,PT1 0,0.0
mean,2050,11,107,PT1 0,0.0
mean,2050,11,108,PT1 0,0.0
mean,2050,11,109,PT1 0,0.0
mean,2050,11,110,PT1 0,0.0
mean,2050,11,111,PT1 0,0.0
mean,2050,11,112,PT1 0,0.0
mean,2050,11,113,PT1 0,0.0
mean,2050,11,114,PT1 0,0.0
mean,2050,11,115,PT1 0,0.0
mean,2050,11,116,PT1 0,0.0
mean,2050,11,117,PT1 0,0.0
mean,2050,11,118,PT1 0,0.0
mean,2050,11,119,PT1 0,0.0
mean,2050,11,120,PT1 0,0.0
mean,2050,11,121,PT1 0,0.0
mean,2050,11,122,PT1 0,0.0
mean,2050,11,123,PT1 0,0.0
mean,2050,11,124,PT1 0,0.0
mean,2050,11,125,PT1 0,0.0
mean,2050,11,126,PT1 0,0.0
mean,2050,11,127,PT1 0,0.0
mean,2050,11,128,PT1 0,0.0
mean,2050,11,129,PT1 0,0.0
mean,2050,11,130,PT1 0,0.0
mean,2050,11,131,PT1 0,0.0
mean,2050,11,132,PT1 0,0.0
mean,2050,11,133,PT1 0,0.0
mean,2050,11,134,PT1 0,0.0
mean,2050,11,135,PT1 0,0.0
mean,2050,11,136,PT1 0,0.0
mean,2050,11,137,PT1 0,0.0
mean,2050,11,138,PT1 0,0.0
mean,2050,11,139,PT1 0,0.0
mean,2050,11,140,PT1 0,0.0
mean,2050,11,141,PT1 0,0.0
mean,2050,11,142,PT1 0,0.0
mean,2050,11,143,PT1 0,0.0
mean,2050,11,144,PT1 0,0.0
mean,2050,11,145,PT1 0,0.0
mean,2050,11,146,PT1 0,0.0
mean,2050,11,147,PT1 0,0.0
mean,2050,11,148,PT1 0,0.0
mean,2050,11,149,PT1 0,0.0
mean,2050,11,150,PT1 0,0.0
mean,2050,11,151,PT1 0,0.0
mean,2050,11,152,PT1 0,0.0
mean,2050,11,153,PT1 0,0.0
mean,2050,11,154,PT1 0,0.0
mean,2050,11,155,PT1 0,0.0
mean,2050,11,156,PT1 0,0.0
mean,2050,11,157,PT1 0,0.0
mean,2050,11,158,PT1 0,0.0
mean,2050,11,159,PT1 0,0.0
mean,2050,11,160,PT1 0,0.0
mean,2050,11,161,PT1 0,0.0
mean,2050,11,162,PT1 0,0.0
mean,2050,11,163,PT1 0,0.0
mean,2050,11,164,PT1 0,0.0
mean,2050,11,165,PT1 0,0.0
mean,2050,11,166,PT1 0,0.0
mean,2050,11,167,PT1 0,0.0
mean,2050,21,0,PT1 0,0.0
mean,2050,21,1,PT1 0,0.0
mean,2050,21,2,PT1 0,0.0
mean,2050,21,3,PT1 0,0.0
mean,2050,21,4,PT1 0,0.0
mean,2050,21,5,PT1 0,0.0
mean,2050,21,6,PT1 0,0.0
mean,2050,21,7,PT1 0,0.0
mean,2050,21,8,PT1 0,0.0
mean,2050,21,9,PT1 0,0.0
mean,2050,21,10,PT1 0,0.0
mean,2050,21,11,PT1 0,0.0
mean,2050,21,12,PT1 0,0.0
mean,2050,21,13,PT1 0,0.0
mean,2050,21,14,PT1 0,0.0
mean,2050,21,15,PT1 0,0.0
mean,2050,21,16,PT1 0,0.0
mean,2050,21,17,PT1 0,0.0
mean,2050,21,18,PT1 0,0.0
mean,2050,21,19,PT1 0,0.0
mean,2050,21,20,PT1 0,0.0
mean,2050,21,21,PT1 0,0.0
mean,2050,21,22,PT1 0,0.0
mean,2050,21,23,PT1 0,0.0
mean,2050,21,24,PT1 0,0.0
mean,2050,21,25,PT1 0,0.0
mean,2050,21,26,PT1 0,0.0
mean,2050,21,27,PT1 0,0.0
mean,2050,21,28,PT1 0,0.0
mean,2050,21,29,PT1 0,0.0
mean,2050,21,30,PT1 0,0.0
mean,2050,21,31,PT1 0,0.0
mean,2050,21,32,PT1 0,0.0
mean,2050,21,33,PT1 0,0.0
mean,2050,21,34,PT1 0,0.0
mean,2050,21,35,PT1 0,0.0
mean,2050,21,36,PT1 0,0.0
mean,2050,21,37,PT1 0,0.0
mean,2050,21,38,PT1 0,0.0
mean,2050,21,39,PT1 0,0.0
mean,2050,21,40,PT1 0,0.0
mean,2050,21,41,PT1 0,0.0
mean,2050,21,42,PT1 0,0.0
mean,2050,21,43,PT1 0,0.0
mean,2050,21,44,PT1 0,0.0
mean,2050,21,45,PT1 0,0.0
mean,2050,21,46,PT1 0,0.0
mean,2050,21,47,PT1 0,0.0
mean,2050,21,48,PT1 0,0.0
mean,2050,21,49,PT1 0,0.0
mean,2050,21,50,PT1 0,0.0
mean,2050,21,51,PT1 0,0.0
mean,2050,21,52,PT1 0,0.0
mean,2050,21,53,PT1 0,0.0
mean,2050,21,54,PT1 0,0.0
mean,2050,21,55,PT1 0,0.0
mean,2050,21,56,PT1 0,0.0
mean,2050,21,57,PT1 0,0.0
mean,2050,21,58,PT1 0,0.0
mean,2050,21,59,PT1 0,0.0
mean,2050,21,60,PT1 0,0.0
mean,2050,21,61,PT1 0,0.0
mean,2050,21,62,PT1 0,0.0
mean,2050,21,63,PT1 0,0.0
mean,2050,21,64,PT1 0,0.0
mean,2050,21,65,PT1 0,0.0
mean,2050,21,66,PT1 0,0.0
mean,2050,21,67,PT1 0,0.0
mean,2050,21,68,PT1 0,0.0
mean,2050,21,69,PT1 0,0.0
mean,2050,21,70,PT1 0,0.0
mean,2050,21,71,PT1 0,0.0
mean,2050,21,72,PT1 0,0.0
mean,2050,21,73,PT1 0,0.0
mean,2050,21,74,PT1 0,0.0
mean,2050,21,75,PT1 0,0.0
mean,2050,21,76,PT1 0,0.0
mean,2050,21,77,PT1 0,0.0
mean,2050,21,78,PT1 0,0.0
mean,2050,21,79,PT1 0,0.0
mean,2050,21,80,PT1 0,0.0
mean,2050,21,81,PT1 0,0.0
mean,2050,21,82,PT1 0,0.0
mean,2050,21,83,PT1 0,0.0
mean,2050,21,84,PT1 0,0.0
mean,2050,21,85,PT1 0,0.0
mean,2050,21,86,PT1 0,0.0
mean,2050,21,87,PT1 0,0.0
mean,2050,21,88,PT1 0,0.0
mean,2050,21,89,PT1 0,0.0
mean,2050,21,90,PT1 0,0.0
mean,2050,21,91,PT1 0,0.0
mean,2050,21,92,PT1 0,0.0
mean,2050,21,93,PT1 0,0.0
mean,2050,21,94,PT1 0,0.0
mean,2050,21,95,PT1 0,0.0
mean,2050,21,96,PT1 0,0.0
mean,2050,21,97,PT1 0,0.0
mean,2050,21,98,PT1 0,0.0
mean,2050,21,99,PT1 0,0.0
mean,2050,21,100,PT1 0,0.0
mean,2050,21,101,PT1 0,0.0
mean,2050,21,102,PT1 0,0.0
mean,2050,21,103,PT1 0,0.0
mean,2050,21,104,PT1 0,0.0
mean,2050,21,105,PT1 0,0.0
mean,2050,21,106,PT1 0,0.0
mean,2050,21,107,PT1 0,0.0
mean,2050,21,108,PT1 0,0.0
mean,2050,21,109,PT1 0,0.0
mean,2050,21,110,PT1 0,0.0
mean,2050,21,111,PT1 0,0.0
mean,2050,21,112,PT1 0,0.0
mean,2050,21,113,PT1 0,0.0
mean,2050,21,114,PT1 0,0.0
mean,2050,21,115,PT1 0,0.0
mean,2050,21,116,PT1 0,0.0
mean,2050,21,117,PT1 0,0.0
mean,2050,21,118,PT1 0,0.0
mean,2050,21,119,PT1 0,0.0
mean,2050,21,120,PT1 0,0.0
mean,2050,21,121,PT1 0,0.0
mean,2050,21,122,PT1 0,0.0
mean,2050,21,123,PT1 0,0.0
mean,2050,21,124,PT1 0,0.0
mean,2050,21,125,PT1 0,0.0
mean,2050,21,126,PT1 0,0.0
mean,2050,21,127,PT1 0,0.0
mean,2050,21,128,PT1 0,0.0
mean,2050,21,129,PT1 0,0.0
mean,2050,21,130,PT1 0,0.0
mean,2050,21,131,PT1 0,0.0
mean,2050,21,132,PT1 0,0.0
mean,2050,21,133,PT1 0,0.0
mean,2050,21,134,PT1 0,0.0
mean,2050,21,135,PT1 0,0.0
mean,2050,21,136,PT1 0,0.0
mean,2050,21,137,PT1 0,0.0
mean,2050,21,138,PT1 0,0.0
mean,2050,21,139,PT1 0,0.0
mean,2050,21,140,PT1 0,0.0
mean,2050,21,141,PT1 0,0.0
mean,2050,21,142,PT1 0,0.0
mean,2050,21,143,PT1 0,0.0
mean,2050,21,144,PT1 0,0.0
mean,2050,21,145,PT1 0,0.0
mean,2050,21,146,PT1 0,0.0
mean,2050,21,147,PT1 0,0.0
mean,2050,21,148,PT1 0,0.0
mean,2050,21,149,PT1 0,0.0
mean,2050,21,150,PT1 0,0.0
mean,2050,21,151,PT1 0,0.0
mean,2050,21,152,PT1 0,0.0
mean,2050,21,153,PT1 0,0.0
mean,2050,21,154,PT1 0,0.0
mean,2050,21,155,PT1 0,0.0
mean,2050,21,156,PT1 0,0.0
mean,2050,21,157,PT1 0,0.0
mean,2050,21,158,PT1 0,0.0
mean,2050,21,159,PT1 0,0.0
mean,2050,21,160,PT1 0,0.0
mean,2050,21,161,PT1 0,0.0
mean,2050,21,162,PT1 0,0.0
mean,2050,21,163,PT1 0,0.0
mean,2050,21,164,PT1 0,0.0
mean,2050,21,165,PT1 0,0.0
mean,2050,21,166,PT1 0,0.0
mean,2050,21,167,PT1 0,0.0
mean,2050,42,0,PT1 0,0.0
mean,2050,42,1,PT1 0,0.0
mean,2050,42,2,PT1 0,0.0
mean,2050,42,3,PT1 0,0.0
mean,2050,42,4,PT1 0,0.0
mean,2050,42,5,PT1 0,0.0
mean,2050,42,6,PT1 0,0.0
mean,2050,42,7,PT1 0,0.0
mean,2050,42,8,PT1 0,0.0
mean,2050,42,9,PT1 0,0.0
mean,2050,42,10,PT1 0,0.0
mean,2050,42,11,PT1 0,0.0
mean,2050,42,12,PT1 0,0.0
mean,2050,42,13,PT1 0,0.0
mean,2050,42,14,PT1 0,0.0
mean,2050,42,15,PT1 0,0.0
mean,2050,42,16,PT1 0,0.0
mean,2050,42,17,PT1 0,0.0
mean,2050,42,18,PT1 0,0.0
mean,2050,42,19,PT1 0,0.0
mean,2050,42,20,PT1 0,0.0
mean,2050,42,21,PT1 0,0.0
mean,2050,42,22,PT1 0,0.0
mean,2050,42,23,PT1 0,0.0
mean,2050,42,24,PT1 0,0.0
mean,2050,42,25,PT1 0,0.0
mean,2050,42,26,PT1 0,0.0
mean,2050,42,27,PT1 0,0.0
mean,2050,42,28,PT1 0,0.0
mean,2050,42,29,PT1 0,0.0
mean,2050,42,30,PT1 0,0.0
mean,2050,42,31,PT1 0,0.0
mean,2050,42,32,PT1 0,0.0
mean,2050,42,33,PT1 0,0.0
mean,2050,42,34,PT1 0,0.0
mean,2050,42,35,PT1 0,0.0
mean,2050,42,36,PT1 0,0.0
mean,2050,42,37,PT1 0,0.0
mean,2050,42,38,PT1 0,0.0
mean,2050,42,39,PT1 0,0.0
mean,2050,42,40,PT1 0,0.0
mean,2050,42,41,PT1 0,0.0
mean,2050,42,42,PT1 0,0.0
mean,2050,42,43,PT1 0,0.0
mean,2050,42,44,PT1 0,0.0
mean,2050,42,45,PT1 0,0.0
mean,2050,42,46,PT1 0,0.0
mean,2050,42,47,PT1 0,0.0
mean,2050,42,48,PT1 0,0.0
mean,2050,42,49,PT1 0,0.0
mean,2050,42,50,PT1 0,0.0
mean,2050,42,51,PT1 0,0.0
mean,2050,42,52,PT1 0,0.0
mean,2050,42,53,PT1 0,0.0
mean,2050,42,54,PT1 0,0.0
mean,2050,42,55,PT1 0,0.0
mean,2050,42,56,PT1 0,0.0
mean,2050,42,57,PT1 0,0.0
mean,2050,42,58,PT1 0,0.0
mean,2050,42,59,PT1 0,0.0
mean,2050,42,60,PT1 0,0.0
mean,2050,42,61,PT1 0,0.0
mean,2050,42,62,PT1 0,0.0
mean,2050,42,63,PT1 0,0.0
mean,2050,42,64,PT1 0,0.0
mean,2050,42,65,PT1 0,0.0
mean,2050,42,66,PT1 0,0.0
mean,2050,42,67,PT1 0,0.0
mean,2050,42,68,PT1 0,0.0
mean,2050,42,69,PT1 0,0.0
mean,2050,42,70,PT1 0,0.0
mean,2050,42,71,PT1 0,0.0
mean,2050,42,72,PT1 0,0.0
mean,2050,42,73,PT1 0,0.0
mean,2050,42,74,PT1 0,0.0
mean,2050,42,75,PT1 0,0.0
mean,2050,42,76,PT1 0,0.0
mean,2050,42,77,PT1 0,0.0
mean,2050,42,78,PT1 0,0.0
mean,2050,42,79,PT1 0,0.0
mean,2050,42,80,PT1 0,0.0
mean,2050,42,81,PT1 0,0.0
mean,2050,42,82,PT1 0,0.0
mean,2050,42,83,PT1 0,0.0
mean,2050,42,84,PT1 0,0.0
mean,2050,42,85,PT1 0,0.0
mean,2050,42,86,PT1 0,0.0
mean,2050,42,87,PT1 0,0.0
mean,2050,42,88,PT1 0,0.0
mean,2050,42,89,PT1 0,0.0
mean,2050,42,90,PT1 0,0.0
mean,2050,42,91,PT1 0,0.0
mean,2050,42,92,PT1 0,0.0
mean,2050,42,93,PT1 0,0.0
mean,2050,42,94,PT1 0,0.0
mean,2050,42,95,PT1 0,0.0
mean,2050,42,96,PT1 0,0.0
mean,2050,42,97,PT1 0,0.0
mean,2050,42,98,PT1 0,0.0
mean,2050,42,99,PT1 0,0.0
mean,2050,42,100,PT1 0,0.0
mean,2050,42,101,PT1 0,0.0
mean,2050,42,102,PT1 0,0.0
mean,2050,42,103,PT1 0,0.0
mean,2050,42,104,PT1 0,0.0
mean,2050,42,105,PT1 0,0.0
mean,2050,42,106,PT1 0,0.0
mean,2050,42,107,PT1 0,0.0
mean,2050,42,108,PT1 0,0.0
mean,2050,42,109,PT1 0,0.0
mean,2050,42,110,PT1 0,0.0
mean,2050,42,111,PT1 0,0.0
mean,2050,42,112,PT1 0,0.0
mean,2050,42,113,PT1 0,0.0
mean,2050,42,114,PT1 0,0.0
mean,2050,42,115,PT1 0,0.0
mean,2050,42,116,PT1 0,0.0
mean,2050,42,117,PT1 0,0.0
mean,2050,42,118,PT1 0,0.0
mean,2050,42,119,PT1 0,0.0
mean,2050,42,120,PT1 0,0.0
mean,2050,42,121,PT1 0,0.0
mean,2050,42,122,PT1 0,0.0
mean,2050,42,123,PT1 0,0.0
mean,2050,42,124,PT1 0,0.0
mean,2050,42,125,PT1 0,0.0
mean,2050,42,126,PT1 0,0.0
mean,2050,42,127,PT1 0,0.0
mean,2050,42,128,PT1 0,0.0
mean,2050,42,129,PT1 0,0.0
mean,2050,42,130,PT1 0,0.0
mean,2050,42,131,PT1 0,0.0
mean,2050,42,132,PT1 0,0.0
mean,2050,42,133,PT1 0,0.0
mean,2050,42,134,PT1 0,0.0
mean,2050,42,135,PT1 0,0.0
mean,2050,42,136,PT1 0,0.0
mean,2050,42,137,PT1 0,0.0
mean,2050,42,138,PT1 0,0.0
mean,2050,42,139,PT1 0,0.0
mean,2050,42,140,PT1 0,0.0
mean,2050,42,141,PT1 0,0.0
mean,2050,42,142,PT1 0,0.0
mean,2050,42,143,PT1 0,0.0
mean,2050,42,144,PT1 0,0.0
mean,2050,42,145,PT1 0,0.0
mean,2050,42,146,PT1 0,0.0
mean,2050,42,147,PT1 0,0.0
mean,2050,42,148,PT1 0,0.0
mean,2050,42,149,PT1 0,0.0
mean,2050,42,150,PT1 0,0.0
mean,2050,42,151,PT1 0,0.0
mean,2050,42,152,PT1 0,0.0
mean,2050,42,153,PT1 0,0.0
mean,2050,42,154,PT1 0,0.0
mean,2050,42,155,PT1 0,0.0
mean,2050,42,156,PT1 0,0.0
mean,2050,42,157,PT1 0,0.0
mean,2050,42,158,PT1 0,0.0
mean,2050,42,159,PT1 0,0.0
mean,2050,42,160,PT1 0,0.0
mean,2050,42,161,PT1 0,0.0
mean,2050,42,162,PT1 0,0.0
mean,2050,42,163,PT1 0,0.0
mean,2050,42,164,PT1 0,0.0
mean,2050,42,165,PT1 0,0.0
mean,2050,42,166,PT1 0,0.0
mean,2050,42,167,PT1 0,0.0
mean,2050,52,0,PT1 0,0.0
mean,2050,52,1,PT1 0,0.0
mean,2050,52,2,PT1 0,0.0
mean,2050,52,3,PT1 0,0.0
mean,2050,52,4,PT1 0,0.0
mean,2050,52,5,PT1 0,0.0
mean,2050,52,6,PT1 0,0.0
mean,2050,52,7,PT1 0,0.0
mean,2050,52,8,PT1 0,0.0
mean,2050,52,9,PT1 0,0.0
mean,2050,52,10,PT1 0,0.0
mean,2050,52,11,PT1 0,0.0
mean,2050,52,12,PT1 0,0.0
mean,2050,52,13,PT1 0,0.0
mean,2050,52,14,PT1 0,0.0
mean,2050,52,15,PT1 0,0.0
mean,2050,52,16,PT1 0,0.0
mean,2050,52,17,PT1 0,0.0
mean,2050,52,18,PT1 0,0.0
mean,2050,52,19,PT1 0,0.0
mean,2050,52,20,PT1 0,0.0
mean,2050,52,21,PT1 0,0.0
mean,2050,52,22,PT1 0,0.0
mean,2050,52,23,PT1 0,0.0
mean,2050,52,24,PT1 0,0.0
mean,2050,52,25,PT1 0,0.0
mean,2050,52,26,PT1 0,0.0
mean,2050,52,27,PT1 0,0.0
mean,2050,52,28,PT1 0,0.0
mean,2050,52,29,PT1 0,0.0
mean,2050,52,30,PT1 0,0.0
mean,2050,52,31,PT1 0,0.0
mean,2050,52,32,PT1 0,0.0
mean,2050,52,33,PT1 0,0.0
mean,2050,52,34,PT1 0,0.0
mean,2050,52,35,PT1 0,0.0
mean,2050,52,36,PT1 0,0.0
mean,2050,52,37,PT1 0,0.0
mean,2050,52,38,PT1 0,0.0
mean,2050,52,39,PT1 0,0.0
mean,2050,52,40,PT1 0,0.0
mean,2050,52,41,PT1 0,0.0
mean,2050,52,42,PT1 0,0.0
mean,2050,52,43,PT1 0,0.0
mean,2050,52,44,PT1 0,0.0
mean,2050,52,45,PT1 0,0.0
mean,2050,52,46,PT1 0,0.0
mean,2050,52,47,PT1 0,0.0
mean,2050,52,48,PT1 0,0.0
mean,2050,52,49,PT1 0,0.0
mean,2050,52,50,PT1 0,0.0
mean,2050,52,51,PT1 0,0.0
mean,2050,52,52,PT1 0,0.0
mean,2050,52,53,PT1 0,0.0
mean,2050,52,54,PT1 0,0.0
mean,2050,52,55,PT1 0,0.0
mean,2050,52,56,PT1 0,0.0
mean,2050,52,57,PT1 0,0.0
mean,2050,52,58,PT1 0,0.0
mean,2050,52,59,PT1 0,0.0
mean,2050,52,60,PT1 0,0.0
mean,2050,52,61,PT1 0,0.0
mean,2050,52,62,PT1 0,0.0
mean,2050,52,63,PT1 0,0.0
mean,2050,52,64,PT1 0,0.0
mean,2050,52,65,PT1 0,0.0
mean,2050,52,66,PT1 0,0.0
mean,2050,52,67,PT1 0,0.0
mean,2050,52,68,PT1 0,0.0
mean,2050,52,69,PT1 0,0.0
mean,2050,52,70,PT1 0,0.0
mean,2050,52,71,PT1 0,0.0
mean,2050,52,72,PT1 0,0.0
mean,2050,52,73,PT1 0,0.0
mean,2050,52,74,PT1 0,0.0
mean,2050,52,75,PT1 0,0.0
mean,2050,52,76,PT1 0,0.0
mean,2050,52,77,PT1 0,0.0
mean,2050,52,78,PT1 0,0.0
mean,2050,52,79,PT1 0,0.0
mean,2050,52,80,PT1 0,0.0
mean,2050,52,81,PT1 0,0.0
mean,2050,52,82,PT1 0,0.0
mean,2050,52,83,PT1 0,0.0
mean,2050,52,84,PT1 0,0.0
mean,2050,52,85,PT1 0,0.0
mean,2050,52,86,PT1 0,0.0
mean,2050,52,87,PT1 0,0.0
mean,2050,52,88,PT1 0,0.0
mean,2050,52,89,PT1 0,0.0
mean,2050,52,90,PT1 0,0.0
mean,2050,52,91,PT1 0,0.0
mean,2050,52,92,PT1 0,0.0
mean,2050,52,93,PT1 0,0.0
mean,2050,52,94,PT1 0,0.0
mean,2050,52,95,PT1 0,0.0
mean,2050,52,96,PT1 0,0.0
mean,2050,52,97,PT1 0,0.0
mean,2050,52,98,PT1 0,0.0
mean,2050,52,99,PT1 0,0.0
mean,2050,52,100,PT1 0,0.0
mean,2050,52,101,PT1 0,0.0
mean,2050,52,102,PT1 0,0.0
mean,2050,52,103,PT1 0,0.0
mean,2050,52,104,PT1 0,0.0
mean,2050,52,105,PT1 0,0.0
mean,2050,52,106,PT1 0,0.0
mean,2050,52,107,PT1 0,0.0
mean,2050,52,108,PT1 0,0.0
mean,2050,52,109,PT1 0,0.0
mean,2050,52,110,PT1 0,0.0
mean,2050,52,111,PT1 0,0.0
mean,2050,52,112,PT1 0,0.0
mean,2050,52,113,PT1 0,0.0
mean,2050,52,114,PT1 0,0.0
mean,2050,52,115,PT1 0,0.0
mean,2050,52,116,PT1 0,0.0
mean,2050,52,117,PT1 0,0.0
mean,2050,52,118,PT1 0,0.0
mean,2050,52,119,PT1 0,0.0
mean,2050,52,120,PT1 0,0.0
mean,2050,52,121,PT1 0,0.0
mean,2050,52,122,PT1 0,0.0
mean,2050,52,123,PT1 0,0.0
mean,2050,52,124,PT1 0,0.0
mean,2050,52,125,PT1 0,0.0
mean,2050,52,126,PT1 0,0.0
mean,2050,52,127,PT1 0,0.0
mean,2050,52,128,PT1 0,0.0
mean,2050,52,129,PT1 0,0.0
mean,2050,52,130,PT1 0,0.0
mean,2050,52,131,PT1 0,0.0
mean,2050,52,132,PT1 0,0.0
mean,2050,52,133,PT1 0,0.0
mean,2050,52,134,PT1 0,0.0
mean,2050,52,135,PT1 0,0.0
mean,2050,52,136,PT1 0,0.0
mean,2050,52,137,PT1 0,0.0
mean,2050,52,138,PT1 0,0.0
mean,2050,52,139,PT1 0,0.0
mean,2050,52,140,PT1 0,0.0
mean,2050,52,141,PT1 0,0.0
mean,2050,52,142,PT1 0,0.0
mean,2050,52,143,PT1 0,0.0
mean,2050,52,144,PT1 0,0.0
mean,2050,52,145,PT1 0,0.0
mean,2050,52,146,PT1 0,0.0
mean,2050,52,147,PT1 0,0.0
mean,2050,52,148,PT1 0,0.0
mean,2050,52,149,PT1 0,0.0
mean,2050,52,150,PT1 0,0.0
mean,2050,52,151,PT1 0,0.0
mean,2050,52,152,PT1 0,0.0
mean,2050,52,153,PT1 0,0.0
mean,2050,52,154,PT1 0,0.0
mean,2050,52,155,PT1 0,0.0
mean,2050,52,156,PT1 0,0.0
mean,2050,52,157,PT1 0,0.0
mean,2050,52,158,PT1 0,0.0
mean,2050,52,159,PT1 0,0.0
mean,2050,52,160,PT1 0,0.0
mean,2050,52,161,PT1 0,0.0
mean,2050,52,162,PT1 0,0.0
mean,2050,52,163,PT1 0,0.0
mean,2050,52,164,PT1 0,0.0
mean,2050,52,165,PT1 0,0.0
mean,2050,52,166,PT1 0,0.0
mean,2050,52,167,PT1 0,0.0
mean,2025,11,0,PT1 1,0.0
mean,2025,11,1,PT1 1,0.0
mean,2025,11,2,PT1 1,0.0
mean,2025,11,3,PT1 1,0.0
mean,2025,11,4,PT1 1,0.0
mean,2025,11,5,PT1 1,0.0
mean,2025,11,6,PT1 1,0.0
mean,2025,11,7,PT1 1,0.0
mean,2025,11,8,PT1 1,0.0
mean,2025,11,9,PT1 1,0.0
mean,2025,11,10,PT1 1,0.0
mean,2025,11,11,PT1 1,0.0
mean,2025,11,12,PT1 1,0.0
mean,2025,11,13,PT1 1,0.0
mean,2025,11,14,PT1 1,0.0
mean,2025,11,15,PT1 1,0.0
mean,2025,11,16,PT1 1,0.0
mean,2025,11,17,PT1 1,0.0
mean,2025,11,18,PT1 1,0.0
mean,2025,11,19,PT1 1,0.0
mean,2025,11,20,PT1 1,0.0
mean,2025,11,21,PT1 1,0.0
mean,2025,11,22,PT1 1,0.0
mean,2025,11,23,PT1 1,0.0
mean,2025,11,24,PT1 1,0.0
mean,2025,11,25,PT1 1,0.0
mean,2025,11,26,PT1 1,0.0
mean,2025,11,27,PT1 1,0.0
mean,2025,11,28,PT1 1,0.0
mean,2025,11,29,PT1 1,0.0
mean,2025,11,30,PT1 1,0.0
mean,2025,11,31,PT1 1,0.0
mean,2025,11,32,PT1 1,0.0
mean,2025,11,33,PT1 1,0.0
mean,2025,11,34,PT1 1,0.0
mean,2025,11,35,PT1 1,0.0
mean,2025,11,36,PT1 1,0.0
mean,2025,11,37,PT1 1,0.0
mean,2025,11,38,PT1 1,0.0
mean,2025,11,39,PT1 1,0.0
mean,2025,11,40,PT1 1,0.0
mean,2025,11,41,PT1 1,0.0
mean,2025,11,42,PT1 1,0.0
mean,2025,11,43,PT1 1,0.0
mean,2025,11,44,PT1 1,0.0
mean,2025,11,45,PT1 1,0.0
mean,2025,11,46,PT1 1,0.0
mean,2025,11,47,PT1 1,0.0
mean,2025,11,48,PT1 1,0.0
mean,2025,11,49,PT1 1,0.0
mean,2025,11,50,PT1 1,0.0
mean,2025,11,51,PT1 1,0.0
mean,2025,11,52,PT1 1,0.0
mean,2025,11,53,PT1 1,0.0
mean,2025,11,54,PT1 1,0.0
mean,2025,11,55,PT1 1,0.0
mean,2025,11,56,PT1 1,0.0
mean,2025,11,57,PT1 1,0.0
mean,2025,11,58,PT1 1,0.0
mean,2025,11,59,PT1 1,0.0
mean,2025,11,60,PT1 1,0.0
mean,2025,11,61,PT1 1,0.0
mean,2025,11,62,PT1 1,0.0
mean,2025,11,63,PT1 1,0.0
mean,2025,11,64,PT1 1,0.0
mean,2025,11,65,PT1 1,0.0
mean,2025,11,66,PT1 1,0.0
mean,2025,11,67,PT1 1,0.0
mean,2025,11,68,PT1 1,0.0
mean,2025,11,69,PT1 1,0.0
mean,2025,11,70,PT1 1,0.0
mean,2025,11,71,PT1 1,0.0
mean,2025,11,72,PT1 1,0.0
mean,2025,11,73,PT1 1,0.0
mean,2025,11,74,PT1 1,0.0
mean,2025,11,75,PT1 1,0.0
mean,2025,11,76,PT1 1,0.0
mean,2025,11,77,PT1 1,0.0
mean,2025,11,78,PT1 1,0.0
mean,2025,11,79,PT1 1,0.0
mean,2025,11,80,PT1 1,0.0
mean,2025,11,81,PT1 1,0.0
mean,2025,11,82,PT1 1,0.0
mean,2025,11,83,PT1 1,0.0
mean,2025,11,84,PT1 1,0.0
mean,2025,11,85,PT1 1,0.0
mean,2025,11,86,PT1 1,0.0
mean,2025,11,87,PT1 1,0.0
mean,2025,11,88,PT1 1,0.0
mean,2025,11,89,PT1 1,0.0
mean,2025,11,90,PT1 1,0.0
mean,2025,11,91,PT1 1,0.0
mean,2025,11,92,PT1 1,0.0
mean,2025,11,93,PT1 1,0.0
mean,2025,11,94,PT1 1,0.0
mean,2025,11,95,PT1 1,0.0
mean,2025,11,96,PT1 1,0.0
mean,2025,11,97,PT1 1,0.0
mean,2025,11,98,PT1 1,0.0
mean,2025,11,99,PT1 1,0.0
mean,2025,11,100,PT1 1,0.0
mean,2025,11,101,PT1 1,0.0
mean,2025,11,102,PT1 1,0.0
mean,2025,11,103,PT1 1,0.0
mean,2025,11,104,PT1 1,0.0
mean,2025,11,105,PT1 1,0.0
mean,2025,11,106,PT1 1,0.0
mean,2025,11,107,PT1 1,0.0
mean,2025,11,108,PT1 1,0.0
mean,2025,11,109,PT1 1,0.0
mean,2025,11,110,PT1 1,0.0
mean,2025,11,111,PT1 1,0.0
mean,2025,11,112,PT1 1,0.0
mean,2025,11,113,PT1 1,0.0
mean,2025,11,114,PT1 1,0.0
mean,2025,11,115,PT1 1,0.0
mean,2025,11,116,PT1 1,0.0
mean,2025,11,117,PT1 1,0.0
mean,2025,11,118,PT1 1,0.0
mean,2025,11,119,PT1 1,0.0
mean,2025,11,120,PT1 1,0.0
mean,2025,11,121,PT1 1,0.0
mean,2025,11,122,PT1 1,0.0
mean,2025,11,123,PT1 1,0.0
mean,2025,11,124,PT1 1,0.0
mean,2025,11,125,PT1 1,0.0
mean,2025,11,126,PT1 1,0.0
mean,2025,11,127,PT1 1,0.0
mean,2025,11,128,PT1 1,0.0
mean,2025,11,129,PT1 1,0.0
mean,2025,11,130,PT1 1,0.0
mean,2025,11,131,PT1 1,0.0
mean,2025,11,132,PT1 1,0.0
mean,2025,11,133,PT1 1,0.0
mean,2025,11,134,PT1 1,0.0
mean,2025,11,135,PT1 1,0.0
mean,2025,11,136,PT1 1,0.0
mean,2025,11,137,PT1 1,0.0
mean,2025,11,138,PT1 1,0.0
mean,2025,11,139,PT1 1,0.0
mean,2025,11,140,PT1 1,0.0
mean,2025,11,141,PT1 1,0.0
mean,2025,11,142,PT1 1,0.0
mean,2025,11,143,PT1 1,0.0
mean,2025,11,144,PT1 1,0.0
mean,2025,11,145,PT1 1,0.0
mean,2025,11,146,PT1 1,0.0
mean,2025,11,147,PT1 1,0.0
mean,2025,11,148,PT1 1,0.0
mean,2025,11,149,PT1 1,0.0
mean,2025,11,150,PT1 1,0.0
mean,2025,11,151,PT1 1,0.0
mean,2025,11,152,PT1 1,0.0
mean,2025,11,153,PT1 1,0.0
mean,2025,11,154,PT1 1,0.0
mean,2025,11,155,PT1 1,0.0
mean,2025,11,156,PT1 1,0.0
mean,2025,11,157,PT1 1,0.0
mean,2025,11,158,PT1 1,0.0
mean,2025,11,159,PT1 1,0.0
mean,2025,11,160,PT1 1,0.0
mean,2025,11,161,PT1 1,0.0
mean,2025,11,162,PT1 1,0.0
mean,2025,11,163,PT1 1,0.0
mean,2025,11,164,PT1 1,0.0
mean,2025,11,165,PT1 1,0.0
mean,2025,11,166,PT1 1,0.0
mean,2025,11,167,PT1 1,0.0
mean,2025,21,0,PT1 1,0.0
mean,2025,21,1,PT1 1,-67.26287157441081
mean,2025,21,2,PT1 1,-69.40891220873024
mean,2025,21,3,PT1 1,-69.40891220873024
mean,2025,21,4,PT1 1,-71.0092409980201
mean,2025,21,5,PT1 1,-71.0092409980201
mean,2025,21,6,PT1 1,-71.0092409980201
mean,2025,21,7,PT1 1,-69.40891220873024
mean,2025,21,8,PT1 1,-50.35289118683096
mean,2025,21,9,PT1 1,-32.40570136142754
mean,2025,21,10,PT1 1,-50.35289118683096
mean,2025,21,11,PT1 1,-50.32515681908906
mean,2025,21,12,PT1 1,-32.40570136142754
mean,2025,21,13,PT1 1,-6.322443205528662
mean,2025,21,14,PT1 1,-6.322443205528662
mean,2025,21,15,PT1 1,-6.322443205528662
mean,2025,21,16,PT1 1,-6.322443205528662
mean,2025,21,17,PT1 1,-6.322443205528662
mean,2025,21,18,PT1 1,-6.322443205528662
mean,2025,21,19,PT1 1,-3.2275760579919632
mean,2025,21,20,PT1 1,-3.2275760579919632
mean,2025,21,21,PT1 1,0.0
mean,2025,21,22,PT1 1,-6.322443205528662
mean,2025,21,23,PT1 1,-6.322443205528662
mean,2025,21,24,PT1 1,-6.322443205528662
mean,2025,21,25,PT1 1,-6.322443205528662
mean,2025,21,26,PT1 1,-6.322443205528662
mean,2025,21,27,PT1 1,-6.322443205528662
mean,2025,21,28,PT1 1,-6.322443205528662
mean,2025,21,29,PT1 1,-6.322443205528662
mean,2025,21,30,PT1 1,-6.322443205528662
mean,2025,21,31,PT1 1,-6.322443205528662
mean,2025,21,32,PT1 1,-35.172893642951664
mean,2025,21,33,PT1 1,-6.322443205528662
mean,2025,21,34,PT1 1,-6.322443205528662
mean,2025,21,35,PT1 1,-6.322443205528662
mean,2025,21,36,PT1 1,0.0
mean,2025,21,37,PT1 1,0.0
mean,2025,21,38,PT1 1,0.0
mean,2025,21,39,PT1 1,0.0
mean,2025,21,40,PT1 1,0.0
mean,2025,21,41,PT1 1,0.0
mean,2025,21,42,PT1 1,0.0
mean,2025,21,43,PT1 1,0.0
mean,2025,21,44,PT1 1,0.0
mean,2025,21,45,PT1 1,0.0
mean,2025,21,46,PT1 1,0.0
mean,2025,21,47,PT1 1,0.0
mean,2025,21,48,PT1 1,0.0
mean,2025,21,49,PT1 1,0.0
mean,2025,21,50,PT1 1,0.0
mean,2025,21,51,PT1 1,0.0
mean,2025,21,52,PT1 1,0.0
mean,2025,21,53,PT1 1,-1.8532803849506905
mean,2025,21,54,PT1 1,-2.118078876220723
mean,2025,21,55,PT1 1,0.0
mean,2025,21,56,PT1 1,0.0
mean,2025,21,57,PT1 1,0.0
mean,2025,21,58,PT1 1,0.0
mean,2025,21,59,PT1 1,0.0
mean,2025,21,60,PT1 1,0.0
mean,2025,21,61,PT1 1,0.0
mean,2025,21,62,PT1 1,0.0
mean,2025,21,63,PT1 1,0.0
mean,2025,21,64,PT1 1,0.0
mean,2025,21,65,PT1 1,0.0
mean,2025,21,66,PT1 1,0.0
mean,2025,21,67,PT1 1,0.0
mean,2025,21,68,PT1 1,0.0
mean,2025,21,69,PT1 1,0.0
mean,2025,21,70,PT1 1,0.0
mean,2025,21,71,PT1 1,0.0
mean,2025,21,72,PT1 1,0.0
mean,2025,21,73,PT1 1,0.0
mean,2025,21,74,PT1 1,0.0
mean,2025,21,75,PT1 1,0.0
mean,2025,21,76,PT1 1,0.0
mean,2025,21,77,PT1 1,0.0
mean,2025,21,78,PT1 1,0.0
mean,2025,21,79,PT1 1,0.0
mean,2025,21,80,PT1 1,0.0
mean,2025,21,81,PT1 1,0.0
mean,2025,21,82,PT1 1,0.0
mean,2025,21,83,PT1 1,0.0
mean,2025,21,84,PT1 1,0.0
mean,2025,21,85,PT1 1,0.0
mean,2025,21,86,PT1 1,0.0
mean,2025,21,87,PT1 1,0.0
mean,2025,21,88,PT1 1,0.0
mean,2025,21,89,PT1 1,0.0
mean,2025,21,90,PT1 1,0.0
mean,2025,21,91,PT1 1,0.0
mean,2025,21,92,PT1 1,0.0
mean,2025,21,93,PT1 1,0.0
mean,2025,21,94,PT1 1,0.0
mean,2025,21,95,PT1 1,0.0
mean,2025,21,96,PT1 1,0.0
mean,2025,21,97,PT1 1,0.0
mean,2025,21,98,PT1 1,0.0
mean,2025,21,99,PT1 1,0.0
mean,2025,21,100,PT1 1,0.0
mean,2025,21,101,PT1 1,0.0
mean,2025,21,102,PT1 1,0.0
mean,2025,21,103,PT1 1,0.0
mean,2025,21,104,PT1 1,0.0
mean,2025,21,105,PT1 1,0.0
mean,2025,21,106,PT1 1,0.0
mean,2025,21,107,PT1 1,0.0
mean,2025,21,108,PT1 1,0.0
mean,2025,21,109,PT1 1,0.0
mean,2025,21,110,PT1 1,0.0
mean,2025,21,111,PT1 1,0.0
mean,2025,21,112,PT1 1,0.0
mean,2025,21,113,PT1 1,0.0
mean,2025,21,114,PT1 1,0.0
mean,2025,21,115,PT1 1,0.0
mean,2025,21,116,PT1 1,0.0
mean,2025,21,117,PT1 1,0.0
mean,2025,21,118,PT1 1,0.0
mean,2025,21,119,PT1 1,0.0
mean,2025,21,120,PT1 1,0.0
mean,2025,21,121,PT1 1,0.0
mean,2025,21,122,PT1 1,0.0
mean,2025,21,123,PT1 1,0.0
mean,2025,21,124,PT1 1,0.0
mean,2025,21,125,PT1 1,0.0
mean,2025,21,126,PT1 1,0.0
mean,2025,21,127,PT1 1,0.0
mean,2025,21,128,PT1 1,0.0
mean,2025,21,129,PT1 1,0.0
mean,2025,21,130,PT1 1,0.0
mean,2025,21,131,PT1 1,0.0
mean,2025,21,132,PT1 1,0.0
mean,2025,21,133,PT1 1,0.0
mean,2025,21,134,PT1 1,0.0
mean,2025,21,135,PT1 1,0.0
mean,2025,21,136,PT1 1,0.0
mean,2025,21,137,PT1 1,0.0
mean,2025,21,138,PT1 1,0.0
mean,2025,21,139,PT1 1,0.0
mean,2025,21,140,PT1 1,0.0
mean,2025,21,141,PT1 1,0.0
mean,2025,21,142,PT1 1,0.0
mean,2025,21,143,PT1 1,0.0
mean,2025,21,144,PT1 1,0.0
mean,2025,21,145,PT1 1,0.0
mean,2025,21,146,PT1 1,0.0
mean,2025,21,147,PT1 1,0.0
mean,2025,21,148,PT1 1,0.0
mean,2025,21,149,PT1 1,0.0
mean,2025,21,150,PT1 1,0.0
mean,2025,21,151,PT1 1,0.0
mean,2025,21,152,PT1 1,0.0
mean,2025,21,153,PT1 1,0.0
mean,2025,21,154,PT1 1,0.0
mean,2025,21,155,PT1 1,0.0
mean,2025,21,156,PT1 1,0.0
mean,2025,21,157,PT1 1,0.0
mean,2025,21,158,PT1 1,0.0
mean,2025,21,159,PT1 1,0.0
mean,2025,21,160,PT1 1,0.0
mean,2025,21,161,PT1 1,0.0
mean,2025,21,162,PT1 1,0.0
mean,2025,21,163,PT1 1,0.0
mean,2025,21,164,PT1 1,0.0
mean,2025,21,165,PT1 1,0.0
mean,2025,21,166,PT1 1,0.0
mean,2025,21,167,PT1 1,0.0
mean,2025,42,0,PT1 1,0.0
mean,2025,42,1,PT1 1,-71.0092409980201
mean,2025,42,2,PT1 1,-71.0092409980201
mean,2025,42,3,PT1 1,-71.0092409980201
mean,2025,42,4,PT1 1,-71.0092409980201
mean,2025,42,5,PT1 1,-73.61421808005957
mean,2025,42,6,PT1 1,-75.76238271147236
mean,2025,42,7,PT1 1,-73.61421808005957
mean,2025,42,8,PT1 1,-69.40891220873024
mean,2025,42,9,PT1 1,-50.35289118683096
mean,2025,42,10,PT1 1,-50.32515681908906
mean,2025,42,11,PT1 1,-67.26287157441081
mean,2025,42,12,PT1 1,-6.322443205528662
mean,2025,42,13,PT1 1,-6.322443205528662
mean,2025,42,14,PT1 1,-6.322443205528662
mean,2025,42,15,PT1 1,-50.35289118683096
mean,2025,42,16,PT1 1,-50.35289118683096
mean,2025,42,17,PT1 1,-71.0092409980201
mean,2025,42,18,PT1 1,-71.0092409980201
mean,2025,42,19,PT1 1,-69.40891220873024
mean,2025,42,20,PT1 1,-50.35289118683096
mean,2025,42,21,PT1 1,-49.29599436587313
mean,2025,42,22,PT1 1,-49.29599436587313
mean,2025,42,23,PT1 1,-6.322443205528662
mean,2025,42,24,PT1 1,-6.322443205528662
mean,2025,42,25,PT1 1,-6.322443205528662
mean,2025,42,26,PT1 1,-6.322443205528662
mean,2025,42,27,PT1 1,-6.322443205528662
mean,2025,42,28,PT1 1,-6.322443205528662
mean,2025,42,29,PT1 1,-6.322443205528662
mean,2025,42,30,PT1 1,-6.322443205528662
mean,2025,42,31,PT1 1,-6.322443205528662
mean,2025,42,32,PT1 1,-6.322443205528662
mean,2025,42,33,PT1 1,0.0
mean,2025,42,34,PT1 1,0.0
mean,2025,42,35,PT1 1,0.0
mean,2025,42,36,PT1 1,0.0
mean,2025,42,37,PT1 1,0.0
mean,2025,42,38,PT1 1,0.0
mean,2025,42,39,PT1 1,0.0
mean,2025,42,40,PT1 1,0.0
mean,2025,42,41,PT1 1,-6.322443205528662
mean,2025,42,42,PT1 1,-32.40570136142754
mean,2025,42,43,PT1 1,-6.322443205528662
mean,2025,42,44,PT1 1,-6.322443205528662
mean,2025,42,45,PT1 1,0.0
mean,2025,42,46,PT1 1,0.0
mean,2025,42,47,PT1 1,0.0
mean,2025,42,48,PT1 1,0.0
mean,2025,42,49,PT1 1,0.0
mean,2025,42,50,PT1 1,0.0
mean,2025,42,51,PT1 1,0.0
mean,2025,42,52,PT1 1,0.0
mean,2025,42,53,PT1 1,-6.322443205528662
mean,2025,42,54,PT1 1,-6.322443205528662
mean,2025,42,55,PT1 1,-6.322443205528662
mean,2025,42,56,PT1 1,-6.322443205528662
mean,2025,42,57,PT1 1,0.0
mean,2025,42,58,PT1 1,0.0
mean,2025,42,59,PT1 1,0.0
mean,2025,42,60,PT1 1,0.0
mean,2025,42,61,PT1 1,0.0
mean,2025,42,62,PT1 1,-6.322443205528662
mean,2025,42,63,PT1 1,-6.322443205528662
mean,2025,42,64,PT1 1,-66.99535741529567
mean,2025,42,65,PT1 1,-67.26287157441081
mean,2025,42,66,PT1 1,-67.53039688576166
mean,2025,42,67,PT1 1,-67.7979333498048
mean,2025,42,68,PT1 1,-68.0654809670124
mean,2025,42,69,PT1 1,-68.33303973785002
mean,2025,42,70,PT1 1,-68.60060966277865
mean,2025,42,71,PT1 1,-68.86819074226268
mean,2025,42,72,PT1 1,-69.13578297676987
mean,2025,42,73,PT1 1,-69.4033863667657
mean,2025,42,74,PT1 1,-69.67100091271456
mean,2025,42,75,PT1 1,-69.93862661507973
mean,2025,42,76,PT1 1,-70.2062634743278
mean,2025,42,77,PT1 1,-70.47391149092319
mean,2025,42,78,PT1 1,-70.74157066533249
mean,2025,42,79,PT1 1,-71.0092409980201
mean,2025,42,80,PT1 1,-69.40891220873024
mean,2025,42,81,PT1 1,-67.26287157441081
mean,2025,42,82,PT1 1,-50.32515681908906
mean,2025,42,83,PT1 1,-6.322443205528662
mean,2025,42,84,PT1 1,-6.322443205528662
mean,2025,42,85,PT1 1,-6.322443205528662
mean,2025,42,86,PT1 1,-50.35289118683096
mean,2025,42,87,PT1 1,-67.26287157441081
mean,2025,42,88,PT1 1,-71.0092409980201
mean,2025,42,89,PT1 1,-73.61421808005957
mean,2025,42,90,PT1 1,-73.95435123698743
mean,2025,42,91,PT1 1,-73.61421808005957
mean,2025,42,92,PT1 1,-73.61421808005957
mean,2025,42,93,PT1 1,-71.0092409980201
mean,2025,42,94,PT1 1,-69.40891220873024
mean,2025,42,95,PT1 1,-69.40891220873024
mean,2025,42,96,PT1 1,-67.26287157441081
mean,2025,42,97,PT1 1,-50.35289118683096
mean,2025,42,98,PT1 1,-32.40570136142754
mean,2025,42,99,PT1 1,-32.40570136142754
mean,2025,42,100,PT1 1,-32.40570136142754
mean,2025,42,101,PT1 1,-50.35289118683096
mean,2025,42,102,PT1 1,-49.29599436587313
mean,2025,42,103,PT1 1,-32.40570136142754
mean,2025,42,104,PT1 1,0.0
mean,2025,42,105,PT1 1,0.0
mean,2025,42,106,PT1 1,0.0
mean,2025,42,107,PT1 1,0.0
mean,2025,42,108,PT1 1,0.0
mean,2025,42,109,PT1 1,0.0
mean,2025,42,110,PT1 1,0.0
mean,2025,42,111,PT1 1,0.0
mean,2025,42,112,PT1 1,0.0
mean,2025,42,113,PT1 1,0.0
mean,2025,42,114,PT1 1,0.0
mean,2025,42,115,PT1 1,0.0
mean,2025,42,116,PT1 1,0.0
mean,2025,42,117,PT1 1,0.0
mean,2025,42,118,PT1 1,0.0
mean,2025,42,119,PT1 1,0.0
mean,2025,42,120,PT1 1,0.0
mean,2025,42,121,PT1 1,0.0
mean,2025,42,122,PT1 1,0.0
mean,2025,42,123,PT1 1,0.0
mean,2025,42,124,PT1 1,0.0
mean,2025,42,125,PT1 1,0.0
mean,2025,42,126,PT1 1,0.0
mean,2025,42,127,PT1 1,0.0
mean,2025,42,128,PT1 1,0.0
mean,2025,42,129,PT1 1,0.0
mean,2025,42,130,PT1 1,0.0
mean,2025,42,131,PT1 1,0.0
mean,2025,42,132,PT1 1,0.0
mean,2025,42,133,PT1 1,0.0
mean,2025,42,134,PT1 1,0.0
mean,2025,42,135,PT1 1,0.0
mean,2025,42,136,PT1 1,0.0
mean,2025,42,137,PT1 1,0.0
mean,2025,42,138,PT1 1,0.0
mean,2025,42,139,PT1 1,0.0
mean,2025,42,140,PT1 1,0.0
mean,2025,42,141,PT1 1,0.0
mean,2025,42,142,PT1 1,0.0
mean,2025,42,143,PT1 1,0.0
mean,2025,42,144,PT1 1,0.0
mean,2025,42,145,PT1 1,0.0
mean,2025,42,146,PT1 1,0.0
mean,2025,42,147,PT1 1,0.0
mean,2025,42,148,PT1 1,0.0
mean,2025,42,149,PT1 1,0.0
mean,2025,42,150,PT1 1,0.0
mean,2025,42,151,PT1 1,0.0
mean,2025,42,152,PT1 1,0.0
mean,2025,42,153,PT1 1,0.0
mean,2025,42,154,PT1 1,0.0
mean,2025,42,155,PT1 1,0.0
mean,2025,42,156,PT1 1,0.0
mean,2025,42,157,PT1 1,0.0
mean,2025,42,158,PT1 1,0.0
mean,2025,42,159,PT1 1,0.0
mean,2025,42,160,PT1 1,0.0
mean,2025,42,161,PT1 1,0.0
mean,2025,42,162,PT1 1,0.0
mean,2025,42,163,PT1 1,0.0
mean,2025,42,164,PT1 1,0.0
mean,2025,42,165,PT1 1,0.0
mean,2025,42,166,PT1 1,0.0
mean,2025,42,167,PT1 1,0.0
mean,2025,52,0,PT1 1,0.0
mean,2025,52,1,PT1 1,-6.322443205528662
mean,2025,52,2,PT1 1,-6.322443205528662
mean,2025,52,3,PT1 1,-6.322443205528662
mean,2025,52,4,PT1 1,-6.322443205528662
mean,2025,52,5,PT1 1,-6.322443205528662
mean,2025,52,6,PT1 1,-6.322443205528662
mean,2025,52,7,PT1 1,-32.40570136142754
mean,2025,52,8,PT1 1,-6.322443205528662
mean,2025,52,9,PT1 1,0.0
mean,2025,52,10,PT1 1,0.0
mean,2025,52,11,PT1 1,0.0
mean,2025,52,12,PT1 1,0.0
mean,2025,52,13,PT1 1,0.0
mean,2025,52,14,PT1 1,0.0
mean,2025,52,15,PT1 1,0.0
mean,2025,52,16,PT1 1,0.0
mean,2025,52,17,PT1 1,0.0
mean,2025,52,18,PT1 1,0.0
mean,2025,52,19,PT1 1,0.0
mean,2025,52,20,PT1 1,0.0
mean,2025,52,21,PT1 1,0.0
mean,2025,52,22,PT1 1,0.0
mean,2025,52,23,PT1 1,0.0
mean,2025,52,24,PT1 1,0.0
mean,2025,52,25,PT1 1,0.0
mean,2025,52,26,PT1 1,0.0
mean,2025,52,27,PT1 1,0.0
mean,2025,52,28,PT1 1,0.0
mean,2025,52,29,PT1 1,0.0
mean,2025,52,30,PT1 1,0.0
mean,2025,52,31,PT1 1,0.0
mean,2025,52,32,PT1 1,0.0
mean,2025,52,33,PT1 1,0.0
mean,2025,52,34,PT1 1,0.0
mean,2025,52,35,PT1 1,0.0
mean,2025,52,36,PT1 1,0.0
mean,2025,52,37,PT1 1,0.0
mean,2025,52,38,PT1 1,0.0
mean,2025,52,39,PT1 1,0.0
mean,2025,52,40,PT1 1,0.0
mean,2025,52,41,PT1 1,0.0
mean,2025,52,42,PT1 1,0.0
mean,2025,52,43,PT1 1,0.0
mean,2025,52,44,PT1 1,0.0
mean,2025,52,45,PT1 1,0.0
mean,2025,52,46,PT1 1,0.0
mean,2025,52,47,PT1 1,0.0
mean,2025,52,48,PT1 1,0.0
mean,2025,52,49,PT1 1,0.0
mean,2025,52,50,PT1 1,0.0
mean,2025,52,51,PT1 1,0.0
mean,2025,52,52,PT1 1,0.0
mean,2025,52,53,PT1 1,0.0
mean,2025,52,54,PT1 1,0.0
mean,2025,52,55,PT1 1,0.0
mean,2025,52,56,PT1 1,0.0
mean,2025,52,57,PT1 1,0.0
mean,2025,52,58,PT1 1,0.0
mean,2025,52,59,PT1 1,0.0
mean,2025,52,60,PT1 1,0.0
mean,2025,52,61,PT1 1,0.0
mean,2025,52,62,PT1 1,0.0
mean,2025,52,63,PT1 1,0.0
mean,2025,52,64,PT1 1,0.0
mean,2025,52,65,PT1 1,0.0
mean,2025,52,66,PT1 1,0.0
mean,2025,52,67,PT1 1,0.0
mean,2025,52,68,PT1 1,0.0
mean,2025,52,69,PT1 1,0.0
mean,2025,52,70,PT1 1,0.0
mean,2025,52,71,PT1 1,0.0
mean,2025,52,72,PT1 1,0.0
mean,2025,52,73,PT1 1,0.0
mean,2025,52,74,PT1 1,0.0
mean,2025,52,75,PT1 1,0.0
mean,2025,52,76,PT1 1,0.0
mean,2025,52,77,PT1 1,0.0
mean,2025,52,78,PT1 1,0.0
mean,2025,52,79,PT1 1,0.0
mean,2025,52,80,PT1 1,0.0
mean,2025,52,81,PT1 1,0.0
mean,2025,52,82,PT1 1,0.0
mean,2025,52,83,PT1 1,0.0
mean,2025,52,84,PT1 1,0.0
mean,2025,52,85,PT1 1,0.0
mean,2025,52,86,PT1 1,0.0
mean,2025,52,87,PT1 1,0.0
mean,2025,52,88,PT1 1,0.0
mean,2025,52,89,PT1 1,0.0
mean,2025,52,90,PT1 1,0.0
mean,2025,52,91,PT1 1,0.0
mean,2025,52,92,PT1 1,0.0
mean,2025,52,93,PT1 1,0.0
mean,2025,52,94,PT1 1,0.0
mean,2025,52,95,PT1 1,0.0
mean,2025,52,96,PT1 1,0.0
mean,2025,52,97,PT1 1,0.0
mean,2025,52,98,PT1 1,0.0
mean,2025,52,99,PT1 1,0.0
mean,2025,52,100,PT1 1,0.0
mean,2025,52,101,PT1 1,0.0
mean,2025,52,102,PT1 1,0.0
mean,2025,52,103,PT1 1,0.0
mean,2025,52,104,PT1 1,0.0
mean,2025,52,105,PT1 1,0.0
mean,2025,52,106,PT1 1,0.0
mean,2025,52,107,PT1 1,0.0
mean,2025,52,108,PT1 1,0.0
mean,2025,52,109,PT1 1,0.0
mean,2025,52,110,PT1 1,0.0
mean,2025,52,111,PT1 1,0.0
mean,2025,52,112,PT1 1,0.0
mean,2025,52,113,PT1 1,0.0
mean,2025,52,114,PT1 1,0.0
mean,2025,52,115,PT1 1,0.0
mean,2025,52,116,PT1 1,0.0
mean,2025,52,117,PT1 1,0.0
mean,2025,52,118,PT1 1,0.0
mean,2025,52,119,PT1 1,0.0
mean,2025,52,120,PT1 1,0.0
mean,2025,52,121,PT1 1,0.0
mean,2025,52,122,PT1 1,0.0
mean,2025,52,123,PT1 1,0.0
mean,2025,52,124,PT1 1,0.0
mean,2025,52,125,PT1 1,0.0
mean,2025,52,126,PT1 1,0.0
mean,2025,52,127,PT1 1,0.0
mean,2025,52,128,PT1 1,0.0
mean,2025,52,129,PT1 1,0.0
mean,2025,52,130,PT1 1,0.0
mean,2025,52,131,PT1 1,0.0
mean,2025,52,132,PT1 1,0.0
mean,2025,52,133,PT1 1,0.0
mean,2025,52,134,PT1 1,0.0
mean,2025,52,135,PT1 1,0.0
mean,2025,52,136,PT1 1,0.0
mean,2025,52,137,PT1 1,0.0
mean,2025,52,138,PT1 1,0.0
mean,2025,52,139,PT1 1,0.0
mean,2025,52,140,PT1 1,0.0
mean,2025,52,141,PT1 1,0.0
mean,2025,52,142,PT1 1,0.0
mean,2025,52,143,PT1 1,0.0
mean,2025,52,144,PT1 1,0.0
mean,2025,52,145,PT1 1,0.0
mean,2025,52,146,PT1 1,0.0
mean,2025,52,147,PT1 1,0.0
mean,2025,52,148,PT1 1,0.0
mean,2025,52,149,PT1 1,0.0
mean,2025,52,150,PT1 1,0.0
mean,2025,52,151,PT1 1,0.0
mean,2025,52,152,PT1 1,0.0
mean,2025,52,153,PT1 1,0.0
mean,2025,52,154,PT1 1,0.0
mean,2025,52,155,PT1 1,0.0
mean,2025,52,156,PT1 1,0.0
mean,2025,52,157,PT1 1,0.0
mean,2025,52,158,PT1 1,0.0
mean,2025,52,159,PT1 1,0.0
mean,2025,52,160,PT1 1,0.0
mean,2025,52,161,PT1 1,0.0
mean,2025,52,162,PT1 1,0.0
mean,2025,52,163,PT1 1,0.0
mean,2025,52,164,PT1 1,0.0
mean,2025,52,165,PT1 1,0.0
mean,2025,52,166,PT1 1,0.0
mean,2025,52,167,PT1 1,0.0
mean,2030,11,0,PT1 1,0.0
mean,2030,11,1,PT1 1,0.0
mean,2030,11,2,PT1 1,0.0
mean,2030,11,3,PT1 1,0.0
mean,2030,11,4,PT1 1,0.0
mean,2030,11,5,PT1 1,0.0
mean,2030,11,6,PT1 1,0.0
mean,2030,11,7,PT1 1,0.0
mean,2030,11,8,PT1 1,0.0
mean,2030,11,9,PT1 1,0.0
mean,2030,11,10,PT1 1,0.0
mean,2030,11,11,PT1 1,0.0
mean,2030,11,12,PT1 1,0.0
mean,2030,11,13,PT1 1,0.0
mean,2030,11,14,PT1 1,0.0
mean,2030,11,15,PT1 1,0.0
mean,2030,11,16,PT1 1,0.0
mean,2030,11,17,PT1 1,0.0
mean,2030,11,18,PT1 1,0.0
mean,2030,11,19,PT1 1,0.0
mean,2030,11,20,PT1 1,0.0
mean,2030,11,21,PT1 1,0.0
mean,2030,11,22,PT1 1,0.0
mean,2030,11,23,PT1 1,0.0
mean,2030,11,24,PT1 1,0.0
mean,2030,11,25,PT1 1,0.0
mean,2030,11,26,PT1 1,0.0
mean,2030,11,27,PT1 1,0.0
mean,2030,11,28,PT1 1,0.0
mean,2030,11,29,PT1 1,0.0
mean,2030,11,30,PT1 1,0.0
mean,2030,11,31,PT1 1,0.0
mean,2030,11,32,PT1 1,0.0
mean,2030,11,33,PT1 1,0.0
mean,2030,11,34,PT1 1,0.0
mean,2030,11,35,PT1 1,0.0
mean,2030,11,36,PT1 1,0.0
mean,2030,11,37,PT1 1,0.0
mean,2030,11,38,PT1 1,0.0
mean,2030,11,39,PT1 1,0.0
mean,2030,11,40,PT1 1,0.0
mean,2030,11,41,PT1 1,0.0
mean,2030,11,42,PT1 1,0.0
mean,2030,11,43,PT1 1,0.0
mean,2030,11,44,PT1 1,0.0
mean,2030,11,45,PT1 1,0.0
mean,2030,11,46,PT1 1,0.0
mean,2030,11,47,PT1 1,0.0
mean,2030,11,48,PT1 1,0.0
mean,2030,11,49,PT1 1,0.0
mean,2030,11,50,PT1 1,0.0
mean,2030,11,51,PT1 1,0.0
mean,2030,11,52,PT1 1,0.0
mean,2030,11,53,PT1 1,0.0
mean,2030,11,54,PT1 1,0.0
mean,2030,11,55,PT1 1,0.0
mean,2030,11,56,PT1 1,0.0
mean,2030,11,57,PT1 1,0.0
mean,2030,11,58,PT1 1,0.0
mean,2030,11,59,PT1 1,0.0
mean,2030,11,60,PT1 1,0.0
mean,2030,11,61,PT1 1,0.0
mean,2030,11,62,PT1 1,0.0
mean,2030,11,63,PT1 1,0.0
mean,2030,11,64,PT1 1,0.0
mean,2030,11,65,PT1 1,0.0
mean,2030,11,66,PT1 1,0.0
mean,2030,11,67,PT1 1,0.0
mean,2030,11,68,PT1 1,0.0
mean,2030,11,69,PT1 1,0.0
mean,2030,11,70,PT1 1,0.0
mean,2030,11,71,PT1 1,0.0
mean,2030,11,72,PT1 1,0.0
mean,2030,11,73,PT1 1,0.0
mean,2030,11,74,PT1 1,0.0
mean,2030,11,75,PT1 1,0.0
mean,2030,11,76,PT1 1,0.0
mean,2030,11,77,PT1 1,0.0
mean,2030,11,78,PT1 1,0.0
mean,2030,11,79,PT1 1,0.0
mean,2030,11,80,PT1 1,0.0
mean,2030,11,81,PT1 1,0.0
mean,2030,11,82,PT1 1,0.0
mean,2030,11,83,PT1 1,0.0
mean,2030,11,84,PT1 1,0.0
mean,2030,11,85,PT1 1,0.0
mean,2030,11,86,PT1 1,0.0
mean,2030,11,87,PT1 1,0.0
mean,2030,11,88,PT1 1,0.0
mean,2030,11,89,PT1 1,0.0
mean,2030,11,90,PT1 1,0.0
mean,2030,11,91,PT1 1,0.0
mean,2030,11,92,PT1 1,0.0
mean,2030,11,93,PT1 1,0.0
mean,2030,11,94,PT1 1,0.0
mean,2030,11,95,PT1 1,0.0
mean,2030,11,96,PT1 1,0.0
mean,2030,11,97,PT1 1,0.0
mean,2030,11,98,PT1 1,0.0
mean,2030,11,99,PT1 1,0.0
mean,2030,11,100,PT1 1,0.0
mean,2030,11,101,PT1 1,0.0
mean,2030,11,102,PT1 1,0.0
mean,2030,11,103,PT1 1,0.0
mean,2030,11,104,PT1 1,0.0
mean,2030,11,105,PT1 1,0.0
mean,2030,11,106,PT1 1,0.0
mean,2030,11,107,PT1 1,0.0
mean,2030,11,108,PT1 1,0.0
mean,2030,11,109,PT1 1,0.0
mean,2030,11,110,PT1 1,0.0
mean,2030,11,111,PT1 1,0.0
mean,2030,11,112,PT1 1,0.0
mean,2030,11,113,PT1 1,0.0
mean,2030,11,114,PT1 1,0.0
mean,2030,11,115,PT1 1,0.0
mean,2030,11,116,PT1 1,0.0
mean,2030,11,117,PT1 1,0.0
mean,2030,11,118,PT1 1,0.0
mean,2030,11,119,PT1 1,0.0
mean,2030,11,120,PT1 1,0.0
mean,2030,11,121,PT1 1,0.0
mean,2030,11,122,PT1 1,0.0
mean,2030,11,123,PT1 1,0.0
mean,2030,11,124,PT1 1,0.0
mean,2030,11,125,PT1 1,0.0
mean,2030,11,126,PT1 1,0.0
mean,2030,11,127,PT1 1,0.0
mean,2030,11,128,PT1 1,0.0
mean,2030,11,129,PT1 1,0.0
mean,2030,11,130,PT1 1,0.0
mean,2030,11,131,PT1 1,0.0
mean,2030,11,132,PT1 1,0.0
mean,2030,11,133,PT1 1,0.0
mean,2030,11,134,PT1 1,0.0
mean,2030,11,135,PT1 1,0.0
mean,2030,11,136,PT1 1,0.0
mean,2030,11,137,PT1 1,0.0
mean,2030,11,138,PT1 1,0.0
mean,2030,11,139,PT1 1,0.0
mean,2030,11,140,PT1 1,0.0
mean,2030,11,141,PT1 1,0.0
mean,2030,11,142,PT1 1,0.0
mean,2030,11,143,PT1 1,0.0
mean,2030,11,144,PT1 1,0.0
mean,2030,11,145,PT1 1,0.0
mean,2030,11,146,PT1 1,0.0
mean,2030,11,147,PT1 1,0.0
mean,2030,11,148,PT1 1,0.0
mean,2030,11,149,PT1 1,0.0
mean,2030,11,150,PT1 1,0.0
mean,2030,11,151,PT1 1,0.0
mean,2030,11,152,PT1 1,0.0
mean,2030,11,153,PT1 1,0.0
mean,2030,11,154,PT1 1,0.0
mean,2030,11,155,PT1 1,0.0
mean,2030,11,156,PT1 1,0.0
mean,2030,11,157,PT1 1,0.0
mean,2030,11,158,PT1 1,0.0
mean,2030,11,159,PT1 1,0.0
mean,2030,11,160,PT1 1,0.0
mean,2030,11,161,PT1 1,0.0
mean,2030,11,162,PT1 1,0.0
mean,2030,11,163,PT1 1,0.0
mean,2030,11,164,PT1 1,0.0
mean,2030,11,165,PT1 1,0.0
mean,2030,11,166,PT1 1,0.0
mean,2030,11,167,PT1 1,0.0
mean,2030,21,0,PT1 1,0.0
mean,2030,21,1,PT1 1,0.0
mean,2030,21,2,PT1 1,0.0
mean,2030,21,3,PT1 1,0.0
mean,2030,21,4,PT1 1,0.0
mean,2030,21,5,PT1 1,0.0
mean,2030,21,6,PT1 1,0.0
mean,2030,21,7,PT1 1,0.0
mean,2030,21,8,PT1 1,0.0
mean,2030,21,9,PT1 1,0.0
mean,2030,21,10,PT1 1,0.0
mean,2030,21,11,PT1 1,0.0
mean,2030,21,12,PT1 1,0.0
mean,2030,21,13,PT1 1,0.0
mean,2030,21,14,PT1 1,0.0
mean,2030,21,15,PT1 1,0.0
mean,2030,21,16,PT1 1,0.0
mean,2030,21,17,PT1 1,0.0
mean,2030,21,18,PT1 1,0.0
mean,2030,21,19,PT1 1,0.0
mean,2030,21,20,PT1 1,0.0
mean,2030,21,21,PT1 1,0.0
mean,2030,21,22,PT1 1,0.0
mean,2030,21,23,PT1 1,0.0
mean,2030,21,24,PT1 1,0.0
mean,2030,21,25,PT1 1,0.0
mean,2030,21,26,PT1 1,0.0
mean,2030,21,27,PT1 1,0.0
mean,2030,21,28,PT1 1,0.0
mean,2030,21,29,PT1 1,0.0
mean,2030,21,30,PT1 1,0.0
mean,2030,21,31,PT1 1,0.0
mean,2030,21,32,PT1 1,0.0
mean,2030,21,33,PT1 1,0.0
mean,2030,21,34,PT1 1,0.0
mean,2030,21,35,PT1 1,0.0
mean,2030,21,36,PT1 1,0.0
mean,2030,21,37,PT1 1,0.0
mean,2030,21,38,PT1 1,0.0
mean,2030,21,39,PT1 1,0.0
mean,2030,21,40,PT1 1,0.0
mean,2030,21,41,PT1 1,0.0
mean,2030,21,42,PT1 1,0.0
mean,2030,21,43,PT1 1,0.0
mean,2030,21,44,PT1 1,0.0
mean,2030,21,45,PT1 1,0.0
mean,2030,21,46,PT1 1,0.0
mean,2030,21,47,PT1 1,0.0
mean,2030,21,48,PT1 1,0.0
mean,2030,21,49,PT1 1,0.0
mean,2030,21,50,PT1 1,0.0
mean,2030,21,51,PT1 1,0.0
mean,2030,21,52,PT1 1,0.0
mean,2030,21,53,PT1 1,0.0
mean,2030,21,54,PT1 1,0.0
mean,2030,21,55,PT1 1,0.0
mean,2030,21,56,PT1 1,0.0
mean,2030,21,57,PT1 1,0.0
mean,2030,21,58,PT1 1,0.0
mean,2030,21,59,PT1 1,0.0
mean,2030,21,60,PT1 1,0.0
mean,2030,21,61,PT1 1,0.0
mean,2030,21,62,PT1 1,0.0
mean,2030,21,63,PT1 1,0.0
mean,2030,21,64,PT1 1,0.0
mean,2030,21,65,PT1 1,0.0
mean,2030,21,66,PT1 1,0.0
mean,2030,21,67,PT1 1,0.0
mean,2030,21,68,PT1 1,0.0
mean,2030,21,69,PT1 1,0.0
mean,2030,21,70,PT1 1,0.0
mean,2030,21,71,PT1 1,0.0
mean,2030,21,72,PT1 1,0.0
mean,2030,21,73,PT1 1,0.0
mean,2030,21,74,PT1 1,0.0
mean,2030,21,75,PT1 1,0.0
mean,2030,21,76,PT1 1,0.0
mean,2030,21,77,PT1 1,0.0
mean,2030,21,78,PT1 1,0.0
mean,2030,21,79,PT1 1,0.0
mean,2030,21,80,PT1 1,0.0
mean,2030,21,81,PT1 1,0.0
mean,2030,21,82,PT1 1,0.0
mean,2030,21,83,PT1 1,0.0
mean,2030,21,84,PT1 1,0.0
mean,2030,21,85,PT1 1,0.0
mean,2030,21,86,PT1 1,0.0
mean,2030,21,87,PT1 1,0.0
mean,2030,21,88,PT1 1,0.0
mean,2030,21,89,PT1 1,0.0
mean,2030,21,90,PT1 1,0.0
mean,2030,21,91,PT1 1,0.0
mean,2030,21,92,PT1 1,0.0
mean,2030,21,93,PT1 1,0.0
mean,2030,21,94,PT1 1,0.0
mean,2030,21,95,PT1 1,0.0
mean,2030,21,96,PT1 1,0.0
mean,2030,21,97,PT1 1,0.0
mean,2030,21,98,PT1 1,0.0
mean,2030,21,99,PT1 1,0.0
mean,2030,21,100,PT1 1,0.0
mean,2030,21,101,PT1 1,0.0
mean,2030,21,102,PT1 1,0.0
mean,2030,21,103,PT1 1,0.0
mean,2030,21,104,PT1 1,0.0
mean,2030,21,105,PT1 1,0.0
mean,2030,21,106,PT1 1,0.0
mean,2030,21,107,PT1 1,0.0
mean,2030,21,108,PT1 1,0.0
mean,2030,21,109,PT1 1,0.0
mean,2030,21,110,PT1 1,0.0
mean,2030,21,111,PT1 1,0.0
mean,2030,21,112,PT1 1,0.0
mean,2030,21,113,PT1 1,0.0
mean,2030,21,114,PT1 1,0.0
mean,2030,21,115,PT1 1,0.0
mean,2030,21,116,PT1 1,0.0
mean,2030,21,117,PT1 1,0.0
mean,2030,21,118,PT1 1,0.0
mean,2030,21,119,PT1 1,0.0
mean,2030,21,120,PT1 1,0.0
mean,2030,21,121,PT1 1,0.0
mean,2030,21,122,PT1 1,0.0
mean,2030,21,123,PT1 1,0.0
mean,2030,21,124,PT1 1,0.0
mean,2030,21,125,PT1 1,0.0
mean,2030,21,126,PT1 1,0.0
mean,2030,21,127,PT1 1,0.0
mean,2030,21,128,PT1 1,0.0
mean,2030,21,129,PT1 1,0.0
mean,2030,21,130,PT1 1,0.0
mean,2030,21,131,PT1 1,0.0
mean,2030,21,132,PT1 1,0.0
mean,2030,21,133,PT1 1,0.0
mean,2030,21,134,PT1 1,0.0
mean,2030,21,135,PT1 1,0.0
mean,2030,21,136,PT1 1,0.0
mean,2030,21,137,PT1 1,0.0
mean,2030,21,138,PT1 1,0.0
mean,2030,21,139,PT1 1,0.0
mean,2030,21,140,PT1 1,0.0
mean,2030,21,141,PT1 1,0.0
mean,2030,21,142,PT1 1,0.0
mean,2030,21,143,PT1 1,0.0
mean,2030,21,144,PT1 1,0.0
mean,2030,21,145,PT1 1,0.0
mean,2030,21,146,PT1 1,0.0
mean,2030,21,147,PT1 1,0.0
mean,2030,21,148,PT1 1,0.0
mean,2030,21,149,PT1 1,0.0
mean,2030,21,150,PT1 1,0.0
mean,2030,21,151,PT1 1,0.0
mean,2030,21,152,PT1 1,0.0
mean,2030,21,153,PT1 1,0.0
mean,2030,21,154,PT1 1,0.0
mean,2030,21,155,PT1 1,0.0
mean,2030,21,156,PT1 1,0.0
mean,2030,21,157,PT1 1,0.0
mean,2030,21,158,PT1 1,0.0
mean,2030,21,159,PT1 1,0.0
mean,2030,21,160,PT1 1,0.0
mean,2030,21,161,PT1 1,0.0
mean,2030,21,162,PT1 1,0.0
mean,2030,21,163,PT1 1,0.0
mean,2030,21,164,PT1 1,0.0
mean,2030,21,165,PT1 1,0.0
mean,2030,21,166,PT1 1,0.0
mean,2030,21,167,PT1 1,0.0
mean,2030,42,0,PT1 1,0.0
mean,2030,42,1,PT1 1,0.0
mean,2030,42,2,PT1 1,0.0
mean,2030,42,3,PT1 1,0.0
mean,2030,42,4,PT1 1,0.0
mean,2030,42,5,PT1 1,0.0
mean,2030,42,6,PT1 1,0.0
mean,2030,42,7,PT1 1,0.0
mean,2030,42,8,PT1 1,0.0
mean,2030,42,9,PT1 1,0.0
mean,2030,42,10,PT1 1,0.0
mean,2030,42,11,PT1 1,0.0
mean,2030,42,12,PT1 1,0.0
mean,2030,42,13,PT1 1,0.0
mean,2030,42,14,PT1 1,0.0
mean,2030,42,15,PT1 1,0.0
mean,2030,42,16,PT1 1,0.0
mean,2030,42,17,PT1 1,0.0
mean,2030,42,18,PT1 1,0.0
mean,2030,42,19,PT1 1,0.0
mean,2030,42,20,PT1 1,0.0
mean,2030,42,21,PT1 1,0.0
mean,2030,42,22,PT1 1,0.0
mean,2030,42,23,PT1 1,0.0
mean,2030,42,24,PT1 1,0.0
mean,2030,42,25,PT1 1,0.0
mean,2030,42,26,PT1 1,0.0
mean,2030,42,27,PT1 1,0.0
mean,2030,42,28,PT1 1,0.0
mean,2030,42,29,PT1 1,0.0
mean,2030,42,30,PT1 1,0.0
mean,2030,42,31,PT1 1,0.0
mean,2030,42,32,PT1 1,0.0
mean,2030,42,33,PT1 1,0.0
mean,2030,42,34,PT1 1,0.0
mean,2030,42,35,PT1 1,0.0
mean,2030,42,36,PT1 1,0.0
mean,2030,42,37,PT1 1,0.0
mean,2030,42,38,PT1 1,0.0
mean,2030,42,39,PT1 1,0.0
mean,2030,42,40,PT1 1,0.0
mean,2030,42,41,PT1 1,0.0
mean,2030,42,42,PT1 1,0.0
mean,2030,42,43,PT1 1,0.0
mean,2030,42,44,PT1 1,0.0
mean,2030,42,45,PT1 1,0.0
mean,2030,42,46,PT1 1,0.0
mean,2030,42,47,PT1 1,0.0
mean,2030,42,48,PT1 1,0.0
mean,2030,42,49,PT1 1,0.0
mean,2030,42,50,PT1 1,0.0
mean,2030,42,51,PT1 1,0.0
mean,2030,42,52,PT1 1,0.0
mean,2030,42,53,PT1 1,0.0
mean,2030,42,54,PT1 1,0.0
mean,2030,42,55,PT1 1,0.0
mean,2030,42,56,PT1 1,0.0
mean,2030,42,57,PT1 1,0.0
mean,2030,42,58,PT1 1,0.0
mean,2030,42,59,PT1 1,0.0
mean,2030,42,60,PT1 1,0.0
mean,2030,42,61,PT1 1,0.0
mean,2030,42,62,PT1 1,0.0
mean,2030,42,63,PT1 1,0.0
mean,2030,42,64,PT1 1,0.0
mean,2030,42,65,PT1 1,0.0
mean,2030,42,66,PT1 1,0.0
mean,2030,42,67,PT1 1,0.0
mean,2030,42,68,PT1 1,0.0
mean,2030,42,69,PT1 1,0.0
mean,2030,42,70,PT1 1,0.0
mean,2030,42,71,PT1 1,0.0
mean,2030,42,72,PT1 1,0.0
mean,2030,42,73,PT1 1,0.0
mean,2030,42,74,PT1 1,0.0
mean,2030,42,75,PT1 1,0.0
mean,2030,42,76,PT1 1,0.0
mean,2030,42,77,PT1 1,0.0
mean,2030,42,78,PT1 1,0.0
mean,2030,42,79,PT1 1,0.0
mean,2030,42,80,PT1 1,0.0
mean,2030,42,81,PT1 1,0.0
mean,2030,42,82,PT1 1,0.0
mean,2030,42,83,PT1 1,0.0
mean,2030,42,84,PT1 1,0.0
mean,2030,42,85,PT1 1,0.0
mean,2030,42,86,PT1 1,0.0
mean,2030,42,87,PT1 1,0.0
mean,2030,42,88,PT1 1,0.0
mean,2030,42,89,PT1 1,0.0
mean,2030,42,90,PT1 1,0.0
mean,2030,42,91,PT1 1,0.0
mean,2030,42,92,PT1 1,0.0
mean,2030,42,93,PT1 1,0.0
mean,2030,42,94,PT1 1,0.0
mean,2030,42,95,PT1 1,0.0
mean,2030,42,96,PT1 1,0.0
mean,2030,42,97,PT1 1,0.0
mean,2030,42,98,PT1 1,0.0
mean,2030,42,99,PT1 1,0.0
mean,2030,42,100,PT1 1,0.0
mean,2030,42,101,PT1 1,0.0
mean,2030,42,102,PT1 1,0.0
mean,2030,42,103,PT1 1,0.0
mean,2030,42,104,PT1 1,0.0
mean,2030,42,105,PT1 1,0.0
mean,2030,42,106,PT1 1,0.0
mean,2030,42,107,PT1 1,0.0
mean,2030,42,108,PT1 1,0.0
mean,2030,42,109,PT1 1,0.0
mean,2030,42,110,PT1 1,0.0
mean,2030,42,111,PT1 1,0.0
mean,2030,42,112,PT1 1,0.0
mean,2030,42,113,PT1 1,0.0
mean,2030,42,114,PT1 1,0.0
mean,2030,42,115,PT1 1,0.0
mean,2030,42,116,PT1 1,0.0
mean,2030,42,117,PT1 1,0.0
mean,2030,42,118,PT1 1,0.0
mean,2030,42,119,PT1 1,0.0
mean,2030,42,120,PT1 1,0.0
mean,2030,42,121,PT1 1,0.0
mean,2030,42,122,PT1 1,0.0
mean,2030,42,123,PT1 1,0.0
mean,2030,42,124,PT1 1,0.0
mean,2030,42,125,PT1 1,0.0
mean,2030,42,126,PT1 1,0.0
mean,2030,42,127,PT1 1,0.0
mean,2030,42,128,PT1 1,0.0
mean,2030,42,129,PT1 1,0.0
mean,2030,42,130,PT1 1,0.0
mean,2030,42,131,PT1 1,0.0
mean,2030,42,132,PT1 1,0.0
mean,2030,42,133,PT1 1,0.0
mean,2030,42,134,PT1 1,0.0
mean,2030,42,135,PT1 1,0.0
mean,2030,42,136,PT1 1,0.0
mean,2030,42,137,PT1 1,0.0
mean,2030,42,138,PT1 1,0.0
mean,2030,42,139,PT1 1,0.0
mean,2030,42,140,PT1 1,0.0
mean,2030,42,141,PT1 1,0.0
mean,2030,42,142,PT1 1,0.0
mean,2030,42,143,PT1 1,0.0
mean,2030,42,144,PT1 1,0.0
mean,2030,42,145,PT1 1,0.0
mean,2030,42,146,PT1 1,0.0
mean,2030,42,147,PT1 1,0.0
mean,2030,42,148,PT1 1,0.0
mean,2030,42,149,PT1 1,0.0
mean,2030,42,150,PT1 1,0.0
mean,2030,42,151,PT1 1,0.0
mean,2030,42,152,PT1 1,0.0
mean,2030,42,153,PT1 1,0.0
mean,2030,42,154,PT1 1,0.0
mean,2030,42,155,PT1 1,0.0
mean,2030,42,156,PT1 1,0.0
mean,2030,42,157,PT1 1,0.0
mean,2030,42,158,PT1 1,0.0
mean,2030,42,159,PT1 1,0.0
mean,2030,42,160,PT1 1,0.0
mean,2030,42,161,PT1 1,0.0
mean,2030,42,162,PT1 1,0.0
mean,2030,42,163,PT1 1,0.0
mean,2030,42,164,PT1 1,0.0
mean,2030,42,165,PT1 1,0.0
mean,2030,42,166,PT1 1,0.0
mean,2030,42,167,PT1 1,0.0
mean,2030,52,0,PT1 1,0.0
mean,2030,52,1,PT1 1,0.0
mean,2030,52,2,PT1 1,0.0
mean,2030,52,3,PT1 1,0.0
mean,2030,52,4,PT1 1,0.0
mean,2030,52,5,PT1 1,0.0
mean,2030,52,6,PT1 1,0.0
mean,2030,52,7,PT1 1,0.0
mean,2030,52,8,PT1 1,0.0
mean,2030,52,9,PT1 1,0.0
mean,2030,52,10,PT1 1,0.0
mean,2030,52,11,PT1 1,0.0
mean,2030,52,12,PT1 1,0.0
mean,2030,52,13,PT1 1,0.0
mean,2030,52,14,PT1 1,0.0
mean,2030,52,15,PT1 1,0.0
mean,2030,52,16,PT1 1,0.0
mean,2030,52,17,PT1 1,0.0
mean,2030,52,18,PT1 1,0.0
mean,2030,52,19,PT1 1,0.0
mean,2030,52,20,PT1 1,0.0
mean,2030,52,21,PT1 1,0.0
mean,2030,52,22,PT1 1,0.0
mean,2030,52,23,PT1 1,0.0
mean,2030,52,24,PT1 1,0.0
mean,2030,52,25,PT1 1,0.0
mean,2030,52,26,PT1 1,0.0
mean,2030,52,27,PT1 1,0.0
mean,2030,52,28,PT1 1,0.0
mean,2030,52,29,PT1 1,0.0
mean,2030,52,30,PT1 1,0.0
mean,2030,52,31,PT1 1,0.0
mean,2030,52,32,PT1 1,0.0
mean,2030,52,33,PT1 1,0.0
mean,2030,52,34,PT1 1,0.0
mean,2030,52,35,PT1 1,0.0
mean,2030,52,36,PT1 1,0.0
mean,2030,52,37,PT1 1,0.0
mean,2030,52,38,PT1 1,0.0
mean,2030,52,39,PT1 1,0.0
mean,2030,52,40,PT1 1,0.0
mean,2030,52,41,PT1 1,0.0
mean,2030,52,42,PT1 1,0.0
mean,2030,52,43,PT1 1,0.0
mean,2030,52,44,PT1 1,0.0
mean,2030,52,45,PT1 1,0.0
mean,2030,52,46,PT1 1,0.0
mean,2030,52,47,PT1 1,0.0
mean,2030,52,48,PT1 1,0.0
mean,2030,52,49,PT1 1,0.0
mean,2030,52,50,PT1 1,0.0
mean,2030,52,51,PT1 1,0.0
mean,2030,52,52,PT1 1,0.0
mean,2030,52,53,PT1 1,0.0
mean,2030,52,54,PT1 1,0.0
mean,2030,52,55,PT1 1,0.0
mean,2030,52,56,PT1 1,0.0
mean,2030,52,57,PT1 1,0.0
mean,2030,52,58,PT1 1,0.0
mean,2030,52,59,PT1 1,0.0
mean,2030,52,60,PT1 1,0.0
mean,2030,52,61,PT1 1,0.0
mean,2030,52,62,PT1 1,0.0
mean,2030,52,63,PT1 1,0.0
mean,2030,52,64,PT1 1,0.0
mean,2030,52,65,PT1 1,0.0
mean,2030,52,66,PT1 1,0.0
mean,2030,52,67,PT1 1,0.0
mean,2030,52,68,PT1 1,0.0
mean,2030,52,69,PT1 1,0.0
mean,2030,52,70,PT1 1,0.0
mean,2030,52,71,PT1 1,0.0
mean,2030,52,72,PT1 1,0.0
mean,2030,52,73,PT1 1,0.0
mean,2030,52,74,PT1 1,0.0
mean,2030,52,75,PT1 1,0.0
mean,2030,52,76,PT1 1,0.0
mean,2030,52,77,PT1 1,0.0
mean,2030,52,78,PT1 1,0.0
mean,2030,52,79,PT1 1,0.0
mean,2030,52,80,PT1 1,0.0
mean,2030,52,81,PT1 1,0.0
mean,2030,52,82,PT1 1,0.0
mean,2030,52,83,PT1 1,0.0
mean,2030,52,84,PT1 1,0.0
mean,2030,52,85,PT1 1,0.0
mean,2030,52,86,PT1 1,0.0
mean,2030,52,87,PT1 1,0.0
mean,2030,52,88,PT1 1,0.0
mean,2030,52,89,PT1 1,0.0
mean,2030,52,90,PT1 1,0.0
mean,2030,52,91,PT1 1,0.0
mean,2030,52,92,PT1 1,0.0
mean,2030,52,93,PT1 1,0.0
mean,2030,52,94,PT1 1,0.0
mean,2030,52,95,PT1 1,0.0
mean,2030,52,96,PT1 1,0.0
mean,2030,52,97,PT1 1,0.0
mean,2030,52,98,PT1 1,0.0
mean,2030,52,99,PT1 1,0.0
mean,2030,52,100,PT1 1,0.0
mean,2030,52,101,PT1 1,0.0
mean,2030,52,102,PT1 1,0.0
mean,2030,52,103,PT1 1,0.0
mean,2030,52,104,PT1 1,0.0
mean,2030,52,105,PT1 1,0.0
mean,2030,52,106,PT1 1,0.0
mean,2030,52,107,PT1 1,0.0
mean,2030,52,108,PT1 1,0.0
mean,2030,52,109,PT1 1,0.0
mean,2030,52,110,PT1 1,0.0
mean,2030,52,111,PT1 1,0.0
mean,2030,52,112,PT1 1,0.0
mean,2030,52,113,PT1 1,0.0
mean,2030,52,114,PT1 1,0.0
mean,2030,52,115,PT1 1,0.0
mean,2030,52,116,PT1 1,0.0
mean,2030,52,117,PT1 1,0.0
mean,2030,52,118,PT1 1,0.0
mean,2030,52,119,PT1 1,0.0
mean,2030,52,120,PT1 1,0.0
mean,2030,52,121,PT1 1,0.0
mean,2030,52,122,PT1 1,0.0
mean,2030,52,123,PT1 1,0.0
mean,2030,52,124,PT1 1,0.0
mean,2030,52,125,PT1 1,0.0
mean,2030,52,126,PT1 1,0.0
mean,2030,52,127,PT1 1,0.0
mean,2030,52,128,PT1 1,0.0
mean,2030,52,129,PT1 1,0.0
mean,2030,52,130,PT1 1,0.0
mean,2030,52,131,PT1 1,0.0
mean,2030,52,132,PT1 1,0.0
mean,2030,52,133,PT1 1,0.0
mean,2030,52,134,PT1 1,0.0
mean,2030,52,135,PT1 1,0.0
mean,2030,52,136,PT1 1,0.0
mean,2030,52,137,PT1 1,0.0
mean,2030,52,138,PT1 1,0.0
mean,2030,52,139,PT1 1,0.0
mean,2030,52,140,PT1 1,0.0
mean,2030,52,141,PT1 1,0.0
mean,2030,52,142,PT1 1,0.0
mean,2030,52,143,PT1 1,0.0
mean,2030,52,144,PT1 1,0.0
mean,2030,52,145,PT1 1,0.0
mean,2030,52,146,PT1 1,0.0
mean,2030,52,147,PT1 1,0.0
mean,2030,52,148,PT1 1,0.0
mean,2030,52,149,PT1 1,0.0
mean,2030,52,150,PT1 1,0.0
mean,2030,52,151,PT1 1,0.0
mean,2030,52,152,PT1 1,0.0
mean,2030,52,153,PT1 1,0.0
mean,2030,52,154,PT1 1,0.0
mean,2030,52,155,PT1 1,0.0
mean,2030,52,156,PT1 1,0.0
mean,2030,52,157,PT1 1,0.0
mean,2030,52,158,PT1 1,0.0
mean,2030,52,159,PT1 1,0.0
mean,2030,52,160,PT1 1,0.0
mean,2030,52,161,PT1 1,0.0
mean,2030,52,162,PT1 1,0.0
mean,2030,52,163,PT1 1,0.0
mean,2030,52,164,PT1 1,0.0
mean,2030,52,165,PT1 1,0.0
mean,2030,52,166,PT1 1,0.0
mean,2030,52,167,PT1 1,0.0
mean,2040,11,0,PT1 1,0.0
mean,2040,11,1,PT1 1,0.0
mean,2040,11,2,PT1 1,0.0
mean,2040,11,3,PT1 1,0.0
mean,2040,11,4,PT1 1,0.0
mean,2040,11,5,PT1 1,0.0
mean,2040,11,6,PT1 1,0.0
mean,2040,11,7,PT1 1,0.0
mean,2040,11,8,PT1 1,0.0
mean,2040,11,9,PT1 1,0.0
mean,2040,11,10,PT1 1,0.0
mean,2040,11,11,PT1 1,0.0
mean,2040,11,12,PT1 1,0.0
mean,2040,11,13,PT1 1,0.0
mean,2040,11,14,PT1 1,0.0
mean,2040,11,15,PT1 1,0.0
mean,2040,11,16,PT1 1,0.0
mean,2040,11,17,PT1 1,0.0
mean,2040,11,18,PT1 1,0.0
mean,2040,11,19,PT1 1,0.0
mean,2040,11,20,PT1 1,0.0
mean,2040,11,21,PT1 1,0.0
mean,2040,11,22,PT1 1,0.0
mean,2040,11,23,PT1 1,0.0
mean,2040,11,24,PT1 1,0.0
mean,2040,11,25,PT1 1,0.0
mean,2040,11,26,PT1 1,0.0
mean,2040,11,27,PT1 1,0.0
mean,2040,11,28,PT1 1,0.0
mean,2040,11,29,PT1 1,0.0
mean,2040,11,30,PT1 1,0.0
mean,2040,11,31,PT1 1,0.0
mean,2040,11,32,PT1 1,0.0
mean,2040,11,33,PT1 1,0.0
mean,2040,11,34,PT1 1,0.0
mean,2040,11,35,PT1 1,0.0
mean,2040,11,36,PT1 1,0.0
mean,2040,11,37,PT1 1,0.0
mean,2040,11,38,PT1 1,0.0
mean,2040,11,39,PT1 1,0.0
mean,2040,11,40,PT1 1,0.0
mean,2040,11,41,PT1 1,0.0
mean,2040,11,42,PT1 1,0.0
mean,2040,11,43,PT1 1,0.0
mean,2040,11,44,PT1 1,0.0
mean,2040,11,45,PT1 1,0.0
mean,2040,11,46,PT1 1,0.0
mean,2040,11,47,PT1 1,0.0
mean,2040,11,48,PT1 1,0.0
mean,2040,11,49,PT1 1,0.0
mean,2040,11,50,PT1 1,0.0
mean,2040,11,51,PT1 1,0.0
mean,2040,11,52,PT1 1,0.0
mean,2040,11,53,PT1 1,0.0
mean,2040,11,54,PT1 1,0.0
mean,2040,11,55,PT1 1,0.0
mean,2040,11,56,PT1 1,0.0
mean,2040,11,57,PT1 1,0.0
mean,2040,11,58,PT1 1,0.0
mean,2040,11,59,PT1 1,0.0
mean,2040,11,60,PT1 1,0.0
mean,2040,11,61,PT1 1,0.0
mean,2040,11,62,PT1 1,0.0
mean,2040,11,63,PT1 1,0.0
mean,2040,11,64,PT1 1,0.0
mean,2040,11,65,PT1 1,0.0
mean,2040,11,66,PT1 1,0.0
mean,2040,11,67,PT1 1,0.0
mean,2040,11,68,PT1 1,0.0
mean,2040,11,69,PT1 1,0.0
mean,2040,11,70,PT1 1,0.0
mean,2040,11,71,PT1 1,0.0
mean,2040,11,72,PT1 1,0.0
mean,2040,11,73,PT1 1,0.0
mean,2040,11,74,PT1 1,0.0
mean,2040,11,75,PT1 1,0.0
mean,2040,11,76,PT1 1,0.0
mean,2040,11,77,PT1 1,0.0
mean,2040,11,78,PT1 1,0.0
mean,2040,11,79,PT1 1,0.0
mean,2040,11,80,PT1 1,0.0
mean,2040,11,81,PT1 1,0.0
mean,2040,11,82,PT1 1,0.0
mean,2040,11,83,PT1 1,0.0
mean,2040,11,84,PT1 1,0.0
mean,2040,11,85,PT1 1,0.0
mean,2040,11,86,PT1 1,0.0
mean,2040,11,87,PT1 1,0.0
mean,2040,11,88,PT1 1,0.0
mean,2040,11,89,PT1 1,0.0
mean,2040,11,90,PT1 1,0.0
mean,2040,11,91,PT1 1,0.0
mean,2040,11,92,PT1 1,0.0
mean,2040,11,93,PT1 1,0.0
mean,2040,11,94,PT1 1,0.0
mean,2040,11,95,PT1 1,0.0
mean,2040,11,96,PT1 1,0.0
mean,2040,11,97,PT1 1,0.0
mean,2040,11,98,PT1 1,0.0
mean,2040,11,99,PT1 1,0.0
mean,2040,11,100,PT1 1,0.0
mean,2040,11,101,PT1 1,0.0
mean,2040,11,102,PT1 1,0.0
mean,2040,11,103,PT1 1,0.0
mean,2040,11,104,PT1 1,0.0
mean,2040,11,105,PT1 1,0.0
mean,2040,11,106,PT1 1,0.0
mean,2040,11,107,PT1 1,0.0
mean,2040,11,108,PT1 1,0.0
mean,2040,11,109,PT1 1,0.0
mean,2040,11,110,PT1 1,0.0
mean,2040,11,111,PT1 1,0.0
mean,2040,11,112,PT1 1,0.0
mean,2040,11,113,PT1 1,0.0
mean,2040,11,114,PT1 1,0.0
mean,2040,11,115,PT1 1,0.0
mean,2040,11,116,PT1 1,0.0
mean,2040,11,117,PT1 1,0.0
mean,2040,11,118,PT1 1,0.0
mean,2040,11,119,PT1 1,0.0
mean,2040,11,120,PT1 1,0.0
mean,2040,11,121,PT1 1,0.0
mean,2040,11,122,PT1 1,0.0
mean,2040,11,123,PT1 1,0.0
mean,2040,11,124,PT1 1,0.0
mean,2040,11,125,PT1 1,0.0
mean,2040,11,126,PT1 1,0.0
mean,2040,11,127,PT1 1,0.0
mean,2040,11,128,PT1 1,0.0
mean,2040,11,129,PT1 1,0.0
mean,2040,11,130,PT1 1,0.0
mean,2040,11,131,PT1 1,0.0
mean,2040,11,132,PT1 1,0.0
mean,2040,11,133,PT1 1,0.0
mean,2040,11,134,PT1 1,0.0
mean,2040,11,135,PT1 1,0.0
mean,2040,11,136,PT1 1,0.0
mean,2040,11,137,PT1 1,0.0
mean,2040,11,138,PT1 1,0.0
mean,2040,11,139,PT1 1,0.0
mean,2040,11,140,PT1 1,0.0
mean,2040,11,141,PT1 1,0.0
mean,2040,11,142,PT1 1,0.0
mean,2040,11,143,PT1 1,0.0
mean,2040,11,144,PT1 1,0.0
mean,2040,11,145,PT1 1,0.0
mean,2040,11,146,PT1 1,0.0
mean,2040,11,147,PT1 1,0.0
mean,2040,11,148,PT1 1,0.0
mean,2040,11,149,PT1 1,0.0
mean,2040,11,150,PT1 1,0.0
mean,2040,11,151,PT1 1,0.0
mean,2040,11,152,PT1 1,0.0
mean,2040,11,153,PT1 1,0.0
mean,2040,11,154,PT1 1,0.0
mean,2040,11,155,PT1 1,0.0
mean,2040,11,156,PT1 1,0.0
mean,2040,11,157,PT1 1,0.0
mean,2040,11,158,PT1 1,0.0
mean,2040,11,159,PT1 1,0.0
mean,2040,11,160,PT1 1,0.0
mean,2040,11,161,PT1 1,0.0
mean,2040,11,162,PT1 1,0.0
mean,2040,11,163,PT1 1,0.0
mean,2040,11,164,PT1 1,0.0
mean,2040,11,165,PT1 1,0.0
mean,2040,11,166,PT1 1,0.0
mean,2040,11,167,PT1 1,0.0
mean,2040,21,0,PT1 1,0.0
mean,2040,21,1,PT1 1,0.0
mean,2040,21,2,PT1 1,0.0
mean,2040,21,3,PT1 1,0.0
mean,2040,21,4,PT1 1,0.0
mean,2040,21,5,PT1 1,0.0
mean,2040,21,6,PT1 1,0.0
mean,2040,21,7,PT1 1,0.0
mean,2040,21,8,PT1 1,0.0
mean,2040,21,9,PT1 1,0.0
mean,2040,21,10,PT1 1,0.0
mean,2040,21,11,PT1 1,0.0
mean,2040,21,12,PT1 1,0.0
mean,2040,21,13,PT1 1,0.0
mean,2040,21,14,PT1 1,0.0
mean,2040,21,15,PT1 1,0.0
mean,2040,21,16,PT1 1,0.0
mean,2040,21,17,PT1 1,0.0
mean,2040,21,18,PT1 1,0.0
mean,2040,21,19,PT1 1,0.0
mean,2040,21,20,PT1 1,0.0
mean,2040,21,21,PT1 1,0.0
mean,2040,21,22,PT1 1,0.0
mean,2040,21,23,PT1 1,0.0
mean,2040,21,24,PT1 1,0.0
mean,2040,21,25,PT1 1,0.0
mean,2040,21,26,PT1 1,0.0
mean,2040,21,27,PT1 1,0.0
mean,2040,21,28,PT1 1,0.0
mean,2040,21,29,PT1 1,0.0
mean,2040,21,30,PT1 1,0.0
mean,2040,21,31,PT1 1,0.0
mean,2040,21,32,PT1 1,0.0
mean,2040,21,33,PT1 1,0.0
mean,2040,21,34,PT1 1,0.0
mean,2040,21,35,PT1 1,0.0
mean,2040,21,36,PT1 1,0.0
mean,2040,21,37,PT1 1,0.0
mean,2040,21,38,PT1 1,0.0
mean,2040,21,39,PT1 1,0.0
mean,2040,21,40,PT1 1,0.0
mean,2040,21,41,PT1 1,0.0
mean,2040,21,42,PT1 1,0.0
mean,2040,21,43,PT1 1,0.0
mean,2040,21,44,PT1 1,0.0
mean,2040,21,45,PT1 1,0.0
mean,2040,21,46,PT1 1,0.0
mean,2040,21,47,PT1 1,0.0
mean,2040,21,48,PT1 1,0.0
mean,2040,21,49,PT1 1,0.0
mean,2040,21,50,PT1 1,0.0
mean,2040,21,51,PT1 1,0.0
mean,2040,21,52,PT1 1,0.0
mean,2040,21,53,PT1 1,0.0
mean,2040,21,54,PT1 1,0.0
mean,2040,21,55,PT1 1,0.0
mean,2040,21,56,PT1 1,0.0
mean,2040,21,57,PT1 1,0.0
mean,2040,21,58,PT1 1,0.0
mean,2040,21,59,PT1 1,0.0
mean,2040,21,60,PT1 1,0.0
mean,2040,21,61,PT1 1,0.0
mean,2040,21,62,PT1 1,0.0
mean,2040,21,63,PT1 1,0.0
mean,2040,21,64,PT1 1,0.0
mean,2040,21,65,PT1 1,0.0
mean,2040,21,66,PT1 1,0.0
mean,2040,21,67,PT1 1,0.0
mean,2040,21,68,PT1 1,0.0
mean,2040,21,69,PT1 1,0.0
mean,2040,21,70,PT1 1,0.0
mean,2040,21,71,PT1 1,0.0
mean,2040,21,72,PT1 1,0.0
mean,2040,21,73,PT1 1,0.0
mean,2040,21,74,PT1 1,0.0
mean,2040,21,75,PT1 1,0.0
mean,2040,21,76,PT1 1,0.0
mean,2040,21,77,PT1 1,0.0
mean,2040,21,78,PT1 1,0.0
mean,2040,21,79,PT1 1,0.0
mean,2040,21,80,PT1 1,0.0
mean,2040,21,81,PT1 1,0.0
mean,2040,21,82,PT1 1,0.0
mean,2040,21,83,PT1 1,0.0
mean,2040,21,84,PT1 1,0.0
mean,2040,21,85,PT1 1,0.0
mean,2040,21,86,PT1 1,0.0
mean,2040,21,87,PT1 1,0.0
mean,2040,21,88,PT1 1,0.0
mean,2040,21,89,PT1 1,0.0
mean,2040,21,90,PT1 1,0.0
mean,2040,21,91,PT1 1,0.0
mean,2040,21,92,PT1 1,0.0
mean,2040,21,93,PT1 1,0.0
mean,2040,21,94,PT1 1,0.0
mean,2040,21,95,PT1 1,0.0
mean,2040,21,96,PT1 1,0.0
mean,2040,21,97,PT1 1,0.0
mean,2040,21,98,PT1 1,0.0
mean,2040,21,99,PT1 1,0.0
mean,2040,21,100,PT1 1,0.0
mean,2040,21,101,PT1 1,0.0
mean,2040,21,102,PT1 1,0.0
mean,2040,21,103,PT1 1,0.0
mean,2040,21,104,PT1 1,0.0
mean,2040,21,105,PT1 1,0.0
mean,2040,21,106,PT1 1,0.0
mean,2040,21,107,PT1 1,0.0
mean,2040,21,108,PT1 1,0.0
mean,2040,21,109,PT1 1,0.0
mean,2040,21,110,PT1 1,0.0
mean,2040,21,111,PT1 1,0.0
mean,2040,21,112,PT1 1,0.0
mean,2040,21,113,PT1 1,0.0
mean,2040,21,114,PT1 1,0.0
mean,2040,21,115,PT1 1,0.0
mean,2040,21,116,PT1 1,0.0
mean,2040,21,117,PT1 1,0.0
mean,2040,21,118,PT1 1,0.0
mean,2040,21,119,PT1 1,0.0
mean,2040,21,120,PT1 1,0.0
mean,2040,21,121,PT1 1,0.0
mean,2040,21,122,PT1 1,0.0
mean,2040,21,123,PT1 1,0.0
mean,2040,21,124,PT1 1,0.0
mean,2040,21,125,PT1 1,0.0
mean,2040,21,126,PT1 1,0.0
mean,2040,21,127,PT1 1,0.0
mean,2040,21,128,PT1 1,0.0
mean,2040,21,129,PT1 1,0.0
mean,2040,21,130,PT1 1,0.0
mean,2040,21,131,PT1 1,0.0
mean,2040,21,132,PT1 1,0.0
mean,2040,21,133,PT1 1,0.0
mean,2040,21,134,PT1 1,0.0
mean,2040,21,135,PT1 1,0.0
mean,2040,21,136,PT1 1,0.0
mean,2040,21,137,PT1 1,0.0
mean,2040,21,138,PT1 1,0.0
mean,2040,21,139,PT1 1,0.0
mean,2040,21,140,PT1 1,0.0
mean,2040,21,141,PT1 1,0.0
mean,2040,21,142,PT1 1,0.0
mean,2040,21,143,PT1 1,0.0
mean,2040,21,144,PT1 1,0.0
mean,2040,21,145,PT1 1,0.0
mean,2040,21,146,PT1 1,0.0
mean,2040,21,147,PT1 1,0.0
mean,2040,21,148,PT1 1,0.0
mean,2040,21,149,PT1 1,0.0
mean,2040,21,150,PT1 1,0.0
mean,2040,21,151,PT1 1,0.0
mean,2040,21,152,PT1 1,0.0
mean,2040,21,153,PT1 1,0.0
mean,2040,21,154,PT1 1,0.0
mean,2040,21,155,PT1 1,0.0
mean,2040,21,156,PT1 1,0.0
mean,2040,21,157,PT1 1,0.0
mean,2040,21,158,PT1 1,0.0
mean,2040,21,159,PT1 1,0.0
mean,2040,21,160,PT1 1,0.0
mean,2040,21,161,PT1 1,0.0
mean,2040,21,162,PT1 1,0.0
mean,2040,21,163,PT1 1,0.0
mean,2040,21,164,PT1 1,0.0
mean,2040,21,165,PT1 1,0.0
mean,2040,21,166,PT1 1,0.0
mean,2040,21,167,PT1 1,0.0
mean,2040,42,0,PT1 1,0.0
mean,2040,42,1,PT1 1,0.0
mean,2040,42,2,PT1 1,0.0
mean,2040,42,3,PT1 1,0.0
mean,2040,42,4,PT1 1,0.0
mean,2040,42,5,PT1 1,0.0
mean,2040,42,6,PT1 1,0.0
mean,2040,42,7,PT1 1,0.0
mean,2040,42,8,PT1 1,0.0
mean,2040,42,9,PT1 1,0.0
mean,2040,42,10,PT1 1,0.0
mean,2040,42,11,PT1 1,0.0
mean,2040,42,12,PT1 1,0.0
mean,2040,42,13,PT1 1,0.0
mean,2040,42,14,PT1 1,0.0
mean,2040,42,15,PT1 1,0.0
mean,2040,42,16,PT1 1,0.0
mean,2040,42,17,PT1 1,0.0
mean,2040,42,18,PT1 1,0.0
mean,2040,42,19,PT1 1,0.0
mean,2040,42,20,PT1 1,0.0
mean,2040,42,21,PT1 1,0.0
mean,2040,42,22,PT1 1,0.0
mean,2040,42,23,PT1 1,0.0
mean,2040,42,24,PT1 1,0.0
mean,2040,42,25,PT1 1,0.0
mean,2040,42,26,PT1 1,0.0
mean,2040,42,27,PT1 1,0.0
mean,2040,42,28,PT1 1,0.0
mean,2040,42,29,PT1 1,0.0
mean,2040,42,30,PT1 1,0.0
mean,2040,42,31,PT1 1,0.0
mean,2040,42,32,PT1 1,0.0
mean,2040,42,33,PT1 1,0.0
mean,2040,42,34,PT1 1,0.0
mean,2040,42,35,PT1 1,0.0
mean,2040,42,36,PT1 1,0.0
mean,2040,42,37,PT1 1,0.0
mean,2040,42,38,PT1 1,0.0
mean,2040,42,39,PT1 1,0.0
mean,2040,42,40,PT1 1,0.0
mean,2040,42,41,PT1 1,0.0
mean,2040,42,42,PT1 1,0.0
mean,2040,42,43,PT1 1,0.0
mean,2040,42,44,PT1 1,0.0
mean,2040,42,45,PT1 1,0.0
mean,2040,42,46,PT1 1,0.0
mean,2040,42,47,PT1 1,0.0
mean,2040,42,48,PT1 1,0.0
mean,2040,42,49,PT1 1,0.0
mean,2040,42,50,PT1 1,0.0
mean,2040,42,51,PT1 1,0.0
mean,2040,42,52,PT1 1,0.0
mean,2040,42,53,PT1 1,0.0
mean,2040,42,54,PT1 1,0.0
mean,2040,42,55,PT1 1,0.0
mean,2040,42,56,PT1 1,0.0
mean,2040,42,57,PT1 1,0.0
mean,2040,42,58,PT1 1,0.0
mean,2040,42,59,PT1 1,0.0
mean,2040,42,60,PT1 1,0.0
mean,2040,42,61,PT1 1,0.0
mean,2040,42,62,PT1 1,0.0
mean,2040,42,63,PT1 1,0.0
mean,2040,42,64,PT1 1,0.0
mean,2040,42,65,PT1 1,0.0
mean,2040,42,66,PT1 1,0.0
mean,2040,42,67,PT1 1,0.0
mean,2040,42,68,PT1 1,0.0
mean,2040,42,69,PT1 1,0.0
mean,2040,42,70,PT1 1,0.0
mean,2040,42,71,PT1 1,0.0
mean,2040,42,72,PT1 1,0.0
mean,2040,42,73,PT1 1,0.0
mean,2040,42,74,PT1 1,0.0
mean,2040,42,75,PT1 1,0.0
mean,2040,42,76,PT1 1,0.0
mean,2040,42,77,PT1 1,0.0
mean,2040,42,78,PT1 1,0.0
mean,2040,42,79,PT1 1,0.0
mean,2040,42,80,PT1 1,0.0
mean,2040,42,81,PT1 1,0.0
mean,2040,42,82,PT1 1,0.0
mean,2040,42,83,PT1 1,0.0
mean,2040,42,84,PT1 1,0.0
mean,2040,42,85,PT1 1,0.0
mean,2040,42,86,PT1 1,0.0
mean,2040,42,87,PT1 1,0.0
mean,2040,42,88,PT1 1,0.0
mean,2040,42,89,PT1 1,0.0
mean,2040,42,90,PT1 1,0.0
mean,2040,42,91,PT1 1,0.0
mean,2040,42,92,PT1 1,0.0
mean,2040,42,93,PT1 1,0.0
mean,2040,42,94,PT1 1,0.0
mean,2040,42,95,PT1 1,0.0
mean,2040,42,96,PT1 1,0.0
mean,2040,42,97,PT1 1,0.0
mean,2040,42,98,PT1 1,0.0
mean,2040,42,99,PT1 1,0.0
mean,2040,42,100,PT1 1,0.0
mean,2040,42,101,PT1 1,0.0
mean,2040,42,102,PT1 1,0.0
mean,2040,42,103,PT1 1,0.0
mean,2040,42,104,PT1 1,0.0
mean,2040,42,105,PT1 1,0.0
mean,2040,42,106,PT1 1,0.0
mean,2040,42,107,PT1 1,0.0
mean,2040,42,108,PT1 1,0.0
mean,2040,42,109,PT1 1,0.0
mean,2040,42,110,PT1 1,0.0
mean,2040,42,111,PT1 1,0.0
mean,2040,42,112,PT1 1,0.0
mean,2040,42,113,PT1 1,0.0
mean,2040,42,114,PT1 1,0.0
mean,2040,42,115,PT1 1,0.0
mean,2040,42,116,PT1 1,0.0
mean,2040,42,117,PT1 1,0.0
mean,2040,42,118,PT1 1,0.0
mean,2040,42,119,PT1 1,0.0
mean,2040,42,120,PT1 1,0.0
mean,2040,42,121,PT1 1,0.0
mean,2040,42,122,PT1 1,0.0
mean,2040,42,123,PT1 1,0.0
mean,2040,42,124,PT1 1,0.0
mean,2040,42,125,PT1 1,0.0
mean,2040,42,126,PT1 1,0.0
mean,2040,42,127,PT1 1,0.0
mean,2040,42,128,PT1 1,0.0
mean,2040,42,129,PT1 1,0.0
mean,2040,42,130,PT1 1,0.0
mean,2040,42,131,PT1 1,0.0
mean,2040,42,132,PT1 1,0.0
mean,2040,42,133,PT1 1,0.0
mean,2040,42,134,PT1 1,0.0
mean,2040,42,135,PT1 1,0.0
mean,2040,42,136,PT1 1,0.0
mean,2040,42,137,PT1 1,0.0
mean,2040,42,138,PT1 1,0.0
mean,2040,42,139,PT1 1,0.0
mean,2040,42,140,PT1 1,0.0
mean,2040,42,141,PT1 1,0.0
mean,2040,42,142,PT1 1,0.0
mean,2040,42,143,PT1 1,0.0
mean,2040,42,144,PT1 1,0.0
mean,2040,42,145,PT1 1,0.0
mean,2040,42,146,PT1 1,0.0
mean,2040,42,147,PT1 1,0.0
mean,2040,42,148,PT1 1,0.0
mean,2040,42,149,PT1 1,0.0
mean,2040,42,150,PT1 1,0.0
mean,2040,42,151,PT1 1,0.0
mean,2040,42,152,PT1 1,0.0
mean,2040,42,153,PT1 1,0.0
mean,2040,42,154,PT1 1,0.0
mean,2040,42,155,PT1 1,0.0
mean,2040,42,156,PT1 1,0.0
mean,2040,42,157,PT1 1,0.0
mean,2040,42,158,PT1 1,0.0
mean,2040,42,159,PT1 1,0.0
mean,2040,42,160,PT1 1,0.0
mean,2040,42,161,PT1 1,0.0
mean,2040,42,162,PT1 1,0.0
mean,2040,42,163,PT1 1,0.0
mean,2040,42,164,PT1 1,0.0
mean,2040,42,165,PT1 1,0.0
mean,2040,42,166,PT1 1,0.0
mean,2040,42,167,PT1 1,0.0
mean,2040,52,0,PT1 1,0.0
mean,2040,52,1,PT1 1,0.0
mean,2040,52,2,PT1 1,0.0
mean,2040,52,3,PT1 1,0.0
mean,2040,52,4,PT1 1,0.0
mean,2040,52,5,PT1 1,0.0
mean,2040,52,6,PT1 1,0.0
mean,2040,52,7,PT1 1,0.0
mean,2040,52,8,PT1 1,0.0
mean,2040,52,9,PT1 1,0.0
mean,2040,52,10,PT1 1,0.0
mean,2040,52,11,PT1 1,0.0
mean,2040,52,12,PT1 1,0.0
mean,2040,52,13,PT1 1,0.0
mean,2040,52,14,PT1 1,0.0
mean,2040,52,15,PT1 1,0.0
mean,2040,52,16,PT1 1,0.0
mean,2040,52,17,PT1 1,0.0
mean,2040,52,18,PT1 1,0.0
mean,2040,52,19,PT1 1,0.0
mean,2040,52,20,PT1 1,0.0
mean,2040,52,21,PT1 1,0.0
mean,2040,52,22,PT1 1,0.0
mean,2040,52,23,PT1 1,0.0
mean,2040,52,24,PT1 1,0.0
mean,2040,52,25,PT1 1,0.0
mean,2040,52,26,PT1 1,0.0
mean,2040,52,27,PT1 1,0.0
mean,2040,52,28,PT1 1,0.0
mean,2040,52,29,PT1 1,0.0
mean,2040,52,30,PT1 1,0.0
mean,2040,52,31,PT1 1,0.0
mean,2040,52,32,PT1 1,0.0
mean,2040,52,33,PT1 1,0.0
mean,2040,52,34,PT1 1,0.0
mean,2040,52,35,PT1 1,0.0
mean,2040,52,36,PT1 1,0.0
mean,2040,52,37,PT1 1,0.0
mean,2040,52,38,PT1 1,0.0
mean,2040,52,39,PT1 1,0.0
mean,2040,52,40,PT1 1,0.0
mean,2040,52,41,PT1 1,0.0
mean,2040,52,42,PT1 1,0.0
mean,2040,52,43,PT1 1,0.0
mean,2040,52,44,PT1 1,0.0
mean,2040,52,45,PT1 1,0.0
mean,2040,52,46,PT1 1,0.0
mean,2040,52,47,PT1 1,0.0
mean,2040,52,48,PT1 1,0.0
mean,2040,52,49,PT1 1,0.0
mean,2040,52,50,PT1 1,0.0
mean,2040,52,51,PT1 1,0.0
mean,2040,52,52,PT1 1,0.0
mean,2040,52,53,PT1 1,0.0
mean,2040,52,54,PT1 1,0.0
mean,2040,52,55,PT1 1,0.0
mean,2040,52,56,PT1 1,0.0
mean,2040,52,57,PT1 1,0.0
mean,2040,52,58,PT1 1,0.0
mean,2040,52,59,PT1 1,0.0
mean,2040,52,60,PT1 1,0.0
mean,2040,52,61,PT1 1,0.0
mean,2040,52,62,PT1 1,0.0
mean,2040,52,63,PT1 1,0.0
mean,2040,52,64,PT1 1,0.0
mean,2040,52,65,PT1 1,0.0
mean,2040,52,66,PT1 1,0.0
mean,2040,52,67,PT1 1,0.0
mean,2040,52,68,PT1 1,0.0
mean,2040,52,69,PT1 1,0.0
mean,2040,52,70,PT1 1,0.0
mean,2040,52,71,PT1 1,0.0
mean,2040,52,72,PT1 1,0.0
mean,2040,52,73,PT1 1,0.0
mean,2040,52,74,PT1 1,0.0
mean,2040,52,75,PT1 1,0.0
mean,2040,52,76,PT1 1,0.0
mean,2040,52,77,PT1 1,0.0
mean,2040,52,78,PT1 1,0.0
mean,2040,52,79,PT1 1,0.0
mean,2040,52,80,PT1 1,0.0
mean,2040,52,81,PT1 1,0.0
mean,2040,52,82,PT1 1,0.0
mean,2040,52,83,PT1 1,0.0
mean,2040,52,84,PT1 1,0.0
mean,2040,52,85,PT1 1,0.0
mean,2040,52,86,PT1 1,0.0
mean,2040,52,87,PT1 1,0.0
mean,2040,52,88,PT1 1,0.0
mean,2040,52,89,PT1 1,0.0
mean,2040,52,90,PT1 1,0.0
mean,2040,52,91,PT1 1,0.0
mean,2040,52,92,PT1 1,0.0
mean,2040,52,93,PT1 1,0.0
mean,2040,52,94,PT1 1,0.0
mean,2040,52,95,PT1 1,0.0
mean,2040,52,96,PT1 1,0.0
mean,2040,52,97,PT1 1,0.0
mean,2040,52,98,PT1 1,0.0
mean,2040,52,99,PT1 1,0.0
mean,2040,52,100,PT1 1,0.0
mean,2040,52,101,PT1 1,0.0
mean,2040,52,102,PT1 1,0.0
mean,2040,52,103,PT1 1,0.0
mean,2040,52,104,PT1 1,0.0
mean,2040,52,105,PT1 1,0.0
mean,2040,52,106,PT1 1,0.0
mean,2040,52,107,PT1 1,0.0
mean,2040,52,108,PT1 1,0.0
mean,2040,52,109,PT1 1,0.0
mean,2040,52,110,PT1 1,0.0
mean,2040,52,111,PT1 1,0.0
mean,2040,52,112,PT1 1,0.0
mean,2040,52,113,PT1 1,0.0
mean,2040,52,114,PT1 1,0.0
mean,2040,52,115,PT1 1,0.0
mean,2040,52,116,PT1 1,0.0
mean,2040,52,117,PT1 1,0.0
mean,2040,52,118,PT1 1,0.0
mean,2040,52,119,PT1 1,0.0
mean,2040,52,120,PT1 1,0.0
mean,2040,52,121,PT1 1,0.0
mean,2040,52,122,PT1 1,0.0
mean,2040,52,123,PT1 1,0.0
mean,2040,52,124,PT1 1,0.0
mean,2040,52,125,PT1 1,0.0
mean,2040,52,126,PT1 1,0.0
mean,2040,52,127,PT1 1,0.0
mean,2040,52,128,PT1 1,0.0
mean,2040,52,129,PT1 1,0.0
mean,2040,52,130,PT1 1,0.0
mean,2040,52,131,PT1 1,0.0
mean,2040,52,132,PT1 1,0.0
mean,2040,52,133,PT1 1,0.0
mean,2040,52,134,PT1 1,0.0
mean,2040,52,135,PT1 1,0.0
mean,2040,52,136,PT1 1,0.0
mean,2040,52,137,PT1 1,0.0
mean,2040,52,138,PT1 1,0.0
mean,2040,52,139,PT1 1,0.0
mean,2040,52,140,PT1 1,0.0
mean,2040,52,141,PT1 1,0.0
mean,2040,52,142,PT1 1,0.0
mean,2040,52,143,PT1 1,0.0
mean,2040,52,144,PT1 1,0.0
mean,2040,52,145,PT1 1,0.0
mean,2040,52,146,PT1 1,0.0
mean,2040,52,147,PT1 1,0.0
mean,2040,52,148,PT1 1,0.0
mean,2040,52,149,PT1 1,0.0
mean,2040,52,150,PT1 1,0.0
mean,2040,52,151,PT1 1,0.0
mean,2040,52,152,PT1 1,0.0
mean,2040,52,153,PT1 1,0.0
mean,2040,52,154,PT1 1,0.0
mean,2040,52,155,PT1 1,0.0
mean,2040,52,156,PT1 1,0.0
mean,2040,52,157,PT1 1,0.0
mean,2040,52,158,PT1 1,0.0
mean,2040,52,159,PT1 1,0.0
mean,2040,52,160,PT1 1,0.0
mean,2040,52,161,PT1 1,0.0
mean,2040,52,162,PT1 1,0.0
mean,2040,52,163,PT1 1,0.0
mean,2040,52,164,PT1 1,0.0
mean,2040,52,165,PT1 1,0.0
mean,2040,52,166,PT1 1,0.0
mean,2040,52,167,PT1 1,0.0
mean,2050,11,0,PT1 1,0.0
mean,2050,11,1,PT1 1,0.0
mean,2050,11,2,PT1 1,0.0
mean,2050,11,3,PT1 1,0.0
mean,2050,11,4,PT1 1,0.0
mean,2050,11,5,PT1 1,0.0
mean,2050,11,6,PT1 1,0.0
mean,2050,11,7,PT1 1,0.0
mean,2050,11,8,PT1 1,0.0
mean,2050,11,9,PT1 1,0.0
mean,2050,11,10,PT1 1,0.0
mean,2050,11,11,PT1 1,0.0
mean,2050,11,12,PT1 1,0.0
mean,2050,11,13,PT1 1,0.0
mean,2050,11,14,PT1 1,0.0
mean,2050,11,15,PT1 1,0.0
mean,2050,11,16,PT1 1,0.0
mean,2050,11,17,PT1 1,0.0
mean,2050,11,18,PT1 1,0.0
mean,2050,11,19,PT1 1,0.0
mean,2050,11,20,PT1 1,0.0
mean,2050,11,21,PT1 1,0.0
mean,2050,11,22,PT1 1,0.0
mean,2050,11,23,PT1 1,0.0
mean,2050,11,24,PT1 1,0.0
mean,2050,11,25,PT1 1,0.0
mean,2050,11,26,PT1 1,0.0
mean,2050,11,27,PT1 1,0.0
mean,2050,11,28,PT1 1,0.0
mean,2050,11,29,PT1 1,0.0
mean,2050,11,30,PT1 1,0.0
mean,2050,11,31,PT1 1,0.0
mean,2050,11,32,PT1 1,0.0
mean,2050,11,33,PT1 1,0.0
mean,2050,11,34,PT1 1,0.0
mean,2050,11,35,PT1 1,0.0
mean,2050,11,36,PT1 1,0.0
mean,2050,11,37,PT1 1,0.0
mean,2050,11,38,PT1 1,0.0
mean,2050,11,39,PT1 1,0.0
mean,2050,11,40,PT1 1,0.0
mean,2050,11,41,PT1 1,0.0
mean,2050,11,42,PT1 1,0.0
mean,2050,11,43,PT1 1,0.0
mean,2050,11,44,PT1 1,0.0
mean,2050,11,45,PT1 1,0.0
mean,2050,11,46,PT1 1,0.0
mean,2050,11,47,PT1 1,0.0
mean,2050,11,48,PT1 1,0.0
mean,2050,11,49,PT1 1,0.0
mean,2050,11,50,PT1 1,0.0
mean,2050,11,51,PT1 1,0.0
mean,2050,11,52,PT1 1,0.0
mean,2050,11,53,PT1 1,0.0
mean,2050,11,54,PT1 1,0.0
mean,2050,11,55,PT1 1,0.0
mean,2050,11,56,PT1 1,0.0
mean,2050,11,57,PT1 1,0.0
mean,2050,11,58,PT1 1,0.0
mean,2050,11,59,PT1 1,0.0
mean,2050,11,60,PT1 1,0.0
mean,2050,11,61,PT1 1,0.0
mean,2050,11,62,PT1 1,0.0
mean,2050,11,63,PT1 1,0.0
mean,2050,11,64,PT1 1,0.0
mean,2050,11,65,PT1 1,0.0
mean,2050,11,66,PT1 1,0.0
mean,2050,11,67,PT1 1,0.0
mean,2050,11,68,PT1 1,0.0
mean,2050,11,69,PT1 1,0.0
mean,2050,11,70,PT1 1,0.0
mean,2050,11,71,PT1 1,0.0
mean,2050,11,72,PT1 1,0.0
mean,2050,11,73,PT1 1,0.0
mean,2050,11,74,PT1 1,0.0
mean,2050,11,75,PT1 1,0.0
mean,2050,11,76,PT1 1,0.0
mean,2050,11,77,PT1 1,0.0
mean,2050,11,78,PT1 1,0.0
mean,2050,11,79,PT1 1,0.0
mean,2050,11,80,PT1 1,0.0
mean,2050,11,81,PT1 1,0.0
mean,2050,11,82,PT1 1,0.0
mean,2050,11,83,PT1 1,0.0
mean,2050,11,84,PT1 1,0.0
mean,2050,11,85,PT1 1,0.0
mean,2050,11,86,PT1 1,0.0
mean,2050,11,87,PT1 1,0.0
mean,2050,11,88,PT1 1,0.0
mean,2050,11,89,PT1 1,0.0
mean,2050,11,90,PT1 1,0.0
mean,2050,11,91,PT1 1,0.0
mean,2050,11,92,PT1 1,0.0
mean,2050,11,93,PT1 1,0.0
mean,2050,11,94,PT1 1,0.0
mean,2050,11,95,PT1 1,0.0
mean,2050,11,96,PT1 1,0.0
mean,2050,11,97,PT1 1,0.0
mean,2050,11,98,PT1 1,0.0
mean,2050,11,99,PT1 1,0.0
mean,2050,11,100,PT1 1,0.0
mean,2050,11,101,PT1 1,0.0
mean,2050,11,102,PT1 1,0.0
mean,2050,11,103,PT1 1,0.0
mean,2050,11,104,PT1 1,0.0
mean,2050,11,105,PT1 1,0.0
mean,2050,11,106,PT1 1,0.0
mean,2050,11,107,PT1 1,0.0
mean,2050,11,108,PT1 1,0.0
mean,2050,11,109,PT1 1,0.0
mean,2050,11,110,PT1 1,0.0
mean,2050,11,111,PT1 1,0.0
mean,2050,11,112,PT1 1,0.0
mean,2050,11,113,PT1 1,0.0
mean,2050,11,114,PT1 1,0.0
mean,2050,11,115,PT1 1,0.0
mean,2050,11,116,PT1 1,0.0
mean,2050,11,117,PT1 1,0.0
mean,2050,11,118,PT1 1,0.0
mean,2050,11,119,PT1 1,0.0
mean,2050,11,120,PT1 1,0.0
mean,2050,11,121,PT1 1,0.0
mean,2050,11,122,PT1 1,0.0
mean,2050,11,123,PT1 1,0.0
mean,2050,11,124,PT1 1,0.0
mean,2050,11,125,PT1 1,0.0
mean,2050,11,126,PT1 1,0.0
mean,2050,11,127,PT1 1,0.0
mean,2050,11,128,PT1 1,0.0
mean,2050,11,129,PT1 1,0.0
mean,2050,11,130,PT1 1,0.0
mean,2050,11,131,PT1 1,0.0
mean,2050,11,132,PT1 1,0.0
mean,2050,11,133,PT1 1,0.0
mean,2050,11,134,PT1 1,0.0
mean,2050,11,135,PT1 1,0.0
mean,2050,11,136,PT1 1,0.0
mean,2050,11,137,PT1 1,0.0
mean,2050,11,138,PT1 1,0.0
mean,2050,11,139,PT1 1,0.0
mean,2050,11,140,PT1 1,0.0
mean,2050,11,141,PT1 1,0.0
mean,2050,11,142,PT1 1,0.0
mean,2050,11,143,PT1 1,0.0
mean,2050,11,144,PT1 1,0.0
mean,2050,11,145,PT1 1,0.0
mean,2050,11,146,PT1 1,0.0
mean,2050,11,147,PT1 1,0.0
mean,2050,11,148,PT1 1,0.0
mean,2050,11,149,PT1 1,0.0
mean,2050,11,150,PT1 1,0.0
mean,2050,11,151,PT1 1,0.0
mean,2050,11,152,PT1 1,0.0
mean,2050,11,153,PT1 1,0.0
mean,2050,11,154,PT1 1,0.0
mean,2050,11,155,PT1 1,0.0
mean,2050,11,156,PT1 1,0.0
mean,2050,11,157,PT1 1,0.0
mean,2050,11,158,PT1 1,0.0
mean,2050,11,159,PT1 1,0.0
mean,2050,11,160,PT1 1,0.0
mean,2050,11,161,PT1 1,0.0
mean,2050,11,162,PT1 1,0.0
mean,2050,11,163,PT1 1,0.0
mean,2050,11,164,PT1 1,0.0
mean,2050,11,165,PT1 1,0.0
mean,2050,11,166,PT1 1,0.0
mean,2050,11,167,PT1 1,0.0
mean,2050,21,0,PT1 1,0.0
mean,2050,21,1,PT1 1,0.0
mean,2050,21,2,PT1 1,0.0
mean,2050,21,3,PT1 1,0.0
mean,2050,21,4,PT1 1,0.0
mean,2050,21,5,PT1 1,0.0
mean,2050,21,6,PT1 1,0.0
mean,2050,21,7,PT1 1,0.0
mean,2050,21,8,PT1 1,0.0
mean,2050,21,9,PT1 1,0.0
mean,2050,21,10,PT1 1,0.0
mean,2050,21,11,PT1 1,0.0
mean,2050,21,12,PT1 1,0.0
mean,2050,21,13,PT1 1,0.0
mean,2050,21,14,PT1 1,0.0
mean,2050,21,15,PT1 1,0.0
mean,2050,21,16,PT1 1,0.0
mean,2050,21,17,PT1 1,0.0
mean,2050,21,18,PT1 1,0.0
mean,2050,21,19,PT1 1,0.0
mean,2050,21,20,PT1 1,0.0
mean,2050,21,21,PT1 1,0.0
mean,2050,21,22,PT1 1,0.0
mean,2050,21,23,PT1 1,0.0
mean,2050,21,24,PT1 1,0.0
mean,2050,21,25,PT1 1,0.0
mean,2050,21,26,PT1 1,0.0
mean,2050,21,27,PT1 1,0.0
mean,2050,21,28,PT1 1,0.0
mean,2050,21,29,PT1 1,0.0
mean,2050,21,30,PT1 1,0.0
mean,2050,21,31,PT1 1,0.0
mean,2050,21,32,PT1 1,0.0
mean,2050,21,33,PT1 1,0.0
mean,2050,21,34,PT1 1,0.0
mean,2050,21,35,PT1 1,0.0
mean,2050,21,36,PT1 1,0.0
mean,2050,21,37,PT1 1,0.0
mean,2050,21,38,PT1 1,0.0
mean,2050,21,39,PT1 1,0.0
mean,2050,21,40,PT1 1,0.0
mean,2050,21,41,PT1 1,0.0
mean,2050,21,42,PT1 1,0.0
mean,2050,21,43,PT1 1,0.0
mean,2050,21,44,PT1 1,0.0
mean,2050,21,45,PT1 1,0.0
mean,2050,21,46,PT1 1,0.0
mean,2050,21,47,PT1 1,0.0
mean,2050,21,48,PT1 1,0.0
mean,2050,21,49,PT1 1,0.0
mean,2050,21,50,PT1 1,0.0
mean,2050,21,51,PT1 1,0.0
mean,2050,21,52,PT1 1,0.0
mean,2050,21,53,PT1 1,0.0
mean,2050,21,54,PT1 1,0.0
mean,2050,21,55,PT1 1,0.0
mean,2050,21,56,PT1 1,0.0
mean,2050,21,57,PT1 1,0.0
mean,2050,21,58,PT1 1,0.0
mean,2050,21,59,PT1 1,0.0
mean,2050,21,60,PT1 1,0.0
mean,2050,21,61,PT1 1,0.0
mean,2050,21,62,PT1 1,0.0
mean,2050,21,63,PT1 1,0.0
mean,2050,21,64,PT1 1,0.0
mean,2050,21,65,PT1 1,0.0
mean,2050,21,66,PT1 1,0.0
mean,2050,21,67,PT1 1,0.0
mean,2050,21,68,PT1 1,0.0
mean,2050,21,69,PT1 1,0.0
mean,2050,21,70,PT1 1,0.0
mean,2050,21,71,PT1 1,0.0
mean,2050,21,72,PT1 1,0.0
mean,2050,21,73,PT1 1,0.0
mean,2050,21,74,PT1 1,0.0
mean,2050,21,75,PT1 1,0.0
mean,2050,21,76,PT1 1,0.0
mean,2050,21,77,PT1 1,0.0
mean,2050,21,78,PT1 1,0.0
mean,2050,21,79,PT1 1,0.0
mean,2050,21,80,PT1 1,0.0
mean,2050,21,81,PT1 1,0.0
mean,2050,21,82,PT1 1,0.0
mean,2050,21,83,PT1 1,0.0
mean,2050,21,84,PT1 1,0.0
mean,2050,21,85,PT1 1,0.0
mean,2050,21,86,PT1 1,0.0
mean,2050,21,87,PT1 1,0.0
mean,2050,21,88,PT1 1,0.0
mean,2050,21,89,PT1 1,0.0
mean,2050,21,90,PT1 1,0.0
mean,2050,21,91,PT1 1,0.0
mean,2050,21,92,PT1 1,0.0
mean,2050,21,93,PT1 1,0.0
mean,2050,21,94,PT1 1,0.0
mean,2050,21,95,PT1 1,0.0
mean,2050,21,96,PT1 1,0.0
mean,2050,21,97,PT1 1,0.0
mean,2050,21,98,PT1 1,0.0
mean,2050,21,99,PT1 1,0.0
mean,2050,21,100,PT1 1,0.0
mean,2050,21,101,PT1 1,0.0
mean,2050,21,102,PT1 1,0.0
mean,2050,21,103,PT1 1,0.0
mean,2050,21,104,PT1 1,0.0
mean,2050,21,105,PT1 1,0.0
mean,2050,21,106,PT1 1,0.0
mean,2050,21,107,PT1 1,0.0
mean,2050,21,108,PT1 1,0.0
mean,2050,21,109,PT1 1,0.0
mean,2050,21,110,PT1 1,0.0
mean,2050,21,111,PT1 1,0.0
mean,2050,21,112,PT1 1,0.0
mean,2050,21,113,PT1 1,0.0
mean,2050,21,114,PT1 1,0.0
mean,2050,21,115,PT1 1,0.0
mean,2050,21,116,PT1 1,0.0
mean,2050,21,117,PT1 1,0.0
mean,2050,21,118,PT1 1,0.0
mean,2050,21,119,PT1 1,0.0
mean,2050,21,120,PT1 1,0.0
mean,2050,21,121,PT1 1,0.0
mean,2050,21,122,PT1 1,0.0
mean,2050,21,123,PT1 1,0.0
mean,2050,21,124,PT1 1,0.0
mean,2050,21,125,PT1 1,0.0
mean,2050,21,126,PT1 1,0.0
mean,2050,21,127,PT1 1,0.0
mean,2050,21,128,PT1 1,0.0
mean,2050,21,129,PT1 1,0.0
mean,2050,21,130,PT1 1,0.0
mean,2050,21,131,PT1 1,0.0
mean,2050,21,132,PT1 1,0.0
mean,2050,21,133,PT1 1,0.0
mean,2050,21,134,PT1 1,0.0
mean,2050,21,135,PT1 1,0.0
mean,2050,21,136,PT1 1,0.0
mean,2050,21,137,PT1 1,0.0
mean,2050,21,138,PT1 1,0.0
mean,2050,21,139,PT1 1,0.0
mean,2050,21,140,PT1 1,0.0
mean,2050,21,141,PT1 1,0.0
mean,2050,21,142,PT1 1,0.0
mean,2050,21,143,PT1 1,0.0
mean,2050,21,144,PT1 1,0.0
mean,2050,21,145,PT1 1,0.0
mean,2050,21,146,PT1 1,0.0
mean,2050,21,147,PT1 1,0.0
mean,2050,21,148,PT1 1,0.0
mean,2050,21,149,PT1 1,0.0
mean,2050,21,150,PT1 1,0.0
mean,2050,21,151,PT1 1,0.0
mean,2050,21,152,PT1 1,0.0
mean,2050,21,153,PT1 1,0.0
mean,2050,21,154,PT1 1,0.0
mean,2050,21,155,PT1 1,0.0
mean,2050,21,156,PT1 1,0.0
mean,2050,21,157,PT1 1,0.0
mean,2050,21,158,PT1 1,0.0
mean,2050,21,159,PT1 1,0.0
mean,2050,21,160,PT1 1,0.0
mean,2050,21,161,PT1 1,0.0
mean,2050,21,162,PT1 1,0.0
mean,2050,21,163,PT1 1,0.0
mean,2050,21,164,PT1 1,0.0
mean,2050,21,165,PT1 1,0.0
mean,2050,21,166,PT1 1,0.0
mean,2050,21,167,PT1 1,0.0
mean,2050,42,0,PT1 1,0.0
mean,2050,42,1,PT1 1,0.0
mean,2050,42,2,PT1 1,0.0
mean,2050,42,3,PT1 1,0.0
mean,2050,42,4,PT1 1,0.0
mean,2050,42,5,PT1 1,0.0
mean,2050,42,6,PT1 1,0.0
mean,2050,42,7,PT1 1,0.0
mean,2050,42,8,PT1 1,0.0
mean,2050,42,9,PT1 1,0.0
mean,2050,42,10,PT1 1,0.0
mean,2050,42,11,PT1 1,0.0
mean,2050,42,12,PT1 1,0.0
mean,2050,42,13,PT1 1,0.0
mean,2050,42,14,PT1 1,0.0
mean,2050,42,15,PT1 1,0.0
mean,2050,42,16,PT1 1,0.0
mean,2050,42,17,PT1 1,0.0
mean,2050,42,18,PT1 1,0.0
mean,2050,42,19,PT1 1,0.0
mean,2050,42,20,PT1 1,0.0
mean,2050,42,21,PT1 1,0.0
mean,2050,42,22,PT1 1,0.0
mean,2050,42,23,PT1 1,0.0
mean,2050,42,24,PT1 1,0.0
mean,2050,42,25,PT1 1,0.0
mean,2050,42,26,PT1 1,0.0
mean,2050,42,27,PT1 1,0.0
mean,2050,42,28,PT1 1,0.0
mean,2050,42,29,PT1 1,0.0
mean,2050,42,30,PT1 1,0.0
mean,2050,42,31,PT1 1,0.0
mean,2050,42,32,PT1 1,0.0
mean,2050,42,33,PT1 1,0.0
mean,2050,42,34,PT1 1,0.0
mean,2050,42,35,PT1 1,0.0
mean,2050,42,36,PT1 1,0.0
mean,2050,42,37,PT1 1,0.0
mean,2050,42,38,PT1 1,0.0
mean,2050,42,39,PT1 1,0.0
mean,2050,42,40,PT1 1,0.0
mean,2050,42,41,PT1 1,0.0
mean,2050,42,42,PT1 1,0.0
mean,2050,42,43,PT1 1,0.0
mean,2050,42,44,PT1 1,0.0
mean,2050,42,45,PT1 1,0.0
mean,2050,42,46,PT1 1,0.0
mean,2050,42,47,PT1 1,0.0
mean,2050,42,48,PT1 1,0.0
mean,2050,42,49,PT1 1,0.0
mean,2050,42,50,PT1 1,0.0
mean,2050,42,51,PT1 1,0.0
mean,2050,42,52,PT1 1,0.0
mean,2050,42,53,PT1 1,0.0
mean,2050,42,54,PT1 1,0.0
mean,2050,42,55,PT1 1,0.0
mean,2050,42,56,PT1 1,0.0
mean,2050,42,57,PT1 1,0.0
mean,2050,42,58,PT1 1,0.0
mean,2050,42,59,PT1 1,0.0
mean,2050,42,60,PT1 1,0.0
mean,2050,42,61,PT1 1,0.0
mean,2050,42,62,PT1 1,0.0
mean,2050,42,63,PT1 1,0.0
mean,2050,42,64,PT1 1,0.0
mean,2050,42,65,PT1 1,0.0
mean,2050,42,66,PT1 1,0.0
mean,2050,42,67,PT1 1,0.0
mean,2050,42,68,PT1 1,0.0
mean,2050,42,69,PT1 1,0.0
mean,2050,42,70,PT1 1,0.0
mean,2050,42,71,PT1 1,0.0
mean,2050,42,72,PT1 1,0.0
mean,2050,42,73,PT1 1,0.0
mean,2050,42,74,PT1 1,0.0
mean,2050,42,75,PT1 1,0.0
mean,2050,42,76,PT1 1,0.0
mean,2050,42,77,PT1 1,0.0
mean,2050,42,78,PT1 1,0.0
mean,2050,42,79,PT1 1,0.0
mean,2050,42,80,PT1 1,0.0
mean,2050,42,81,PT1 1,0.0
mean,2050,42,82,PT1 1,0.0
mean,2050,42,83,PT1 1,0.0
mean,2050,42,84,PT1 1,0.0
mean,2050,42,85,PT1 1,0.0
mean,2050,42,86,PT1 1,0.0
mean,2050,42,87,PT1 1,0.0
mean,2050,42,88,PT1 1,0.0
mean,2050,42,89,PT1 1,0.0
mean,2050,42,90,PT1 1,0.0
mean,2050,42,91,PT1 1,0.0
mean,2050,42,92,PT1 1,0.0
mean,2050,42,93,PT1 1,0.0
mean,2050,42,94,PT1 1,0.0
mean,2050,42,95,PT1 1,0.0
mean,2050,42,96,PT1 1,0.0
mean,2050,42,97,PT1 1,0.0
mean,2050,42,98,PT1 1,0.0
mean,2050,42,99,PT1 1,0.0
mean,2050,42,100,PT1 1,0.0
mean,2050,42,101,PT1 1,0.0
mean,2050,42,102,PT1 1,0.0
mean,2050,42,103,PT1 1,0.0
mean,2050,42,104,PT1 1,0.0
mean,2050,42,105,PT1 1,0.0
mean,2050,42,106,PT1 1,0.0
mean,2050,42,107,PT1 1,0.0
mean,2050,42,108,PT1 1,0.0
mean,2050,42,109,PT1 1,0.0
mean,2050,42,110,PT1 1,0.0
mean,2050,42,111,PT1 1,0.0
mean,2050,42,112,PT1 1,0.0
mean,2050,42,113,PT1 1,0.0
mean,2050,42,114,PT1 1,0.0
mean,2050,42,115,PT1 1,0.0
mean,2050,42,116,PT1 1,0.0
mean,2050,42,117,PT1 1,0.0
mean,2050,42,118,PT1 1,0.0
mean,2050,42,119,PT1 1,0.0
mean,2050,42,120,PT1 1,0.0
mean,2050,42,121,PT1 1,0.0
mean,2050,42,122,PT1 1,0.0
mean,2050,42,123,PT1 1,0.0
mean,2050,42,124,PT1 1,0.0
mean,2050,42,125,PT1 1,0.0
mean,2050,42,126,PT1 1,0.0
mean,2050,42,127,PT1 1,0.0
mean,2050,42,128,PT1 1,0.0
mean,2050,42,129,PT1 1,0.0
mean,2050,42,130,PT1 1,0.0
mean,2050,42,131,PT1 1,0.0
mean,2050,42,132,PT1 1,0.0
mean,2050,42,133,PT1 1,0.0
mean,2050,42,134,PT1 1,0.0
mean,2050,42,135,PT1 1,0.0
mean,2050,42,136,PT1 1,0.0
mean,2050,42,137,PT1 1,0.0
mean,2050,42,138,PT1 1,0.0
mean,2050,42,139,PT1 1,0.0
mean,2050,42,140,PT1 1,0.0
mean,2050,42,141,PT1 1,0.0
mean,2050,42,142,PT1 1,0.0
mean,2050,42,143,PT1 1,0.0
mean,2050,42,144,PT1 1,0.0
mean,2050,42,145,PT1 1,0.0
mean,2050,42,146,PT1 1,0.0
mean,2050,42,147,PT1 1,0.0
mean,2050,42,148,PT1 1,0.0
mean,2050,42,149,PT1 1,0.0
mean,2050,42,150,PT1 1,0.0
mean,2050,42,151,PT1 1,0.0
mean,2050,42,152,PT1 1,0.0
mean,2050,42,153,PT1 1,0.0
mean,2050,42,154,PT1 1,0.0
mean,2050,42,155,PT1 1,0.0
mean,2050,42,156,PT1 1,0.0
mean,2050,42,157,PT1 1,0.0
mean,2050,42,158,PT1 1,0.0
mean,2050,42,159,PT1 1,0.0
mean,2050,42,160,PT1 1,0.0
mean,2050,42,161,PT1 1,0.0
mean,2050,42,162,PT1 1,0.0
mean,2050,42,163,PT1 1,0.0
mean,2050,42,164,PT1 1,0.0
mean,2050,42,165,PT1 1,0.0
mean,2050,42,166,PT1 1,0.0
mean,2050,42,167,PT1 1,0.0
mean,2050,52,0,PT1 1,0.0
mean,2050,52,1,PT1 1,0.0
mean,2050,52,2,PT1 1,0.0
mean,2050,52,3,PT1 1,0.0
mean,2050,52,4,PT1 1,0.0
mean,2050,52,5,PT1 1,0.0
mean,2050,52,6,PT1 1,0.0
mean,2050,52,7,PT1 1,0.0
mean,2050,52,8,PT1 1,0.0
mean,2050,52,9,PT1 1,0.0
mean,2050,52,10,PT1 1,0.0
mean,2050,52,11,PT1 1,0.0
mean,2050,52,12,PT1 1,0.0
mean,2050,52,13,PT1 1,0.0
mean,2050,52,14,PT1 1,0.0
mean,2050,52,15,PT1 1,0.0
mean,2050,52,16,PT1 1,0.0
mean,2050,52,17,PT1 1,0.0
mean,2050,52,18,PT1 1,0.0
mean,2050,52,19,PT1 1,0.0
mean,2050,52,20,PT1 1,0.0
mean,2050,52,21,PT1 1,0.0
mean,2050,52,22,PT1 1,0.0
mean,2050,52,23,PT1 1,0.0
mean,2050,52,24,PT1 1,0.0
mean,2050,52,25,PT1 1,0.0
mean,2050,52,26,PT1 1,0.0
mean,2050,52,27,PT1 1,0.0
mean,2050,52,28,PT1 1,0.0
mean,2050,52,29,PT1 1,0.0
mean,2050,52,30,PT1 1,0.0
mean,2050,52,31,PT1 1,0.0
mean,2050,52,32,PT1 1,0.0
mean,2050,52,33,PT1 1,0.0
mean,2050,52,34,PT1 1,0.0
mean,2050,52,35,PT1 1,0.0
mean,2050,52,36,PT1 1,0.0
mean,2050,52,37,PT1 1,0.0
mean,2050,52,38,PT1 1,0.0
mean,2050,52,39,PT1 1,0.0
mean,2050,52,40,PT1 1,0.0
mean,2050,52,41,PT1 1,0.0
mean,2050,52,42,PT1 1,0.0
mean,2050,52,43,PT1 1,0.0
mean,2050,52,44,PT1 1,0.0
mean,2050,52,45,PT1 1,0.0
mean,2050,52,46,PT1 1,0.0
mean,2050,52,47,PT1 1,0.0
mean,2050,52,48,PT1 1,0.0
mean,2050,52,49,PT1 1,0.0
mean,2050,52,50,PT1 1,0.0
mean,2050,52,51,PT1 1,0.0
mean,2050,52,52,PT1 1,0.0
mean,2050,52,53,PT1 1,0.0
mean,2050,52,54,PT1 1,0.0
mean,2050,52,55,PT1 1,0.0
mean,2050,52,56,PT1 1,0.0
mean,2050,52,57,PT1 1,0.0
mean,2050,52,58,PT1 1,0.0
mean,2050,52,59,PT1 1,0.0
mean,2050,52,60,PT1 1,0.0
mean,2050,52,61,PT1 1,0.0
mean,2050,52,62,PT1 1,0.0
mean,2050,52,63,PT1 1,0.0
mean,2050,52,64,PT1 1,0.0
mean,2050,52,65,PT1 1,0.0
mean,2050,52,66,PT1 1,0.0
mean,2050,52,67,PT1 1,0.0
mean,2050,52,68,PT1 1,0.0
mean,2050,52,69,PT1 1,0.0
mean,2050,52,70,PT1 1,0.0
mean,2050,52,71,PT1 1,0.0
mean,2050,52,72,PT1 1,0.0
mean,2050,52,73,PT1 1,0.0
mean,2050,52,74,PT1 1,0.0
mean,2050,52,75,PT1 1,0.0
mean,2050,52,76,PT1 1,0.0
mean,2050,52,77,PT1 1,0.0
mean,2050,52,78,PT1 1,0.0
mean,2050,52,79,PT1 1,0.0
mean,2050,52,80,PT1 1,0.0
mean,2050,52,81,PT1 1,0.0
mean,2050,52,82,PT1 1,0.0
mean,2050,52,83,PT1 1,0.0
mean,2050,52,84,PT1 1,0.0
mean,2050,52,85,PT1 1,0.0
mean,2050,52,86,PT1 1,0.0
mean,2050,52,87,PT1 1,0.0
mean,2050,52,88,PT1 1,0.0
mean,2050,52,89,PT1 1,0.0
mean,2050,52,90,PT1 1,0.0
mean,2050,52,91,PT1 1,0.0
mean,2050,52,92,PT1 1,0.0
mean,2050,52,93,PT1 1,0.0
mean,2050,52,94,PT1 1,0.0
mean,2050,52,95,PT1 1,0.0
mean,2050,52,96,PT1 1,0.0
mean,2050,52,97,PT1 1,0.0
mean,2050,52,98,PT1 1,0.0
mean,2050,52,99,PT1 1,0.0
mean,2050,52,100,PT1 1,0.0
mean,2050,52,101,PT1 1,0.0
mean,2050,52,102,PT1 1,0.0
mean,2050,52,103,PT1 1,0.0
mean,2050,52,104,PT1 1,0.0
mean,2050,52,105,PT1 1,0.0
mean,2050,52,106,PT1 1,0.0
mean,2050,52,107,PT1 1,0.0
mean,2050,52,108,PT1 1,0.0
mean,2050,52,109,PT1 1,0.0
mean,2050,52,110,PT1 1,0.0
mean,2050,52,111,PT1 1,0.0
mean,2050,52,112,PT1 1,0.0
mean,2050,52,113,PT1 1,0.0
mean,2050,52,114,PT1 1,0.0
mean,2050,52,115,PT1 1,0.0
mean,2050,52,116,PT1 1,0.0
mean,2050,52,117,PT1 1,0.0
mean,2050,52,118,PT1 1,0.0
mean,2050,52,119,PT1 1,0.0
mean,2050,52,120,PT1 1,0.0
mean,2050,52,121,PT1 1,0.0
mean,2050,52,122,PT1 1,0.0
mean,2050,52,123,PT1 1,0.0
mean,2050,52,124,PT1 1,0.0
mean,2050,52,125,PT1 1,0.0
mean,2050,52,126,PT1 1,0.0
mean,2050,52,127,PT1 1,0.0
mean,2050,52,128,PT1 1,0.0
mean,2050,52,129,PT1 1,0.0
mean,2050,52,130,PT1 1,0.0
mean,2050,52,131,PT1 1,0.0
mean,2050,52,132,PT1 1,0.0
mean,2050,52,133,PT1 1,0.0
mean,2050,52,134,PT1 1,0.0
mean,2050,52,135,PT1 1,0.0
mean,2050,52,136,PT1 1,0.0
mean,2050,52,137,PT1 1,0.0
mean,2050,52,138,PT1 1,0.0
mean,2050,52,139,PT1 1,0.0
mean,2050,52,140,PT1 1,0.0
mean,2050,52,141,PT1 1,0.0
mean,2050,52,142,PT1 1,0.0
mean,2050,52,143,PT1 1,0.0
mean,2050,52,144,PT1 1,0.0
mean,2050,52,145,PT1 1,0.0
mean,2050,52,146,PT1 1,0.0
mean,2050,52,147,PT1 1,0.0
mean,2050,52,148,PT1 1,0.0
mean,2050,52,149,PT1 1,0.0
mean,2050,52,150,PT1 1,0.0
mean,2050,52,151,PT1 1,0.0
mean,2050,52,152,PT1 1,0.0
mean,2050,52,153,PT1 1,0.0
mean,2050,52,154,PT1 1,0.0
mean,2050,52,155,PT1 1,0.0
mean,2050,52,156,PT1 1,0.0
mean,2050,52,157,PT1 1,0.0
mean,2050,52,158,PT1 1,0.0
mean,2050,52,159,PT1 1,0.0
mean,2050,52,160,PT1 1,0.0
mean,2050,52,161,PT1 1,0.0
mean,2050,52,162,PT1 1,0.0
mean,2050,52,163,PT1 1,0.0
mean,2050,52,164,PT1 1,0.0
mean,2050,52,165,PT1 1,0.0
mean,2050,52,166,PT1 1,0.0
mean,2050,52,167,PT1 1,0.0
